1479738657533,1.430000,1.420000,2700,1.440000,1200,0.700000,0.010000
1479738659538,1.430000,1.420000,2700,1.440000,1200,0.700000,0.010000
1479738661523,1.430000,1.420000,2700,1.440000,1200,0.700000,0.010000
1479738663011,1.430000,1.420000,2700,1.440000,1200,0.700000,0.010000
1479738674561,1.430000,1.420000,2700,1.440000,1200,0.700000,0.010000
1479738676593,1.430000,1.420000,2700,1.440000,1200,0.700000,0.010000
1479738678569,1.430000,1.420000,2700,1.440000,1200,0.700000,0.010000
1479738681036,1.430000,1.420000,2700,1.440000,1200,0.700000,0.010000
1479738683054,1.430000,1.420000,2700,1.440000,1200,0.700000,0.010000
1479738685060,1.430000,1.420000,2700,1.440000,1200,0.700000,0.010000
1479738687052,1.430000,1.420000,2700,1.440000,1200,0.700000,0.010000
1479738688553,1.430000,1.420000,2700,1.440000,1200,0.700000,0.010000
1479738690604,1.430000,1.420000,2700,1.440000,1200,0.700000,0.010000
1479738693552,1.430000,1.420000,2700,1.440000,1200,0.700000,0.010000
1479738695576,1.430000,1.420000,2700,1.440000,1200,0.700000,0.010000
1479738697560,1.430000,1.420000,2700,1.440000,1200,0.700000,0.010000
1479738699590,1.430000,1.420000,2700,1.440000,1200,0.700000,0.010000
1479738701590,1.430000,1.420000,2700,1.440000,1200,0.700000,0.010000
1479738703533,1.430000,1.420000,2700,1.440000,1200,0.700000,0.010000
1479738705601,1.430000,1.420000,2700,1.440000,1200,0.700000,0.010000
1479738707113,1.430000,1.420000,2700,1.440000,1200,0.700000,0.010000
1479738709569,1.430000,1.420000,2700,1.440000,1200,0.700000,0.010000
1479738711546,1.430000,1.420000,2700,1.440000,1200,0.700000,0.010000
1479738713587,1.430000,1.420000,2700,1.440000,1200,0.700000,0.010000
1479738716042,1.430000,1.420000,2700,1.440000,1200,0.700000,0.010000
1479738717118,1.430000,1.420000,2700,1.440000,1200,0.700000,0.010000
1479738720108,1.430000,1.420000,2700,1.440000,1200,0.700000,0.010000
1479738722107,1.430000,1.420000,2700,1.440000,1200,0.700000,0.010000
1479738724123,1.430000,1.420000,2700,1.440000,1200,0.700000,0.010000
1479738726073,1.430000,1.420000,2700,1.440000,1200,0.700000,0.010000
1479738728400,1.430000,1.420000,2700,1.440000,1200,0.700000,0.010000
1479738729398,1.430000,1.420000,2700,1.440000,1200,0.700000,0.010000
1479738732411,1.430000,1.420000,2700,1.440000,1200,0.700000,0.010000
1479738734908,1.430000,1.420000,2700,1.440000,1200,0.700000,0.010000
1479738736896,1.430000,1.420000,2700,1.440000,1200,0.700000,0.010000
1479738738905,1.430000,1.420000,2700,1.440000,1200,0.700000,0.010000
1479738740891,1.430000,1.420000,2700,1.440000,1200,0.700000,0.010000
1479738742906,1.430000,1.420000,2700,1.440000,1200,0.700000,0.010000
1479738743914,1.430000,1.420000,2700,1.440000,1200,0.700000,0.010000
1479738746949,1.430000,1.420000,2700,1.440000,1200,0.700000,0.010000
1479738748434,1.430000,1.420000,2700,1.440000,1200,0.700000,0.010000
1479738750924,1.430000,1.420000,2700,1.440000,1200,0.700000,0.010000
1479738753421,1.430000,1.420000,2700,1.440000,1200,0.700000,0.010000
1479738755454,1.430000,1.420000,2700,1.440000,1200,0.700000,0.010000
1479738757415,1.430000,1.420000,2700,1.440000,1200,0.700000,0.010000
1479738759410,1.430000,1.420000,2700,1.440000,1200,0.700000,0.010000
1479738761432,1.430000,1.420000,2700,1.440000,1200,0.700000,0.010000
1479738763429,1.430000,1.420000,2700,1.440000,1200,0.700000,0.010000
1479738765941,1.430000,1.420000,2700,1.440000,1200,0.700000,0.010000
1479738767458,1.430000,1.420000,2700,1.440000,1200,0.700000,0.010000
1479738769978,1.430000,1.420000,2700,1.440000,1200,0.700000,0.010000
1479738771941,1.430000,1.420000,2700,1.440000,1200,0.700000,0.010000
1479738773449,1.430000,1.420000,2700,1.440000,1200,0.700000,0.010000
1479738775928,1.430000,1.420000,2700,1.440000,1200,0.700000,0.010000
1479738777913,1.430000,1.420000,2700,1.440000,1200,0.700000,0.010000
1479738779947,1.430000,1.420000,2700,1.440000,1200,0.700000,0.010000
1479738782422,1.430000,1.420000,2700,1.440000,1200,0.700000,0.010000
1479738784462,1.430000,1.420000,2700,1.440000,1200,0.700000,0.010000
1479738786446,1.430000,1.420000,2700,1.440000,1200,0.700000,0.010000
1479738788461,1.430000,1.420000,2700,1.440000,1200,0.700000,0.010000
1479738790479,1.430000,1.420000,2700,1.440000,1200,0.700000,0.010000
1479738792447,1.430000,1.420000,2700,1.440000,1200,0.700000,0.010000
1479738794517,1.430000,1.420000,2700,1.440000,1200,0.700000,0.010000
1479738796464,1.430000,1.420000,2700,1.440000,1200,0.700000,0.010000
1479738798464,1.430000,1.420000,2700,1.440000,1200,0.700000,0.010000
1479738799460,1.430000,1.420000,2700,1.440000,1200,0.700000,0.010000
1479738801934,1.430000,1.420000,2700,1.440000,1200,0.700000,0.010000
1479738803971,1.430000,1.420000,2700,1.440000,1200,0.700000,0.010000
1479738806469,1.430000,1.420000,2700,1.440000,1200,0.700000,0.010000
1479738808461,1.430000,1.420000,2700,1.440000,1200,0.700000,0.010000
1479738810954,1.430000,1.420000,2700,1.440000,1200,0.700000,0.010000
1479738812949,1.430000,1.420000,2700,1.440000,1200,0.700000,0.010000
1479738814960,1.430000,1.420000,2700,1.440000,1200,0.700000,0.010000
1479738816974,1.430000,1.420000,2700,1.440000,1200,0.700000,0.010000
1479738818966,1.430000,1.420000,2700,1.440000,1200,0.700000,0.010000
1479738820979,1.430000,1.420000,2700,1.440000,1200,0.700000,0.010000
1479738823479,1.430000,1.420000,2700,1.440000,1200,0.700000,0.010000
1479738825476,1.430000,1.420000,2700,1.440000,1200,0.700000,0.010000
1479738827477,1.430000,1.420000,2700,1.440000,1200,0.700000,0.010000
1479738829014,1.430000,1.420000,2700,1.440000,1200,0.700000,0.010000
1479738830967,1.430000,1.420000,2700,1.440000,1200,0.700000,0.010000
1479738833485,1.430000,1.420000,2700,1.440000,1200,0.700000,0.010000
1479738835491,1.430000,1.420000,2700,1.440000,1200,0.700000,0.010000
1479738837503,1.430000,1.420000,2700,1.440000,1200,0.700000,0.010000
1479738839959,1.430000,1.420000,2700,1.440000,1200,0.700000,0.010000
1479738841973,1.430000,1.420000,2700,1.440000,1200,0.700000,0.010000
1479738843997,1.430000,1.420000,2700,1.440000,1200,0.700000,0.010000
1479738846069,1.430000,1.420000,2700,1.440000,1200,0.700000,0.010000
1479738846989,1.430000,1.420000,2700,1.440000,1200,0.700000,0.010000
1479738850045,1.442400,1.420000,2700,1.450000,1000,1.580000,0.022400
1479738851990,1.442400,1.420000,2700,1.450000,1000,1.580000,0.022400
1479738853496,1.442400,1.420000,2700,1.450000,1000,1.580000,0.022400
1479738855984,1.442400,1.420000,2700,1.450000,1000,1.580000,0.022400
1479738858008,1.442400,1.420000,2700,1.450000,1000,1.580000,0.022400
1479738860514,1.442400,1.420000,2700,1.450000,1000,1.580000,0.022400
1479738862498,1.442400,1.420000,2700,1.450000,1000,1.580000,0.022400
1479738864514,1.442400,1.420000,2700,1.450000,1000,1.580000,0.022400
1479738866501,1.442400,1.420000,2700,1.450000,1000,1.580000,0.022400
1479738868497,1.442400,1.420000,2700,1.450000,1000,1.580000,0.022400
1479738870552,1.442400,1.420000,2700,1.450000,1000,1.580000,0.022400
1479738872496,1.442400,1.420000,2700,1.450000,1000,1.580000,0.022400
1479738874000,1.442400,1.420000,2700,1.450000,1000,1.580000,0.022400
1479738876530,1.442400,1.420000,2700,1.450000,1000,1.580000,0.022400
1479738878510,1.442400,1.420000,2700,1.450000,1000,1.580000,0.022400
1479738880989,1.442400,1.420000,2700,1.450000,1000,1.580000,0.022400
1479738883027,1.442400,1.420000,2700,1.450000,1000,1.580000,0.022400
1479738885024,1.442400,1.420000,2700,1.450000,1000,1.580000,0.022400
1479738886033,1.442400,1.420000,2700,1.450000,1000,1.580000,0.022400
1479738888537,1.442400,1.420000,2700,1.450000,1000,1.580000,0.022400
1479738891085,1.442400,1.420000,2700,1.450000,1000,1.580000,0.022400
1479738893032,1.442400,1.420000,2700,1.450000,1000,1.580000,0.022400
1479738895026,1.442400,1.420000,2700,1.450000,1000,1.580000,0.022400
1479738897032,1.442400,1.420000,2700,1.450000,1000,1.580000,0.022400
1479738899014,1.442400,1.420000,2700,1.450000,1000,1.580000,0.022400
1479738901569,1.442400,1.420000,2700,1.450000,1000,1.580000,0.022400
1479738903560,1.442400,1.420000,2700,1.450000,1000,1.580000,0.022400
1479738905535,1.442400,1.420000,2700,1.450000,1000,1.580000,0.022400
1479738907035,1.442400,1.420000,2700,1.450000,1000,1.580000,0.022400
1479738909027,1.442400,1.420000,2700,1.450000,1000,1.580000,0.022400
1479738912047,1.442400,1.420000,2700,1.450000,1000,1.580000,0.022400
1479738914048,1.442400,1.420000,2700,1.450000,1000,1.580000,0.022400
1479738915541,1.442400,1.420000,2700,1.450000,1000,1.580000,0.022400
1479738916583,1.442400,1.420000,2700,1.450000,1000,1.580000,0.022400
1479738920039,1.442400,1.420000,2700,1.450000,1000,1.580000,0.022400
1479738921538,1.442400,1.420000,2700,1.450000,1000,1.580000,0.022400
1479738924048,1.442400,1.420000,2700,1.450000,1000,1.580000,0.022400
1479738926556,1.442400,1.420000,2700,1.450000,1000,1.580000,0.022400
1479738928549,1.443400,1.420000,2700,1.450000,1000,1.650000,0.023400
1479738930593,1.443400,1.420000,2700,1.450000,1000,1.650000,0.023400
1479738932611,1.435000,1.420000,2700,1.450000,1000,1.060000,0.015000
1479738934543,1.435000,1.420000,2700,1.450000,1000,1.060000,0.015000
1479738936026,1.435000,1.420000,2700,1.450000,1000,1.060000,0.015000
1479738938550,1.435000,1.420000,2700,1.450000,1000,1.060000,0.015000
1479738940544,1.435000,1.420000,2700,1.450000,1000,1.060000,0.015000
1479738942558,1.435000,1.420000,2700,1.450000,1000,1.060000,0.015000
1479738944606,1.435000,1.420000,2700,1.450000,1000,1.060000,0.015000
1479738946118,1.439500,1.420000,2700,1.450000,1000,1.370000,0.019500
1479738949059,1.439500,1.420000,2700,1.450000,1000,1.370000,0.019500
1479738951076,1.430000,1.430000,1700,1.450000,1000,0.700000,0.010000
1479738953061,1.430000,1.430000,1700,1.450000,1000,0.700000,0.010000
1479738954070,1.430000,1.430000,1700,1.450000,1000,0.700000,0.010000
1479738956568,1.430000,1.430000,1700,1.450000,1000,0.700000,0.010000
1479738959425,1.430000,1.430000,1700,1.450000,1000,0.700000,0.010000
1479738961431,1.430000,1.430000,1700,1.450000,1000,0.700000,0.010000
1479738963412,1.430000,1.430000,1700,1.450000,1000,0.700000,0.010000
1479738964913,1.430000,1.430000,1700,1.450000,1000,0.700000,0.010000
1479738967398,1.430000,1.430000,1700,1.450000,1000,0.700000,0.010000
1479738969414,1.430000,1.430000,1700,1.450000,1000,0.700000,0.010000
1479738971408,1.430000,1.430000,1700,1.450000,1000,0.700000,0.010000
1479738973427,1.430000,1.430000,1700,1.450000,1000,0.700000,0.010000
1479738974910,1.430000,1.430000,1700,1.450000,1000,0.700000,0.010000
1479738977911,1.430000,1.430000,1700,1.450000,1000,0.700000,0.010000
1479738978962,1.430000,1.430000,1700,1.450000,1000,0.700000,0.010000
1479738981924,1.430000,1.430000,1700,1.450000,1000,0.700000,0.010000
1479738983912,1.440800,1.430000,1700,1.450000,1000,1.460000,0.020800
1479738986401,1.440800,1.430000,1700,1.450000,1000,1.460000,0.020800
1479738987911,1.440800,1.430000,1700,1.450000,1000,1.460000,0.020800
1479738989974,1.440800,1.430000,1700,1.450000,1000,1.460000,0.020800
1479738992490,1.440800,1.430000,1700,1.450000,1000,1.460000,0.020800
1479738994452,1.440800,1.430000,1700,1.450000,1400,1.460000,0.020800
1479738996436,1.440800,1.430000,1700,1.450000,1400,1.460000,0.020800
1479738998454,1.440800,1.430000,1700,1.450000,1400,1.460000,0.020800
1479739000432,1.430200,1.430000,1700,1.450000,1400,0.720000,0.010200
1479739002472,1.430200,1.430000,1700,1.450000,1400,0.720000,0.010200
1479739004445,1.430200,1.430000,1700,1.450000,1400,0.720000,0.010200
1479739005937,1.430200,1.430000,1700,1.450000,1400,0.720000,0.010200
1479739008488,1.430200,1.430000,1700,1.450000,1400,0.720000,0.010200
1479739010970,1.430200,1.430000,1700,1.450000,1400,0.720000,0.010200
1479739012956,1.430200,1.430000,1700,1.450000,1400,0.720000,0.010200
1479739014964,1.430200,1.430000,1700,1.450000,1400,0.720000,0.010200
1479739016962,1.430200,1.430000,1700,1.450000,1400,0.720000,0.010200
1479739018984,1.430200,1.430000,1700,1.450000,1400,0.720000,0.010200
1479739020437,1.430200,1.430000,1700,1.450000,1400,0.720000,0.010200
1479739022949,1.430200,1.430000,1700,1.450000,1400,0.720000,0.010200
1479739024453,1.448300,1.430000,1700,1.450000,1400,1.990000,0.028300
1479739025986,1.440000,1.430000,2200,1.450000,1400,1.410000,0.020000
1479739029450,1.440000,1.430000,2200,1.450000,1400,1.410000,0.020000
1479739030988,1.440000,1.430000,2200,1.450000,1400,1.410000,0.020000
1479739033044,1.440000,1.430000,2200,1.450000,1400,1.410000,0.020000
1479739035507,1.440000,1.430000,2200,1.450000,1400,1.410000,0.020000
1479739037493,1.440000,1.430000,2200,1.450000,1400,1.410000,0.020000
1479739039472,1.440000,1.430000,2200,1.450000,1400,1.410000,0.020000
1479739041476,1.440000,1.430000,2200,1.450000,1400,1.410000,0.020000
1479739043461,1.440000,1.430000,2200,1.450000,1400,1.410000,0.020000
1479739045010,1.440000,1.430000,2200,1.450000,1400,1.410000,0.020000
1479739047466,1.440000,1.430000,2200,1.450000,1400,1.410000,0.020000
1479739049490,1.440000,1.430000,2200,1.450000,1400,1.410000,0.020000
1479739051981,1.440000,1.430000,2200,1.450000,1400,1.410000,0.020000
1479739053498,1.440000,1.430000,2200,1.450000,1400,1.410000,0.020000
1479739055980,1.440000,1.430000,2200,1.450000,1400,1.410000,0.020000
1479739058034,1.440000,1.430000,2200,1.450000,1400,1.410000,0.020000
1479739060023,1.440000,1.430000,2200,1.450000,1400,1.410000,0.020000
1479739062031,1.440000,1.430000,2200,1.450000,1400,1.410000,0.020000
1479739063963,1.440000,1.430000,2200,1.450000,1400,1.410000,0.020000
1479739065465,1.440000,1.430000,2200,1.450000,1400,1.410000,0.020000
1479739067965,1.440000,1.430000,2200,1.450000,1400,1.410000,0.020000
1479739069991,1.440800,1.430000,2200,1.450000,1400,1.460000,0.020800
1479739071997,1.440800,1.430000,2200,1.450000,1400,1.460000,0.020800
1479739074095,1.440800,1.430000,2200,1.450000,1400,1.460000,0.020800
1479739076488,1.440000,1.430000,2200,1.450000,1400,1.410000,0.020000
1479739078496,1.440000,1.430000,2200,1.450000,1400,1.410000,0.020000
1479739080486,1.440000,1.430000,2200,1.450000,1400,1.410000,0.020000
1479739082517,1.440000,1.430000,2200,1.450000,1400,1.410000,0.020000
1479739084481,1.440000,1.430000,2200,1.450000,1400,1.410000,0.020000
1479739086501,1.440000,1.430000,2200,1.450000,1400,1.410000,0.020000
1479739088495,1.440000,1.430000,2200,1.450000,1400,1.410000,0.020000
1479739090503,1.435300,1.430000,2200,1.450000,1400,1.080000,0.015300
1479739091511,1.435300,1.430000,2200,1.450000,1400,1.080000,0.015300
1479739094564,1.435300,1.430000,2200,1.450000,1400,1.080000,0.015300
1479739096481,1.435300,1.430000,2200,1.450000,1400,1.080000,0.015300
1479739099019,1.435300,1.430000,2200,1.450000,1400,1.080000,0.015300
1479739101016,1.435300,1.430000,2200,1.450000,1400,1.080000,0.015300
1479739103006,1.435300,1.430000,2200,1.450000,1400,1.080000,0.015300
1479739105009,1.435300,1.430000,2200,1.450000,1400,1.080000,0.015300
1479739106524,1.435300,1.430000,2200,1.450000,1400,1.080000,0.015300
1479739109007,1.435300,1.430000,2200,1.450000,1400,1.080000,0.015300
1479739111028,1.435300,1.430000,2200,1.450000,1400,1.080000,0.015300
1479739113028,1.435300,1.430000,2200,1.450000,1400,1.080000,0.015300
1479739114521,1.435300,1.430000,2200,1.450000,1400,1.080000,0.015300
1479739117023,1.435300,1.430000,2200,1.450000,1400,1.080000,0.015300
1479739119037,1.435300,1.430000,2200,1.450000,1400,1.080000,0.015300
1479739121013,1.435300,1.430000,2200,1.450000,1400,1.080000,0.015300
1479739123537,1.435300,1.430000,2200,1.450000,1400,1.080000,0.015300
1479739125537,1.435300,1.430000,2200,1.450000,1400,1.080000,0.015300
1479739127563,1.439900,1.430000,2200,1.440000,100,1.400000,0.019900
1479739129513,1.439900,1.430000,2200,1.440000,100,1.400000,0.019900
1479739131527,1.440000,1.430000,2200,1.450000,1400,1.410000,0.020000
1479739133537,1.440000,1.430000,2200,1.450000,1400,1.410000,0.020000
1479739135584,1.450000,1.430000,2200,1.450000,100,2.110000,0.030000
1479739136576,1.450000,1.430000,2200,1.450000,100,2.110000,0.030000
1479739139537,1.440000,1.430000,2200,1.450000,100,1.410000,0.020000
1479739141561,1.440000,1.430000,2200,1.450000,100,1.410000,0.020000
1479739144047,1.442800,1.430000,2200,1.450000,100,1.610000,0.022800
1479739145554,1.442400,1.430000,2200,1.450000,100,1.580000,0.022400
1479739148089,1.442400,1.430000,2200,1.450000,100,1.580000,0.022400
1479739150082,1.440000,1.430000,2200,1.450000,100,1.410000,0.020000
1479739152070,1.440000,1.430000,2200,1.450000,100,1.410000,0.020000
1479739154071,1.440000,1.430000,2200,1.450000,100,1.410000,0.020000
1479739156087,1.440000,1.430000,2200,1.450000,100,1.410000,0.020000
1479739158045,1.445000,1.440000,2300,1.450000,100,1.760000,0.025000
1479739160057,1.445000,1.440000,2300,1.450000,100,1.760000,0.025000
1479739162107,1.445000,1.440000,2300,1.450000,100,1.760000,0.025000
1479739164091,1.445000,1.440000,2300,1.450000,100,1.760000,0.025000
1479739166585,1.445000,1.440000,2300,1.450000,100,1.760000,0.025000
1479739168547,1.445000,1.440000,2300,1.450000,100,1.760000,0.025000
1479739170563,1.445000,1.440000,2300,1.450000,100,1.760000,0.025000
1479739172558,1.447800,1.440000,2300,1.450000,100,1.960000,0.027800
1479739175081,1.450000,1.440000,3300,1.460000,100,2.110000,0.030000
1479739177617,1.450000,1.440000,3300,1.460000,100,2.110000,0.030000
1479739180062,1.450400,1.440000,8300,1.470000,100,2.140000,0.030400
1479739182072,1.460000,1.440000,8300,1.470000,100,2.820000,0.040000
1479739184062,1.460000,1.440000,8300,1.470000,100,2.820000,0.040000
1479739185081,1.460000,1.440000,8300,1.470000,100,2.820000,0.040000
1479739187904,1.460000,1.450000,10000,1.470000,4000,2.820000,0.040000
1479739190394,1.460000,1.450000,10000,1.470000,4000,2.820000,0.040000
1479739191906,1.460000,1.450000,10000,1.470000,4000,2.820000,0.040000
1479739194396,1.458500,1.450000,10000,1.470000,4000,2.710000,0.038500
1479739196398,1.458500,1.450000,10000,1.470000,4000,2.710000,0.038500
1479739198401,1.460000,1.450000,10000,1.470000,4000,2.820000,0.040000
1479739200425,1.460000,1.450000,10000,1.470000,4000,2.820000,0.040000
1479739202419,1.460000,1.450000,10000,1.470000,4000,2.820000,0.040000
1479739204922,1.450000,1.450000,10000,1.470000,4000,2.110000,0.030000
1479739206912,1.460000,1.460000,2200,1.470000,4000,2.820000,0.040000
1479739208974,1.464100,1.460000,16000,1.470000,4000,3.110000,0.044100
1479739210912,1.467500,1.460000,16000,1.470000,4000,3.350000,0.047500
1479739212923,1.466200,1.460000,16000,1.470000,4000,3.250000,0.046200
1479739214922,1.465000,1.460000,16000,1.470000,4000,3.170000,0.045000
1479739216912,1.470000,1.460000,16000,1.470000,4000,3.520000,0.050000
1479739218918,1.470000,1.460000,16000,1.470000,4000,3.520000,0.050000
1479739220964,1.469900,1.460000,16000,1.470000,4000,3.510000,0.049900
1479739222903,1.470000,1.460000,16000,1.470000,3900,3.520000,0.050000
1479739225446,1.470000,1.460000,16000,1.470000,3900,3.520000,0.050000
1479739227440,1.470000,1.460000,16000,1.470000,3900,3.520000,0.050000
1479739228959,1.470000,1.460000,16000,1.470000,3900,3.520000,0.050000
1479739231472,1.470000,1.460000,16000,1.470000,3900,3.520000,0.050000
1479739233442,1.469600,1.460000,16000,1.470000,3900,3.490000,0.049600
1479739233947,1.468600,1.460000,16000,1.470000,3900,3.420000,0.048600
1479739236968,1.468600,1.460000,16000,1.470000,3900,3.420000,0.048600
1479739238972,1.468600,1.460000,16000,1.470000,3900,3.420000,0.048600
1479739241439,1.466200,1.460000,16000,1.470000,3900,3.250000,0.046200
1479739243429,1.466200,1.460000,16000,1.470000,3900,3.250000,0.046200
1479739245937,1.466100,1.460000,15000,1.470000,3800,3.250000,0.046100
1479739247454,1.465600,1.460000,15000,1.470000,3800,3.210000,0.045600
1479739249986,1.465600,1.460000,15000,1.470000,3800,3.210000,0.045600
1479739251958,1.465500,1.460000,15000,1.470000,3800,3.200000,0.045500
1479739253949,1.470000,1.460000,15000,1.470000,2800,3.520000,0.050000
1479739255458,1.485000,1.460000,15000,1.490000,100,4.580000,0.065000
1479739257948,1.485000,1.460000,15000,1.490000,100,4.580000,0.065000
1479739259945,1.485000,1.460000,15000,1.490000,100,4.580000,0.065000
1479739261960,1.480000,1.460000,15000,1.490000,100,4.230000,0.060000
1479739263991,1.480000,1.460000,15000,1.490000,100,4.230000,0.060000
1479739265964,1.480000,1.480000,8700,1.490000,100,4.230000,0.060000
1479739267971,1.480100,1.480000,8700,1.490000,100,4.230000,0.060100
1479739270463,1.485000,1.480000,8700,1.490000,100,4.580000,0.065000
1479739272454,1.489200,1.480000,8700,1.490000,100,4.870000,0.069200
1479739274475,1.485000,1.480000,8700,1.490000,100,4.580000,0.065000
1479739276505,1.486400,1.480000,8700,1.490000,100,4.680000,0.066400
1479739278499,1.482300,1.480000,8700,1.490000,100,4.390000,0.062300
1479739280479,1.485400,1.480000,8700,1.490000,100,4.610000,0.065400
1479739282462,1.485000,1.480000,8700,1.490000,100,4.580000,0.065000
1479739284485,1.482300,1.480000,8700,1.490000,100,4.390000,0.062300
1479739286986,1.482300,1.480000,13700,1.490000,100,4.390000,0.062300
1479739289006,1.482300,1.480000,13700,1.490000,100,4.390000,0.062300
1479739290974,1.485000,1.480000,13700,1.490000,100,4.580000,0.065000
1479739292973,1.485500,1.480000,13700,1.490000,100,4.610000,0.065500
1479739295033,1.487800,1.480000,13700,1.490000,100,4.770000,0.067800
1479739296986,1.485000,1.480000,13700,1.490000,100,4.580000,0.065000
1479739299024,1.485000,1.480000,13700,1.490000,100,4.580000,0.065000
1479739300976,1.485000,1.480000,13700,1.500000,100,4.580000,0.065000
1479739303548,1.499500,1.480000,13700,1.500000,100,5.600000,0.079500
1479739305005,1.480100,1.480000,13700,1.500000,100,4.230000,0.060100
1479739307526,1.494900,1.480000,13700,1.500000,100,5.270000,0.074900
1479739309518,1.494900,1.480000,13700,1.500000,100,5.270000,0.074900
1479739311506,1.499900,1.480000,14400,1.500000,2000,5.630000,0.079900
1479739313509,1.499900,1.480000,14400,1.500000,2000,5.630000,0.079900
1479739315481,1.498900,1.480000,14400,1.500000,1800,5.560000,0.078900
1479739317511,1.498600,1.480000,14400,1.500000,1800,5.540000,0.078600
1479739319504,1.498600,1.480000,14400,1.500000,1800,5.540000,0.078600
1479739321571,1.498600,1.480000,14400,1.500000,1800,5.540000,0.078600
1479739324005,1.498600,1.480000,14400,1.500000,1800,5.540000,0.078600
1479739326012,1.498600,1.490000,1000,1.500000,1800,5.540000,0.078600
1479739328003,1.498600,1.490000,1100,1.500000,1800,5.540000,0.078600
1479739330001,1.500000,1.490000,1100,1.500000,1300,5.630000,0.080000
1479739332010,1.508700,1.500000,1100,1.520000,100,6.250000,0.088700
1479739334038,1.510000,1.500000,1100,1.520000,100,6.340000,0.090000
1479739335997,1.510000,1.500000,1100,1.520000,100,6.340000,0.090000
1479739337613,1.510000,1.500000,1100,1.520000,100,6.340000,0.090000
1479739340523,1.502800,1.500000,2000,1.520000,100,5.830000,0.082800
1479739342495,1.500000,1.480000,9400,1.500000,6600,5.630000,0.080000
1479739344517,1.500000,1.480000,9400,1.500000,6600,5.630000,0.080000
1479739346495,1.490800,1.480000,9400,1.500000,6600,4.990000,0.070800
1479739348492,1.481700,1.480000,9400,1.500000,300,4.350000,0.061700
1479739350039,1.490400,1.480000,9400,1.530000,100,4.960000,0.070400
1479739352554,1.490400,1.490000,400,1.530000,200,4.960000,0.070400
1479739354518,1.490400,1.490000,400,1.530000,200,4.960000,0.070400
1479739357015,1.490400,1.490000,400,1.530000,100,4.960000,0.070400
1479739359038,1.490400,1.490000,400,1.530000,100,4.960000,0.070400
1479739361040,1.490400,1.500000,1000,1.520000,2000,4.960000,0.070400
1479739363052,1.512400,1.500000,1000,1.520000,2000,6.510000,0.092400
1479739364559,1.512400,1.500000,1000,1.520000,2000,6.510000,0.092400
1479739367079,1.512400,1.500000,1000,1.520000,2000,6.510000,0.092400
1479739369031,1.510000,1.500000,1000,1.520000,2000,6.340000,0.090000
1479739370533,1.510000,1.500000,1000,1.520000,2000,6.340000,0.090000
1479739373042,1.510000,1.500000,1000,1.520000,2000,6.340000,0.090000
1479739375037,1.514900,1.500000,1000,1.520000,2000,6.680000,0.094900
1479739377015,1.514900,1.500000,1000,1.520000,2000,6.680000,0.094900
1479739379075,1.514900,1.500000,200,1.520000,2000,6.680000,0.094900
1479739380574,1.510000,1.500000,200,1.520000,2000,6.340000,0.090000
1479739383555,1.513000,1.500000,700,1.520000,2000,6.550000,0.093000
1479739385544,1.513000,1.500000,700,1.520000,2000,6.550000,0.093000
1479739387528,1.519900,1.500000,700,1.520000,2000,7.040000,0.099900
1479739389521,1.515500,1.500000,700,1.520000,2000,6.730000,0.095500
1479739391030,1.510000,1.500000,700,1.520000,2000,6.340000,0.090000
1479739392577,1.518500,1.500000,700,1.520000,2000,6.940000,0.098500
1479739395526,1.505000,1.500000,700,1.510000,1000,5.990000,0.085000
1479739397544,1.500000,1.500000,700,1.510000,1000,5.630000,0.080000
1479739399562,1.501400,1.500000,700,1.510000,1000,5.730000,0.081400
1479739401542,1.502000,1.500000,700,1.510000,1000,5.770000,0.082000
1479739403548,1.502000,1.500000,700,1.510000,1000,5.770000,0.082000
1479739406048,1.502000,1.500000,700,1.510000,1000,5.770000,0.082000
1479739408079,1.502000,1.500000,700,1.510000,1000,5.770000,0.082000
1479739410104,1.502000,1.500000,700,1.510000,1000,5.770000,0.082000
1479739409571,1.502000,1.500000,700,1.510000,1000,5.770000,0.082000
1479739414058,1.505400,1.500000,700,1.510000,1000,6.010000,0.085400
1479739416058,1.503300,1.500000,700,1.510000,1000,5.870000,0.083300
1479739418036,1.505000,1.500000,700,1.510000,1000,5.990000,0.085000
1479739420060,1.505000,1.500000,700,1.510000,1000,5.990000,0.085000
1479739422409,1.505000,1.500000,700,1.510000,1000,5.990000,0.085000
1479739424409,1.505000,1.500000,700,1.510000,1000,5.990000,0.085000
1479739426395,1.505000,1.500000,700,1.510000,1000,5.990000,0.085000
1479739428402,1.505000,1.500000,700,1.510000,1000,5.990000,0.085000
1479739430392,1.504400,1.500000,700,1.510000,1000,5.940000,0.084400
1479739431895,1.504400,1.500000,700,1.510000,1000,5.940000,0.084400
1479739434417,1.504400,1.500000,700,1.510000,1000,5.940000,0.084400
1479739436409,1.520000,1.500000,700,1.540000,500,7.040000,0.100000
1479739438947,1.520000,1.500000,700,1.530000,2000,7.040000,0.100000
1479739440912,1.515000,1.500000,700,1.530000,2000,6.690000,0.095000
1479739442903,1.529900,1.500000,700,1.530000,2000,7.740000,0.109900
1479739444917,1.529900,1.510000,200,1.530000,2000,7.740000,0.109900
1479739446916,1.518200,1.510000,200,1.530000,2000,6.920000,0.098200
1479739448921,1.518200,1.510000,200,1.530000,2000,6.920000,0.098200
1479739450459,1.518200,1.510000,200,1.530000,2000,6.920000,0.098200
1479739453432,1.510000,1.510000,1000,1.530000,2000,6.340000,0.090000
1479739454929,1.510000,1.510000,1000,1.530000,2000,6.340000,0.090000
1479739457426,1.510000,1.510000,1000,1.530000,4900,6.340000,0.090000
1479739458933,1.510000,1.510000,1000,1.530000,4900,6.340000,0.090000
1479739461449,1.510000,1.510000,1000,1.530000,4900,6.340000,0.090000
1479739463440,1.510000,1.510000,1000,1.520000,3000,6.340000,0.090000
1479739465428,1.510000,1.510000,1000,1.520000,3000,6.340000,0.090000
1479739467456,1.516200,1.510000,1000,1.520000,3000,6.770000,0.096200
1479739469936,1.516200,1.510000,1000,1.520000,3000,6.770000,0.096200
1479739471991,1.510000,1.510000,1000,1.520000,3000,6.340000,0.090000
1479739473932,1.510000,1.510000,1000,1.520000,3000,6.340000,0.090000
1479739475929,1.510000,1.510000,1000,1.520000,3000,6.340000,0.090000
1479739477413,1.510000,1.510000,1000,1.520000,3000,6.340000,0.090000
1479739479479,1.510000,1.500000,800,1.510000,3400,6.340000,0.090000
1479739481976,1.510000,1.500000,800,1.510000,3400,6.340000,0.090000
1479739483426,1.510000,1.500000,800,1.510000,3400,6.340000,0.090000
1479739485938,1.510000,1.500000,800,1.510000,100,6.340000,0.090000
1479739487462,1.510000,1.500000,800,1.510000,100,6.340000,0.090000
1479739490458,1.510000,1.500000,800,1.510000,100,6.340000,0.090000
1479739491956,1.510000,1.500000,1400,1.510000,100,6.340000,0.090000
1479739494439,1.510000,1.500000,1400,1.520000,3000,6.340000,0.090000
1479739496471,1.510000,1.500000,1400,1.520000,3000,6.340000,0.090000
1479739498461,1.519900,1.500000,1400,1.510000,1000,7.040000,0.099900
1479739500454,1.519900,1.500000,1400,1.510000,1000,7.040000,0.099900
1479739502428,1.519900,1.500000,1700,1.510000,1000,7.040000,0.099900
1479739504461,1.519900,1.500000,1700,1.510000,1000,7.040000,0.099900
1479739506467,1.502500,1.500000,800,1.510000,1000,5.810000,0.082500
1479739508473,1.502500,1.500000,800,1.510000,1000,5.810000,0.082500
1479739510965,1.502500,1.500000,800,1.510000,2900,5.810000,0.082500
1479739513020,1.502500,1.500000,800,1.510000,2900,5.810000,0.082500
1479739514962,1.502500,1.500000,800,1.510000,2900,5.810000,0.082500
1479739516478,1.509900,1.500000,800,1.510000,2900,6.330000,0.089900
1479739518982,1.509900,1.500000,800,1.510000,2900,6.330000,0.089900
1479739520986,1.509900,1.500000,800,1.510000,2900,6.330000,0.089900
1479739521485,1.509900,1.500000,800,1.510000,2900,6.330000,0.089900
1479739524967,1.504100,1.500000,800,1.510000,2900,5.920000,0.084100
1479739526959,1.504100,1.500000,800,1.510000,2900,5.920000,0.084100
1479739529487,1.501000,1.500000,800,1.510000,2900,5.700000,0.081000
1479739531463,1.501000,1.500000,800,1.510000,2900,5.700000,0.081000
1479739533485,1.500000,1.500000,800,1.510000,2900,5.630000,0.080000
1479739534547,1.500000,1.500000,800,1.510000,2900,5.630000,0.080000
1479739537501,1.500000,1.500000,800,1.510000,2900,5.630000,0.080000
1479739539476,1.500000,1.500000,700,1.510000,2900,5.630000,0.080000
1479739541500,1.501000,1.500000,700,1.510000,2900,5.700000,0.081000
1479739543519,1.501000,1.500000,5200,1.510000,2900,5.700000,0.081000
1479739545491,1.510000,1.500000,5200,1.510000,2900,6.340000,0.090000
1479739547499,1.508500,1.500000,5200,1.510000,2900,6.230000,0.088500
1479739549514,1.502300,1.500000,6200,1.510000,2900,5.800000,0.082300
1479739552004,1.502300,1.500000,6200,1.510000,2900,5.800000,0.082300
1479739554024,1.502300,1.500000,6200,1.510000,2900,5.800000,0.082300
1479739555974,1.502300,1.500000,6200,1.510000,2900,5.800000,0.082300
1479739557545,1.502300,1.500000,6200,1.510000,2900,5.800000,0.082300
1479739560025,1.502300,1.500000,6200,1.510000,2900,5.800000,0.082300
1479739562025,1.502300,1.500000,6200,1.510000,2900,5.800000,0.082300
1479739563477,1.502300,1.500000,6200,1.510000,2900,5.800000,0.082300
1479739565987,1.502300,1.500000,6200,1.510000,2900,5.800000,0.082300
1479739567024,1.502300,1.500000,6200,1.510000,2900,5.800000,0.082300
1479739570504,1.502300,1.500000,6200,1.510000,2900,5.800000,0.082300
1479739572519,1.502300,1.500000,6200,1.510000,2900,5.800000,0.082300
1479739574488,1.510000,1.500000,6200,1.510000,2900,6.340000,0.090000
1479739576506,1.510000,1.500000,6200,1.510000,2900,6.340000,0.090000
1479739578536,1.510000,1.500000,6200,1.510000,2900,6.340000,0.090000
1479739580533,1.502500,1.500000,6200,1.510000,2900,5.810000,0.082500
1479739582581,1.502500,1.500000,6200,1.510000,2900,5.810000,0.082500
1479739583493,1.502500,1.500000,6500,1.510000,2900,5.810000,0.082500
1479739586526,1.510000,1.500000,6500,1.510000,1700,6.340000,0.090000
1479739589029,1.510000,1.500000,6500,1.510000,700,6.340000,0.090000
1479739591027,1.510000,1.500000,6500,1.510000,700,6.340000,0.090000
1479739593024,1.501000,1.500000,6500,1.510000,700,5.700000,0.081000
1479739595039,1.501000,1.500000,6500,1.510000,700,5.700000,0.081000
1479739596062,1.501000,1.500000,6500,1.510000,700,5.700000,0.081000
1479739597520,1.501000,1.500000,6500,1.510000,700,5.700000,0.081000
1479739601058,1.510000,1.500000,6500,1.510000,700,6.340000,0.090000
1479739603049,1.510000,1.500000,6500,1.510000,200,6.340000,0.090000
1479739605049,1.510000,1.500000,6500,1.510000,200,6.340000,0.090000
1479739607034,1.510000,1.500000,6500,1.510000,200,6.340000,0.090000
1479739609542,1.510000,1.500000,6500,1.510000,200,6.340000,0.090000
1479739611574,1.510000,1.500000,6500,1.510000,200,6.340000,0.090000
1479739613077,1.510000,1.500000,6500,1.510000,200,6.340000,0.090000
1479739615568,1.510000,1.500000,6500,1.510000,200,6.340000,0.090000
1479739617530,1.505400,1.500000,6500,1.510000,200,6.010000,0.085400
1479739619551,1.505400,1.500000,6500,1.510000,200,6.010000,0.085400
1479739621608,1.505400,1.500000,6500,1.510000,200,6.010000,0.085400
1479739624040,1.505400,1.500000,6500,1.510000,200,6.010000,0.085400
1479739626077,1.505400,1.500000,6500,1.510000,200,6.010000,0.085400
1479739628020,1.505400,1.500000,6500,1.510000,200,6.010000,0.085400
1479739629547,1.510000,1.500000,6500,1.510000,200,6.340000,0.090000
1479739632075,1.510000,1.500000,6500,1.510000,1200,6.340000,0.090000
1479739634065,1.510000,1.500000,6500,1.510000,1200,6.340000,0.090000
1479739636064,1.510000,1.500000,6500,1.510000,1200,6.340000,0.090000
1479739638078,1.510000,1.500000,6500,1.510000,1200,6.340000,0.090000
1479739639550,1.510000,1.500000,6500,1.510000,1200,6.340000,0.090000
1479739642105,1.510000,1.500000,6500,1.510000,1200,6.340000,0.090000
1479739644110,1.510000,1.500000,6500,1.510000,1200,6.340000,0.090000
1479739646608,1.510000,1.500000,6500,1.510000,1200,6.340000,0.090000
1479739648553,1.510000,1.500000,6500,1.510000,1200,6.340000,0.090000
1479739650564,1.510000,1.500000,6500,1.510000,1200,6.340000,0.090000
1479739652603,1.510000,1.500000,6500,1.510000,1200,6.340000,0.090000
1479739654568,1.510000,1.500000,6500,1.510000,1200,6.340000,0.090000
1479739656582,1.517700,1.500000,6500,1.520000,6000,6.880000,0.097700
1479739658615,1.517700,1.500000,6600,1.520000,6000,6.880000,0.097700
1479739660563,1.517700,1.500000,6600,1.520000,6000,6.880000,0.097700
1479739662895,1.517700,1.500000,6600,1.520000,6000,6.880000,0.097700
1479739664901,1.517700,1.500000,6600,1.520000,6000,6.880000,0.097700
1479739667401,1.517700,1.500000,6600,1.520000,6000,6.880000,0.097700
1479739669402,1.517700,1.500000,6600,1.520000,6000,6.880000,0.097700
1479739671406,1.517700,1.500000,6600,1.520000,6000,6.880000,0.097700
1479739672918,1.517700,1.500000,6600,1.520000,6000,6.880000,0.097700
1479739675414,1.505500,1.500000,6600,1.520000,6000,6.020000,0.085500
1479739676408,1.505500,1.500000,6600,1.520000,6000,6.020000,0.085500
1479739678917,1.505500,1.500000,6600,1.520000,6000,6.020000,0.085500
1479739681416,1.505500,1.500000,6600,1.520000,6000,6.020000,0.085500
1479739682900,1.518300,1.500000,6600,1.520000,6000,6.920000,0.098300
1479739685430,1.510000,1.500000,6600,1.520000,6000,6.340000,0.090000
1479739686948,1.510000,1.500000,6600,1.520000,6000,6.340000,0.090000
1479739689936,1.510000,1.500000,6600,1.520000,6000,6.340000,0.090000
1479739691931,1.510000,1.500000,6600,1.520000,6000,6.340000,0.090000
1479739693920,1.510000,1.500000,6600,1.520000,6000,6.340000,0.090000
1479739695921,1.510000,1.500000,6600,1.520000,6000,6.340000,0.090000
1479739697924,1.510000,1.500000,6600,1.520000,6000,6.340000,0.090000
1479739699968,1.510000,1.500000,6600,1.510000,2000,6.340000,0.090000
1479739701950,1.510000,1.500000,6600,1.510000,2000,6.340000,0.090000
1479739703929,1.503800,1.500000,6600,1.510000,2000,5.900000,0.083800
1479739705931,1.503800,1.500000,6600,1.510000,2000,5.900000,0.083800
1479739708002,1.503800,1.500000,6600,1.510000,2000,5.900000,0.083800
1479739710426,1.503800,1.500000,6600,1.510000,2000,5.900000,0.083800
1479739712451,1.503800,1.500000,6600,1.510000,2000,5.900000,0.083800
1479739714467,1.503800,1.500000,6600,1.510000,2000,5.900000,0.083800
1479739716467,1.503800,1.500000,6600,1.510000,2000,5.900000,0.083800
1479739718449,1.503800,1.500000,6600,1.510000,2000,5.900000,0.083800
1479739720454,1.503800,1.500000,7100,1.510000,2000,5.900000,0.083800
1479739722443,1.503800,1.500000,7100,1.510000,2000,5.900000,0.083800
1479739724450,1.503800,1.500000,7100,1.510000,2000,5.900000,0.083800
1479739726450,1.503800,1.500000,7100,1.510000,2000,5.900000,0.083800
1479739728442,1.510000,1.500000,7100,1.510000,2000,6.340000,0.090000
1479739730962,1.510000,1.500000,7100,1.510000,2000,6.340000,0.090000
1479739732939,1.510000,1.500000,7100,1.510000,2000,6.340000,0.090000
1479739734446,1.510000,1.500000,7100,1.510000,2000,6.340000,0.090000
1479739736964,1.510000,1.500000,7100,1.510000,2000,6.340000,0.090000
1479739738953,1.510000,1.500000,7100,1.510000,2000,6.340000,0.090000
1479739740450,1.510000,1.500000,7100,1.510000,2000,6.340000,0.090000
1479739742943,1.508000,1.500000,7100,1.510000,2000,6.200000,0.088000
1479739744457,1.508000,1.500000,7100,1.510000,2000,6.200000,0.088000
1479739746456,1.508000,1.500000,7100,1.510000,2000,6.200000,0.088000
1479739749469,1.510000,1.500000,7100,1.510000,3000,6.340000,0.090000
1479739751455,1.510000,1.500000,7100,1.510000,5000,6.340000,0.090000
1479739752952,1.510000,1.500000,7100,1.510000,5000,6.340000,0.090000
1479739755481,1.510000,1.500000,7100,1.510000,5000,6.340000,0.090000
1479739757504,1.510000,1.500000,7100,1.510000,5000,6.340000,0.090000
1479739759514,1.510000,1.500000,7100,1.510000,5000,6.340000,0.090000
1479739761489,1.510000,1.500000,7100,1.510000,5000,6.340000,0.090000
1479739763470,1.500000,1.500000,7100,1.510000,5000,5.630000,0.080000
1479739765457,1.500000,1.500000,7100,1.510000,5000,5.630000,0.080000
1479739767976,1.501000,1.500000,7100,1.510000,100,5.700000,0.081000
1479739769991,1.506700,1.500000,6900,1.510000,100,6.110000,0.086700
1479739771999,1.506700,1.500000,6900,1.510000,100,6.110000,0.086700
1479739773991,1.506700,1.500000,6900,1.510000,100,6.110000,0.086700
1479739775978,1.506700,1.500000,6900,1.510000,100,6.110000,0.086700
1479739777969,1.506700,1.500000,6900,1.510000,100,6.110000,0.086700
1479739779991,1.506700,1.500000,6900,1.510000,100,6.110000,0.086700
1479739782007,1.506700,1.500000,6900,1.510000,100,6.110000,0.086700
1479739783984,1.506700,1.500000,6900,1.510000,100,6.110000,0.086700
1479739785521,1.506700,1.500000,6900,1.510000,100,6.110000,0.086700
1479739788059,1.508800,1.500000,6900,1.510000,5000,6.250000,0.088800
1479739790507,1.508800,1.500000,6900,1.510000,5000,6.250000,0.088800
1479739792492,1.508800,1.500000,6900,1.510000,5000,6.250000,0.088800
1479739794475,1.508800,1.500000,6900,1.510000,5000,6.250000,0.088800
1479739796015,1.508800,1.500000,6900,1.510000,5000,6.250000,0.088800
1479739798479,1.510000,1.500000,6800,1.510000,5000,6.340000,0.090000
1479739800506,1.510000,1.500000,6800,1.510000,5000,6.340000,0.090000
1479739802519,1.510000,1.500000,6800,1.510000,5000,6.340000,0.090000
1479739804494,1.506200,1.500000,6800,1.510000,1200,6.070000,0.086200
1479739806544,1.506200,1.500000,6800,1.510000,1200,6.070000,0.086200
1479739809004,1.506200,1.500000,6800,1.510000,1200,6.070000,0.086200
1479739810555,1.510000,1.500000,6800,1.510000,1200,6.340000,0.090000
1479739813020,1.510000,1.500000,6800,1.510000,1200,6.340000,0.090000
1479739815027,1.510000,1.500000,6800,1.510000,1200,6.340000,0.090000
1479739816992,1.510000,1.500000,6800,1.510000,1200,6.340000,0.090000
1479739818996,1.510000,1.500000,6800,1.510000,1200,6.340000,0.090000
1479739820518,1.510000,1.500000,6800,1.510000,1200,6.340000,0.090000
1479739823001,1.510000,1.500000,6800,1.510000,1200,6.340000,0.090000
1479739825500,1.510000,1.500000,6800,1.520000,6000,6.340000,0.090000
1479739827057,1.510000,1.500000,6800,1.520000,6000,6.340000,0.090000
1479739829558,1.510000,1.500000,6800,1.520000,6000,6.340000,0.090000
1479739831073,1.510000,1.500000,6800,1.520000,6000,6.340000,0.090000
1479739833504,1.515000,1.500000,6800,1.520000,6000,6.690000,0.095000
1479739835530,1.515000,1.500000,6800,1.520000,6000,6.690000,0.095000
1479739837525,1.515000,1.500000,6800,1.520000,6000,6.690000,0.095000
1479739839540,1.515000,1.500000,6800,1.520000,6000,6.690000,0.095000
1479739842027,1.515000,1.500000,6800,1.520000,6000,6.690000,0.095000
1479739844038,1.515000,1.500000,6800,1.520000,6000,6.690000,0.095000
1479739846058,1.510000,1.500000,6800,1.520000,6000,6.340000,0.090000
1479739848030,1.520000,1.500000,6800,1.520000,5800,7.040000,0.100000
1479739850025,1.510000,1.500000,6800,1.520000,5200,6.340000,0.090000
1479739851533,1.520000,1.500000,6800,1.520000,5200,7.040000,0.100000
1479739853554,1.510800,1.500000,6800,1.520000,5200,6.390000,0.090800
1479739856038,1.510800,1.500000,6800,1.520000,5200,6.390000,0.090800
1479739858063,1.510800,1.500000,6800,1.520000,5200,6.390000,0.090800
1479739860099,1.510000,1.500000,6800,1.520000,3900,6.340000,0.090000
1479739862036,1.518500,1.500000,6800,1.520000,3900,6.940000,0.098500
1479739864064,1.518500,1.500000,6800,1.520000,3900,6.940000,0.098500
1479739866535,1.518500,1.500000,6800,1.520000,3900,6.940000,0.098500
1479739868551,1.518500,1.500000,6800,1.520000,3900,6.940000,0.098500
1479739870584,1.510000,1.500000,6800,1.520000,3900,6.340000,0.090000
1479739872187,1.510000,1.500000,6800,1.520000,3900,6.340000,0.090000
1479739874070,1.510000,1.500000,6800,1.520000,3900,6.340000,0.090000
1479739876621,1.510000,1.500000,6800,1.520000,3900,6.340000,0.090000
1479739878533,1.520000,1.500000,6800,1.520000,3700,7.040000,0.100000
1479739880570,1.520000,1.500000,6800,1.520000,3700,7.040000,0.100000
1479739882562,1.520000,1.500000,6800,1.520000,3700,7.040000,0.100000
1479739884077,1.520000,1.500000,6800,1.520000,3700,7.040000,0.100000
1479739887083,1.500100,1.500000,6800,1.520000,3700,5.640000,0.080100
1479739888596,1.500100,1.500000,6800,1.520000,3700,5.640000,0.080100
1479739891126,1.500100,1.500000,6800,1.520000,3700,5.640000,0.080100
1479739893086,1.500100,1.500000,6800,1.520000,3700,5.640000,0.080100
1479739895102,1.500100,1.500000,6800,1.520000,3700,5.640000,0.080100
1479739897103,1.500100,1.500000,6800,1.520000,3700,5.640000,0.080100
1479739899598,1.500100,1.510000,100,1.520000,3700,5.640000,0.080100
1479739901422,1.500100,1.510000,800,1.520000,3700,5.640000,0.080100
1479739903431,1.520000,1.510000,800,1.520000,3700,7.040000,0.100000
1479739904921,1.520000,1.510000,800,1.520000,3700,7.040000,0.100000
1479739907422,1.520000,1.510000,800,1.520000,3700,7.040000,0.100000
1479739909414,1.520000,1.510000,800,1.520000,3700,7.040000,0.100000
1479739911914,1.520000,1.510000,800,1.520000,3700,7.040000,0.100000
1479739913926,1.520000,1.510000,800,1.520000,3700,7.040000,0.100000
1479739915910,1.520000,1.510000,800,1.520000,3700,7.040000,0.100000
1479739917910,1.520000,1.510000,800,1.520000,3700,7.040000,0.100000
1479739919419,1.520000,1.510000,800,1.520000,3700,7.040000,0.100000
1479739921932,1.520000,1.510000,800,1.540000,1900,7.040000,0.100000
1479739923939,1.520000,1.510000,800,1.540000,1900,7.040000,0.100000
1479739926444,1.520000,1.510000,800,1.540000,1900,7.040000,0.100000
1479739927966,1.520000,1.510000,800,1.540000,1900,7.040000,0.100000
1479739929440,1.520000,1.510000,800,1.540000,1900,7.040000,0.100000
1479739932477,1.520000,1.510000,800,1.540000,500,7.040000,0.100000
1479739934405,1.520000,1.510000,800,1.540000,7200,7.040000,0.100000
1479739936437,1.520000,1.510000,800,1.540000,7200,7.040000,0.100000
1479739938457,1.520000,1.510000,800,1.540000,7200,7.040000,0.100000
1479739940426,1.520000,1.510000,800,1.530000,2000,7.040000,0.100000
1479739942443,1.520000,1.510000,800,1.530000,2000,7.040000,0.100000
1479739944950,1.520000,1.510000,800,1.530000,2000,7.040000,0.100000
1479739946993,1.520000,1.510000,800,1.530000,2000,7.040000,0.100000
1479739948968,1.520000,1.510000,800,1.530000,2000,7.040000,0.100000
1479739950961,1.520000,1.510000,800,1.530000,2000,7.040000,0.100000
1479739952963,1.520000,1.510000,800,1.530000,2000,7.040000,0.100000
1479739954996,1.520000,1.510000,800,1.530000,2000,7.040000,0.100000
1479739956439,1.520000,1.510000,800,1.530000,2000,7.040000,0.100000
1479739958946,1.520000,1.510000,800,1.530000,2000,7.040000,0.100000
1479739960940,1.520000,1.510000,800,1.530000,2000,7.040000,0.100000
1479739963439,1.520000,1.510000,800,1.530000,2000,7.040000,0.100000
1479739965461,1.520000,1.510000,800,1.530000,2000,7.040000,0.100000
1479739967467,1.520000,1.510000,800,1.530000,2000,7.040000,0.100000
1479739969476,1.520000,1.510000,800,1.530000,2000,7.040000,0.100000
1479739971476,1.520000,1.510000,800,1.530000,2000,7.040000,0.100000
1479739973451,1.520000,1.510000,800,1.530000,2000,7.040000,0.100000
1479739975516,1.520000,1.510000,800,1.530000,2000,7.040000,0.100000
1479739976438,1.520000,1.510000,800,1.530000,2000,7.040000,0.100000
1479739978939,1.520000,1.510000,800,1.530000,7200,7.040000,0.100000
1479739981485,1.520000,1.510000,800,1.530000,7200,7.040000,0.100000
1479739983465,1.520000,1.510000,800,1.530000,7200,7.040000,0.100000
1479739985970,1.520000,1.510000,800,1.530000,7200,7.040000,0.100000
1479739988006,1.520000,1.510000,800,1.530000,7200,7.040000,0.100000
1479739989510,1.520000,1.510000,800,1.530000,7200,7.040000,0.100000
1479739992044,1.520000,1.510000,800,1.530000,7200,7.040000,0.100000
1479739993973,1.520000,1.510000,800,1.530000,7200,7.040000,0.100000
1479739995460,1.520000,1.510000,800,1.520000,2000,7.040000,0.100000
1479739997997,1.520000,1.510000,800,1.520000,2000,7.040000,0.100000
1479739999970,1.520000,1.510000,800,1.520000,2000,7.040000,0.100000
1479740000990,1.520000,1.510000,800,1.520000,2000,7.040000,0.100000
1479740003542,1.520000,1.510000,800,1.520000,2000,7.040000,0.100000
1479740005519,1.520000,1.510000,800,1.520000,2000,7.040000,0.100000
1479740007951,1.520000,1.510000,800,1.520000,2000,7.040000,0.100000
1479740010508,1.520000,1.510000,800,1.520000,2000,7.040000,0.100000
1479740012471,1.520000,1.510000,800,1.520000,2000,7.040000,0.100000
1479740014491,1.520000,1.510000,800,1.520000,2000,7.040000,0.100000
1479740016511,1.520000,1.510000,800,1.520000,2000,7.040000,0.100000
1479740018008,1.520000,1.510000,800,1.520000,2000,7.040000,0.100000
1479740020489,1.520000,1.510000,800,1.520000,2000,7.040000,0.100000
1479740022492,1.520000,1.510000,800,1.520000,2000,7.040000,0.100000
1479740024513,1.520000,1.510000,800,1.520000,2000,7.040000,0.100000
1479740026509,1.520000,1.510000,800,1.520000,2000,7.040000,0.100000
1479740028504,1.520000,1.510000,800,1.520000,2000,7.040000,0.100000
1479740030521,1.515000,1.510000,800,1.520000,2000,6.690000,0.095000
1479740032515,1.515000,1.510000,800,1.520000,2000,6.690000,0.095000
1479740035016,1.520000,1.510000,800,1.520000,2000,7.040000,0.100000
1479740037037,1.515000,1.510000,800,1.520000,2000,6.690000,0.095000
1479740039013,1.515000,1.510000,800,1.520000,2000,6.690000,0.095000
1479740040994,1.515000,1.510000,800,1.520000,2000,6.690000,0.095000
1479740042991,1.515000,1.510000,800,1.520000,2000,6.690000,0.095000
1479740044512,1.515000,1.510000,800,1.520000,2000,6.690000,0.095000
1479740046025,1.515000,1.510000,800,1.520000,2000,6.690000,0.095000
1479740048539,1.515000,1.510000,800,1.520000,2000,6.690000,0.095000
1479740051080,1.515000,1.510000,800,1.520000,2000,6.690000,0.095000
1479740053020,1.515000,1.510000,800,1.520000,2000,6.690000,0.095000
1479740054489,1.515000,1.510000,800,1.520000,2000,6.690000,0.095000
1479740057525,1.515000,1.510000,800,1.520000,2000,6.690000,0.095000
1479740058511,1.515000,1.510000,800,1.520000,2000,6.690000,0.095000
1479740061093,1.515000,1.510000,800,1.520000,2000,6.690000,0.095000
1479740063576,1.515000,1.510000,800,1.520000,2200,6.690000,0.095000
1479740065522,1.515000,1.510000,800,1.520000,2200,6.690000,0.095000
1479740067525,1.515000,1.510000,800,1.520000,2200,6.690000,0.095000
1479740069506,1.515000,1.510000,800,1.520000,2200,6.690000,0.095000
1479740071507,1.515000,1.510000,800,1.520000,2200,6.690000,0.095000
1479740073023,1.510100,1.510000,800,1.520000,2000,6.350000,0.090100
1479740075548,1.510100,1.510000,800,1.520000,2000,6.350000,0.090100
1479740078031,1.510100,1.510000,800,1.520000,2000,6.350000,0.090100
1479740080031,1.510100,1.510000,800,1.520000,2000,6.350000,0.090100
1479740082049,1.510100,1.510000,800,1.520000,2000,6.350000,0.090100
1479740084082,1.510100,1.510000,800,1.520000,2000,6.350000,0.090100
1479740086030,1.510100,1.510000,800,1.520000,2000,6.350000,0.090100
1479740088024,1.510100,1.510000,800,1.520000,2000,6.350000,0.090100
1479740090064,1.510800,1.510000,800,1.520000,2000,6.390000,0.090800
1479740092062,1.510800,1.510000,800,1.520000,2000,6.390000,0.090800
1479740094059,1.510800,1.510000,800,1.520000,2000,6.390000,0.090800
1479740096548,1.515000,1.510000,800,1.520000,2000,6.690000,0.095000
1479740098552,1.515000,1.510000,800,1.520000,2000,6.690000,0.095000
1479740100090,1.515000,1.510000,800,1.520000,2000,6.690000,0.095000
1479740101563,1.515000,1.510000,800,1.520000,2000,6.690000,0.095000
1479740104070,1.515000,1.510000,800,1.520000,2000,6.690000,0.095000
1479740106096,1.515000,1.510000,800,1.520000,2000,6.690000,0.095000
1479740108597,1.515000,1.510000,800,1.520000,2000,6.690000,0.095000
1479740110541,1.515000,1.510000,1000,1.520000,2000,6.690000,0.095000
1479740112548,1.515000,1.510000,1000,1.520000,2000,6.690000,0.095000
1479740114560,1.515000,1.510000,1000,1.520000,2000,6.690000,0.095000
1479740116546,1.515000,1.510000,1000,1.520000,2000,6.690000,0.095000
1479740119068,1.515000,1.510000,1000,1.520000,2000,6.690000,0.095000
1479740120637,1.515000,1.510000,1000,1.520000,2000,6.690000,0.095000
1479740122626,1.515000,1.510000,1000,1.520000,2000,6.690000,0.095000
1479740124587,1.515000,1.510000,1000,1.520000,2000,6.690000,0.095000
1479740126585,1.515000,1.510000,1000,1.520000,2000,6.690000,0.095000
1479740128581,1.515000,1.510000,1000,1.520000,2000,6.690000,0.095000
1479740131089,1.515000,1.510000,1000,1.520000,2000,6.690000,0.095000
1479740133397,1.515000,1.510000,1000,1.520000,2000,6.690000,0.095000
1479740135409,1.510000,1.510000,800,1.520000,2000,6.340000,0.090000
1479740137404,1.510000,1.510000,800,1.520000,2000,6.340000,0.090000
1479740139407,1.515400,1.510000,800,1.520000,2000,6.720000,0.095400
1479740141397,1.515400,1.510000,800,1.520000,2000,6.720000,0.095400
1479740142931,1.515400,1.510000,800,1.520000,2000,6.720000,0.095400
1479740145408,1.515400,1.510000,800,1.520000,2000,6.720000,0.095400
1479740147903,1.515400,1.510000,800,1.520000,2000,6.720000,0.095400
1479740149410,1.515400,1.510000,800,1.520000,2000,6.720000,0.095400
1479740151905,1.515400,1.510000,800,1.520000,2000,6.720000,0.095400
1479740153419,1.515400,1.510000,800,1.520000,2000,6.720000,0.095400
1479740155949,1.515400,1.510000,800,1.520000,2000,6.720000,0.095400
1479740157927,1.515400,1.510000,800,1.520000,2000,6.720000,0.095400
1479740159907,1.515400,1.510000,800,1.520000,2000,6.720000,0.095400
1479740161914,1.515400,1.510000,800,1.520000,2000,6.720000,0.095400
1479740163444,1.515400,1.510000,800,1.520000,2000,6.720000,0.095400
1479740165946,1.515400,1.510000,800,1.520000,2000,6.720000,0.095400
1479740167408,1.515400,1.510000,800,1.520000,2000,6.720000,0.095400
1479740169460,1.515400,1.510000,800,1.520000,2000,6.720000,0.095400
1479740171899,1.515400,1.510000,800,1.520000,2000,6.720000,0.095400
1479740174445,1.515400,1.510000,800,1.520000,2000,6.720000,0.095400
1479740176467,1.515400,1.510000,800,1.520000,2000,6.720000,0.095400
1479740178453,1.517500,1.510000,800,1.520000,2000,6.870000,0.097500
1479740180480,1.517500,1.510000,800,1.520000,2000,6.870000,0.097500
1479740182427,1.517500,1.510000,800,1.520000,2000,6.870000,0.097500
1479740184437,1.517500,1.510000,800,1.520000,2000,6.870000,0.097500
1479740186480,1.517500,1.510000,800,1.520000,2000,6.870000,0.097500
1479740187945,1.517500,1.510000,800,1.520000,2000,6.870000,0.097500
1479740189980,1.517500,1.510000,800,1.520000,2000,6.870000,0.097500
1479740192941,1.517500,1.510000,800,1.520000,2000,6.870000,0.097500
1479740194459,1.517500,1.510000,800,1.520000,2000,6.870000,0.097500
1479740196457,1.517500,1.510000,800,1.520000,2000,6.870000,0.097500
1479740198962,1.517500,1.510000,800,1.520000,2000,6.870000,0.097500
1479740200466,1.517500,1.510000,800,1.520000,2000,6.870000,0.097500
1479740202955,1.517500,1.510000,800,1.520000,2000,6.870000,0.097500
1479740204947,1.517500,1.510000,800,1.520000,2000,6.870000,0.097500
1479740207004,1.517500,1.510000,800,1.520000,2000,6.870000,0.097500
1479740208451,1.517500,1.510000,800,1.520000,2000,6.870000,0.097500
1479740210959,1.517500,1.510000,800,1.520000,2000,6.870000,0.097500
1479740211971,1.517500,1.510000,800,1.520000,2000,6.870000,0.097500
1479740214999,1.520000,1.510000,2700,1.520000,2000,7.040000,0.100000
1479740215959,1.520000,1.510000,2700,1.520000,2000,7.040000,0.100000
1479740219488,1.520000,1.510000,2700,1.520000,2000,7.040000,0.100000
1479740221478,1.520000,1.510000,2700,1.520000,400,7.040000,0.100000
1479740223462,1.520000,1.520000,200,1.540000,7200,7.040000,0.100000
1479740225457,1.520000,1.520000,200,1.540000,7200,7.040000,0.100000
1479740227518,1.520000,1.520000,200,1.540000,7200,7.040000,0.100000
1479740229019,1.520000,1.520000,200,1.540000,7200,7.040000,0.100000
1479740231483,1.520000,1.520000,200,1.540000,7200,7.040000,0.100000
1479740233508,1.520000,1.520000,200,1.540000,7200,7.040000,0.100000
1479740234953,1.520000,1.520000,600,1.540000,7200,7.040000,0.100000
1479740237518,1.520000,1.520000,600,1.540000,7200,7.040000,0.100000
1479740238985,1.520000,1.520000,600,1.540000,7200,7.040000,0.100000
1479740241974,1.520000,1.520000,600,1.540000,7200,7.040000,0.100000
1479740244014,1.520000,1.520000,5400,1.540000,7200,7.040000,0.100000
1479740245998,1.520000,1.520000,5400,1.540000,7200,7.040000,0.100000
1479740247985,1.520000,1.520000,5400,1.540000,7200,7.040000,0.100000
1479740249081,1.520000,1.520000,5400,1.540000,7200,7.040000,0.100000
1479740251987,1.520000,1.520000,5400,1.540000,7200,7.040000,0.100000
1479740253515,1.520000,1.520000,5400,1.540000,7200,7.040000,0.100000
1479740255995,1.520000,1.530000,400,1.540000,7200,7.040000,0.100000
1479740257469,1.520000,1.530000,400,1.540000,7200,7.040000,0.100000
1479740259502,1.520000,1.530000,400,1.540000,7200,7.040000,0.100000
1479740262010,1.520000,1.530000,400,1.540000,7200,7.040000,0.100000
1479740264012,1.520000,1.530000,400,1.540000,7200,7.040000,0.100000
1479740266518,1.520000,1.530000,400,1.540000,7200,7.040000,0.100000
1479740268500,1.520000,1.530000,400,1.540000,7200,7.040000,0.100000
1479740269507,1.520000,1.530000,400,1.540000,7200,7.040000,0.100000
1479740272496,1.520000,1.530000,400,1.540000,7200,7.040000,0.100000
1479740274497,1.520000,1.530000,400,1.540000,7200,7.040000,0.100000
1479740276496,1.520000,1.520000,5000,1.540000,7200,7.040000,0.100000
1479740278493,1.520000,1.520000,5000,1.540000,7200,7.040000,0.100000
1479740280533,1.520000,1.520000,5000,1.540000,7200,7.040000,0.100000
1479740282546,1.520000,1.520000,5000,1.540000,7200,7.040000,0.100000
1479740284528,1.530000,1.530000,300,1.540000,7200,7.750000,0.110000
1479740286513,1.530000,1.530000,400,1.540000,7200,7.750000,0.110000
1479740288020,1.537500,1.530000,400,1.540000,7200,8.270000,0.117500
1479740291030,1.540000,1.530000,400,1.540000,7200,8.450000,0.120000
1479740293071,1.540000,1.530000,400,1.540000,7200,8.450000,0.120000
1479740294058,1.540000,1.530000,400,1.540000,500,8.450000,0.120000
1479740297051,1.540000,1.530000,400,1.540000,500,8.450000,0.120000
1479740299028,1.540000,1.530000,500,1.540000,500,8.450000,0.120000
1479740300586,1.540000,1.530000,500,1.540000,5000,8.450000,0.120000
1479740303037,1.539900,1.530000,500,1.540000,5000,8.440000,0.119900
1479740304538,1.539900,1.530000,500,1.540000,5000,8.440000,0.119900
1479740307079,1.539900,1.530000,500,1.540000,5000,8.440000,0.119900
1479740309571,1.540000,1.530000,500,1.540000,5000,8.450000,0.120000
1479740309571,1.540000,1.530000,500,1.540000,5000,8.450000,0.120000
1479740313539,1.540000,1.530000,500,1.540000,5000,8.450000,0.120000
1479740315036,1.537700,1.530000,500,1.540000,5000,8.290000,0.117700
1479740317556,1.537700,1.530000,500,1.540000,5000,8.290000,0.117700
1479740319542,1.537700,1.530000,500,1.540000,5000,8.290000,0.117700
1479740321566,1.537700,1.530000,500,1.540000,5000,8.290000,0.117700
1479740322584,1.537700,1.530000,3300,1.540000,5000,8.290000,0.117700
1479740326069,1.534400,1.530000,3300,1.540000,500,8.060000,0.114400
1479740328041,1.534400,1.530000,3300,1.540000,500,8.060000,0.114400
1479740330095,1.534400,1.530000,3300,1.540000,500,8.060000,0.114400
1479740332061,1.537500,1.530000,3300,1.540000,500,8.270000,0.117500
1479740334056,1.534000,1.530000,3300,1.540000,500,8.030000,0.114000
1479740336106,1.534000,1.530000,3300,1.540000,500,8.030000,0.114000
1479740338077,1.540000,1.530000,3300,1.540000,500,8.450000,0.120000
1479740340074,1.540000,1.530000,3300,1.540000,500,8.450000,0.120000
1479740341569,1.540000,1.530000,3300,1.540000,500,8.450000,0.120000
1479740344578,1.540000,1.530000,3200,1.540000,500,8.450000,0.120000
1479740346606,1.530000,1.530000,600,1.540000,500,7.750000,0.110000
1479740348563,1.532500,1.530000,600,1.540000,500,7.920000,0.112500
1479740350021,1.532500,1.530000,600,1.540000,500,7.920000,0.112500
1479740352673,1.532500,1.530000,600,1.540000,500,7.920000,0.112500
1479740354600,1.532500,1.530000,600,1.540000,500,7.920000,0.112500
1479740356575,1.532500,1.530000,600,1.540000,500,7.920000,0.112500
1479740358578,1.532500,1.530000,600,1.540000,500,7.920000,0.112500
1479740360606,1.532500,1.530000,600,1.540000,500,7.920000,0.112500
1479740363079,1.530000,1.530000,300,1.540000,500,7.750000,0.110000
1479740364596,1.533600,1.530000,300,1.540000,500,8.000000,0.113600
1479740367484,1.533600,1.530000,300,1.540000,500,8.000000,0.113600
1479740369416,1.533600,1.530000,300,1.540000,500,8.000000,0.113600
1479740370899,1.533600,1.530000,300,1.540000,500,8.000000,0.113600
1479740372896,1.533600,1.530000,300,1.540000,500,8.000000,0.113600
1479740375403,1.533600,1.530000,300,1.540000,500,8.000000,0.113600
1479740377414,1.533600,1.530000,300,1.540000,500,8.000000,0.113600
1479740379429,1.533600,1.530000,300,1.540000,500,8.000000,0.113600
1479740381939,1.533600,1.530000,300,1.540000,500,8.000000,0.113600
1479740383947,1.533600,1.530000,300,1.540000,500,8.000000,0.113600
1479740385929,1.533600,1.530000,300,1.540000,500,8.000000,0.113600
1479740387416,1.532300,1.530000,300,1.540000,500,7.910000,0.112300
1479740389917,1.532300,1.530000,300,1.540000,500,7.910000,0.112300
1479740391918,1.532300,1.530000,300,1.540000,500,7.910000,0.112300
1479740393928,1.532300,1.530000,300,1.540000,500,7.910000,0.112300
1479740395980,1.532300,1.530000,300,1.540000,500,7.910000,0.112300
1479740397918,1.532300,1.530000,2500,1.540000,500,7.910000,0.112300
1479740399940,1.532300,1.530000,2500,1.540000,500,7.910000,0.112300
1479740403971,1.532300,1.530000,2500,1.540000,500,7.910000,0.112300
1479740406961,1.532300,1.530000,2500,1.540000,500,7.910000,0.112300
1479740408931,1.532300,1.530000,2500,1.540000,500,7.910000,0.112300
1479740410969,1.532300,1.530000,2500,1.540000,500,7.910000,0.112300
1479740413444,1.532300,1.530000,2500,1.540000,500,7.910000,0.112300
1479740415421,1.540000,1.530000,2500,1.540000,500,8.450000,0.120000
1479740417431,1.540000,1.530000,2500,1.540000,500,8.450000,0.120000
1479740419460,1.540000,1.530000,2500,1.540000,500,8.450000,0.120000
1479740420976,1.540000,1.530000,2500,1.540000,500,8.450000,0.120000
1479740422485,1.540000,1.530000,2500,1.540000,500,8.450000,0.120000
1479740425528,1.540000,1.530000,2500,1.540000,500,8.450000,0.120000
1479740427470,1.540000,1.530000,2500,1.540000,500,8.450000,0.120000
1479740429463,1.540000,1.530000,2500,1.540000,500,8.450000,0.120000
1479740431455,1.540000,1.530000,2500,1.540000,500,8.450000,0.120000
1479740433454,1.540000,1.530000,2500,1.540000,500,8.450000,0.120000
1479740435965,1.540000,1.530000,2500,1.540000,500,8.450000,0.120000
1479740436963,1.540000,1.530000,2500,1.540000,500,8.450000,0.120000
1479740439507,1.540000,1.530000,2500,1.540000,500,8.450000,0.120000
1479740441473,1.540000,1.530000,2500,1.540000,500,8.450000,0.120000
1479740443528,1.540000,1.530000,2500,1.540000,500,8.450000,0.120000
1479740445982,1.540000,1.530000,2500,1.540000,500,8.450000,0.120000
1479740447982,1.539200,1.530000,2500,1.540000,500,8.390000,0.119200
1479740449484,1.539200,1.530000,2500,1.540000,500,8.390000,0.119200
1479740451970,1.539200,1.530000,2500,1.540000,500,8.390000,0.119200
1479740454461,1.539200,1.530000,2500,1.540000,500,8.390000,0.119200
1479740456484,1.539200,1.530000,2500,1.540000,500,8.390000,0.119200
1479740458481,1.539200,1.530000,2500,1.540000,500,8.390000,0.119200
1479740460494,1.539200,1.530000,2500,1.540000,500,8.390000,0.119200
1479740462497,1.539200,1.530000,2500,1.540000,500,8.390000,0.119200
1479740464493,1.539200,1.530000,2500,1.540000,500,8.390000,0.119200
1479740465497,1.539200,1.530000,2500,1.540000,500,8.390000,0.119200
1479740467975,1.539200,1.530000,2500,1.540000,500,8.390000,0.119200
1479740470491,1.539200,1.530000,2500,1.540000,500,8.390000,0.119200
1479740472454,1.539900,1.530000,2600,1.540000,500,8.440000,0.119900
1479740474019,1.539900,1.530000,2600,1.540000,500,8.440000,0.119900
1479740476531,1.539900,1.530000,2600,1.540000,500,8.440000,0.119900
1479740478993,1.539900,1.530000,2600,1.540000,500,8.440000,0.119900
1479740480546,1.539900,1.530000,2600,1.540000,500,8.440000,0.119900
1479740482966,1.539900,1.530000,2600,1.540000,500,8.440000,0.119900
1479740485004,1.539900,1.530000,2600,1.540000,500,8.440000,0.119900
1479740487009,1.539900,1.530000,2600,1.540000,500,8.440000,0.119900
1479740489002,1.539900,1.530000,2600,1.540000,500,8.440000,0.119900
1479740491015,1.539900,1.530000,2600,1.540000,500,8.440000,0.119900
1479740493005,1.539900,1.530000,2600,1.540000,500,8.440000,0.119900
1479740495073,1.539900,1.530000,2600,1.540000,500,8.440000,0.119900
1479740497483,1.539900,1.530000,2600,1.540000,500,8.440000,0.119900
1479740499510,1.539900,1.530000,2600,1.540000,500,8.440000,0.119900
1479740501571,1.539900,1.530000,2600,1.540000,500,8.440000,0.119900
1479740503521,1.539900,1.530000,2600,1.540000,500,8.440000,0.119900
1479740505535,1.539900,1.530000,2600,1.540000,500,8.440000,0.119900
1479740507558,1.539900,1.530000,2600,1.540000,500,8.440000,0.119900
1479740509536,1.539900,1.530000,2600,1.540000,500,8.440000,0.119900
1479740511558,1.539600,1.530000,2600,1.540000,500,8.420000,0.119600
1479740513032,1.539600,1.530000,2600,1.540000,500,8.420000,0.119600
1479740515518,1.534600,1.530000,2600,1.540000,500,8.070000,0.114600
1479740518033,1.534600,1.530000,2600,1.540000,500,8.070000,0.114600
1479740520016,1.530800,1.530000,2600,1.540000,500,7.800000,0.110800
1479740521033,1.530800,1.530000,2600,1.540000,500,7.800000,0.110800
1479740523523,1.530800,1.530000,2600,1.540000,500,7.800000,0.110800
1479740526067,1.530800,1.530000,2600,1.540000,500,7.800000,0.110800
1479740528073,1.530800,1.530000,2600,1.540000,500,7.800000,0.110800
1479740530033,1.532900,1.530000,2600,1.540000,500,7.950000,0.112900
1479740532033,1.539200,1.530000,2600,1.540000,500,8.390000,0.119200
1479740534525,1.540000,1.530000,2600,1.540000,100,8.450000,0.120000
1479740536536,1.540000,1.530000,2600,1.540000,100,8.450000,0.120000
1479740538530,1.537800,1.530000,2600,1.540000,100,8.300000,0.117800
1479740540498,1.537800,1.530000,2600,1.540000,100,8.300000,0.117800
1479740541554,1.537800,1.530000,2600,1.540000,100,8.300000,0.117800
1479740544591,1.537800,1.530000,2600,1.540000,100,8.300000,0.117800
1479740546588,1.537800,1.530000,2600,1.540000,100,8.300000,0.117800
1479740548562,1.537800,1.530000,2600,1.540000,100,8.300000,0.117800
1479740550553,1.538700,1.530000,2600,1.540000,300,8.360000,0.118700
1479740552547,1.538700,1.530000,2600,1.540000,300,8.360000,0.118700
1479740554071,1.540000,1.530000,2600,1.540000,300,8.450000,0.120000
1479740557046,1.540000,1.530000,2600,1.540000,300,8.450000,0.120000
1479740559059,1.538200,1.530000,2600,1.540000,300,8.320000,0.118200
1479740561066,1.530000,1.510000,200,1.530000,5900,7.750000,0.110000
1479740563032,1.530000,1.510000,1200,1.530000,5900,7.750000,0.110000
1479740565104,1.512500,1.510000,1200,1.530000,5900,6.510000,0.092500
1479740567059,1.512500,1.510000,1200,1.530000,5900,6.510000,0.092500
1479740569023,1.512500,1.510000,1200,1.530000,5900,6.510000,0.092500
1479740571050,1.512500,1.510000,1200,1.530000,5900,6.510000,0.092500
1479740573092,1.512500,1.510000,1200,1.530000,5900,6.510000,0.092500
1479740574561,1.512500,1.510000,1200,1.530000,5900,6.510000,0.092500
1479740576112,1.512500,1.510000,1200,1.530000,5900,6.510000,0.092500
1479740579583,1.512500,1.510000,1200,1.530000,5900,6.510000,0.092500
1479740581110,1.512500,1.510000,1200,1.530000,5900,6.510000,0.092500
1479740583586,1.512500,1.510000,1200,1.530000,5900,6.510000,0.092500
1479740585614,1.512500,1.510000,1200,1.530000,5900,6.510000,0.092500
1479740587612,1.512500,1.510000,1200,1.530000,5900,6.510000,0.092500
1479740589595,1.510900,1.510000,1200,1.530000,5900,6.400000,0.090900
1479740591598,1.530000,1.510000,1200,1.530000,5900,7.750000,0.110000
1479740593587,1.530000,1.510000,1200,1.530000,5900,7.750000,0.110000
1479740595568,1.530000,1.510000,1200,1.530000,5900,7.750000,0.110000
1479740597138,1.530000,1.510000,1200,1.530000,5900,7.750000,0.110000
1479740599583,1.530000,1.510000,1200,1.530000,5900,7.750000,0.110000
1479740601647,1.530000,1.510000,1200,1.530000,5900,7.750000,0.110000
1479740603901,1.530000,1.510000,1200,1.530000,5900,7.750000,0.110000
1479740605915,1.530000,1.510000,1200,1.530000,5900,7.750000,0.110000
1479740607895,1.530000,1.510000,1200,1.530000,5900,7.750000,0.110000
1479740610411,1.530000,1.510000,1200,1.530000,5900,7.750000,0.110000
1479740612414,1.530000,1.510000,1200,1.530000,5900,7.750000,0.110000
1479740613916,1.530000,1.510000,1200,1.530000,5900,7.750000,0.110000
1479740616430,1.530000,1.510000,1200,1.530000,5900,7.750000,0.110000
1479740618426,1.530000,1.510000,1200,1.530000,5900,7.750000,0.110000
1479740620898,1.530000,1.510000,1200,1.530000,5900,7.750000,0.110000
1479740622906,1.530000,1.510000,1200,1.530000,5900,7.750000,0.110000
1479740624921,1.530000,1.510000,1200,1.530000,5900,7.750000,0.110000
1479740626969,1.530000,1.510000,1200,1.530000,5900,7.750000,0.110000
1479740628901,1.530000,1.510000,1200,1.530000,5900,7.750000,0.110000
1479740629425,1.530000,1.510000,1200,1.530000,5900,7.750000,0.110000
1479740632910,1.530000,1.510000,1200,1.530000,5900,7.750000,0.110000
1479740634421,1.530000,1.510000,1200,1.530000,5900,7.750000,0.110000
1479740636949,1.530000,1.510000,1200,1.530000,5900,7.750000,0.110000
1479740638433,1.530000,1.510000,1200,1.530000,5900,7.750000,0.110000
1479740640486,1.530000,1.510000,1200,1.530000,5900,7.750000,0.110000
1479740643448,1.530000,1.510000,1200,1.530000,5900,7.750000,0.110000
1479740645457,1.530000,1.510000,1200,1.530000,5900,7.750000,0.110000
1479740647422,1.530000,1.510000,1200,1.530000,5900,7.750000,0.110000
1479740649474,1.530000,1.510000,2500,1.530000,5900,7.750000,0.110000
1479740651421,1.530000,1.510000,2500,1.530000,5900,7.750000,0.110000
1479740653454,1.530000,1.510000,2500,1.530000,5900,7.750000,0.110000
1479740655477,1.530000,1.510000,2500,1.530000,5900,7.750000,0.110000
1479740656425,1.530000,1.510000,2500,1.530000,5900,7.750000,0.110000
1479740659946,1.530000,1.510000,2500,1.530000,5900,7.750000,0.110000
1479740661985,1.530000,1.510000,2500,1.530000,5900,7.750000,0.110000
1479740663981,1.530000,1.510000,2500,1.530000,5900,7.750000,0.110000
1479740665490,1.530000,1.510000,2500,1.530000,5900,7.750000,0.110000
1479740667967,1.530000,1.510000,2500,1.530000,5900,7.750000,0.110000
1479740669969,1.530000,1.520000,3600,1.530000,5900,7.750000,0.110000
1479740672013,1.530000,1.520000,3600,1.530000,5900,7.750000,0.110000
1479740673465,1.530000,1.520000,3600,1.530000,5900,7.750000,0.110000
1479740675952,1.530000,1.520000,4300,1.530000,5900,7.750000,0.110000
1479740677946,1.530000,1.520000,4300,1.530000,5900,7.750000,0.110000
1479740680470,1.530000,1.520000,4300,1.530000,5900,7.750000,0.110000
1479740682467,1.530000,1.520000,4300,1.530000,5900,7.750000,0.110000
1479740684472,1.530000,1.520000,5000,1.530000,5900,7.750000,0.110000
1479740686488,1.530000,1.520000,5000,1.530000,5900,7.750000,0.110000
1479740688511,1.530000,1.520000,5000,1.530000,5900,7.750000,0.110000
1479740690501,1.530000,1.520000,5000,1.530000,5900,7.750000,0.110000
1479740692461,1.530000,1.520000,5000,1.530000,5900,7.750000,0.110000
1479740694474,1.530000,1.520000,5000,1.530000,5900,7.750000,0.110000
1479740696509,1.530000,1.520000,5000,1.530000,5900,7.750000,0.110000
1479740698500,1.530000,1.520000,5000,1.530000,5900,7.750000,0.110000
1479740700023,1.530000,1.520000,5000,1.530000,5900,7.750000,0.110000
1479740702987,1.530000,1.520000,5000,1.530000,5900,7.750000,0.110000
1479740704514,1.530000,1.520000,5000,1.530000,5900,7.750000,0.110000
1479740707000,1.530000,1.520000,5000,1.530000,5900,7.750000,0.110000
1479740708998,1.530000,1.520000,5000,1.530000,5900,7.750000,0.110000
1479740711001,1.530000,1.520000,5000,1.530000,5900,7.750000,0.110000
1479740713022,1.530000,1.520000,5000,1.530000,5900,7.750000,0.110000
1479740714983,1.530000,1.520000,5000,1.530000,5900,7.750000,0.110000
1479740714983,1.530000,1.520000,5000,1.530000,5900,7.750000,0.110000
1479740719003,1.530000,1.520000,5000,1.530000,5900,7.750000,0.110000
1479740721535,1.520000,1.520000,1400,1.530000,5900,7.040000,0.100000
1479740723477,1.520000,1.520000,1400,1.530000,5900,7.040000,0.100000
1479740725508,1.520000,1.520000,1400,1.530000,5900,7.040000,0.100000
1479740727487,1.520000,1.520000,1400,1.530000,5900,7.040000,0.100000
1479740729578,1.520000,1.520000,1400,1.530000,5900,7.040000,0.100000
1479740731549,1.520000,1.520000,700,1.530000,5900,7.040000,0.100000
1479740733473,1.520000,1.520000,700,1.530000,5900,7.040000,0.100000
1479740735530,1.520000,1.520000,700,1.530000,5900,7.040000,0.100000
1479740737491,1.529600,1.520000,700,1.530000,5900,7.720000,0.109600
1479740739530,1.523600,1.520000,700,1.530000,5900,7.300000,0.103600
1479740741513,1.510000,1.500000,6100,1.520000,600,6.340000,0.090000
1479740744023,1.510000,1.500000,1100,1.520000,100,6.340000,0.090000
1479740746037,1.510000,1.500000,1100,1.520000,100,6.340000,0.090000
1479740748023,1.502800,1.500000,1100,1.520000,100,5.830000,0.082800
1479740750043,1.502800,1.500000,1400,1.520000,100,5.830000,0.082800
1479740752013,1.502800,1.500000,1400,1.520000,100,5.830000,0.082800
1479740754059,1.510000,1.500000,1400,1.520000,100,6.340000,0.090000
1479740756084,1.510000,1.500000,1400,1.520000,100,6.340000,0.090000
1479740756084,1.510000,1.500000,1400,1.520000,100,6.340000,0.090000
1479740760062,1.510000,1.500000,1400,1.520000,100,6.340000,0.090000
1479740762035,1.510000,1.500000,1400,1.520000,100,6.340000,0.090000
1479740764532,1.510000,1.500000,1400,1.520000,100,6.340000,0.090000
1479740766497,1.510000,1.500000,1400,1.520000,100,6.340000,0.090000
1479740768531,1.510000,1.500000,1400,1.520000,100,6.340000,0.090000
1479740770502,1.510000,1.500000,1400,1.520000,100,6.340000,0.090000
1479740772079,1.510000,1.500000,1400,1.520000,100,6.340000,0.090000
1479740774062,1.510000,1.500000,1400,1.520000,100,6.340000,0.090000
1479740776539,1.510000,1.500000,1400,1.520000,100,6.340000,0.090000
1479740778547,1.510000,1.500000,1400,1.520000,100,6.340000,0.090000
1479740780554,1.510000,1.500000,1400,1.520000,100,6.340000,0.090000
1479740782545,1.510000,1.500000,1400,1.520000,100,6.340000,0.090000
1479740785053,1.510000,1.500000,1400,1.520000,100,6.340000,0.090000
1479740787024,1.510000,1.500000,1400,1.520000,100,6.340000,0.090000
1479740789051,1.510000,1.500000,1400,1.520000,100,6.340000,0.090000
1479740791063,1.510000,1.500000,1400,1.520000,100,6.340000,0.090000
1479740792034,1.510000,1.500000,1400,1.520000,100,6.340000,0.090000
1479740795047,1.510000,1.500000,1400,1.520000,300,6.340000,0.090000
1479740797041,1.510000,1.500000,1400,1.520000,300,6.340000,0.090000
1479740799081,1.510000,1.500000,1400,1.520000,300,6.340000,0.090000
1479740801586,1.510000,1.500000,1400,1.520000,300,6.340000,0.090000
1479740803617,1.510000,1.500000,1400,1.520000,300,6.340000,0.090000
1479740805578,1.510000,1.500000,1400,1.520000,300,6.340000,0.090000
1479740807589,1.510000,1.500000,1400,1.520000,300,6.340000,0.090000
1479740809564,1.510000,1.500000,1400,1.520000,300,6.340000,0.090000
1479740811082,1.510000,1.500000,1400,1.520000,300,6.340000,0.090000
1479740813606,1.510000,1.500000,1400,1.520000,300,6.340000,0.090000
1479740815612,1.510000,1.500000,1400,1.520000,300,6.340000,0.090000
1479740818121,1.510000,1.500000,1400,1.520000,300,6.340000,0.090000
1479740820053,1.519100,1.500000,1400,1.520000,300,6.980000,0.099100
1479740821645,1.519100,1.500000,1400,1.520000,300,6.980000,0.099100
1479740824107,1.510000,1.500000,1400,1.520000,300,6.340000,0.090000
1479740826163,1.510000,1.500000,1400,1.520000,300,6.340000,0.090000
1479740828092,1.510000,1.500000,1400,1.520000,300,6.340000,0.090000
1479740830116,1.510000,1.500000,1400,1.520000,300,6.340000,0.090000
1479740832125,1.510000,1.500000,1400,1.520000,300,6.340000,0.090000
1479740834492,1.510000,1.500000,1400,1.520000,600,6.340000,0.090000
1479740836404,1.510000,1.500000,1400,1.520000,600,6.340000,0.090000
1479740838422,1.510000,1.500000,1400,1.520000,600,6.340000,0.090000
1479740840403,1.510000,1.500000,1400,1.520000,600,6.340000,0.090000
1479740842428,1.510000,1.500000,1400,1.520000,600,6.340000,0.090000
1479740844900,1.510000,1.500000,1400,1.520000,600,6.340000,0.090000
1479740846970,1.510000,1.500000,1400,1.520000,600,6.340000,0.090000
1479740848904,1.510000,1.500000,1400,1.520000,600,6.340000,0.090000
1479740850919,1.510000,1.500000,1400,1.520000,600,6.340000,0.090000
1479740852903,1.510000,1.500000,1400,1.520000,600,6.340000,0.090000
1479740854915,1.510000,1.500000,1400,1.520000,600,6.340000,0.090000
1479740856910,1.510000,1.500000,1400,1.520000,600,6.340000,0.090000
1479740857915,1.510000,1.500000,1400,1.520000,600,6.340000,0.090000
1479740860916,1.510000,1.500000,1400,1.520000,600,6.340000,0.090000
1479740862460,1.510000,1.500000,1400,1.520000,600,6.340000,0.090000
1479740864913,1.510000,1.500000,1400,1.520000,700,6.340000,0.090000
1479740866467,1.510000,1.500000,1400,1.520000,700,6.340000,0.090000
1479740869439,1.510000,1.500000,1400,1.520000,700,6.340000,0.090000
1479740871479,1.510000,1.500000,3900,1.520000,700,6.340000,0.090000
1479740872476,1.510000,1.500000,3900,1.520000,700,6.340000,0.090000
1479740875455,1.510000,1.500000,3900,1.520000,700,6.340000,0.090000
1479740877479,1.510000,1.500000,3900,1.520000,700,6.340000,0.090000
1479740879466,1.510000,1.500000,3900,1.520000,700,6.340000,0.090000
1479740881454,1.510000,1.500000,3900,1.520000,700,6.340000,0.090000
1479740883478,1.510000,1.500000,3900,1.520000,800,6.340000,0.090000
1479740885461,1.510000,1.500000,3900,1.520000,800,6.340000,0.090000
1479740887912,1.510000,1.500000,3900,1.520000,800,6.340000,0.090000
1479740889951,1.510000,1.500000,3900,1.520000,800,6.340000,0.090000
1479740892038,1.510000,1.500000,3900,1.520000,800,6.340000,0.090000
1479740894037,1.510000,1.500000,3900,1.520000,800,6.340000,0.090000
1479740895966,1.510000,1.500000,3900,1.520000,800,6.340000,0.090000
1479740897957,1.510000,1.500000,3900,1.520000,800,6.340000,0.090000
1479740899949,1.510000,1.500000,3900,1.520000,800,6.340000,0.090000
1479740901965,1.510000,1.500000,3900,1.520000,800,6.340000,0.090000
1479740903938,1.510000,1.500000,3900,1.520000,800,6.340000,0.090000
1479740905966,1.516700,1.500000,3900,1.520000,800,6.810000,0.096700
1479740908468,1.516700,1.500000,3900,1.520000,800,6.810000,0.096700
1479740910454,1.516700,1.500000,3900,1.520000,800,6.810000,0.096700
1479740912521,1.516700,1.500000,3900,1.520000,800,6.810000,0.096700
1479740914466,1.516700,1.500000,3900,1.520000,800,6.810000,0.096700
1479740916501,1.505000,1.500000,3100,1.510000,1000,5.990000,0.085000
1479740918464,1.505000,1.500000,3100,1.510000,1000,5.990000,0.085000
1479740920470,1.505000,1.500000,3100,1.510000,1000,5.990000,0.085000
1479740922494,1.505000,1.500000,3100,1.510000,1000,5.990000,0.085000
1479740924471,1.505000,1.500000,3100,1.510000,1000,5.990000,0.085000
1479740926960,1.505000,1.500000,3100,1.510000,1000,5.990000,0.085000
1479740928956,1.505000,1.500000,3100,1.510000,1000,5.990000,0.085000
1479740930992,1.510000,1.500000,3100,1.520000,7900,6.340000,0.090000
1479740932996,1.510000,1.500000,3100,1.520000,7900,6.340000,0.090000
1479740935030,1.510000,1.500000,3100,1.520000,8400,6.340000,0.090000
1479740936968,1.510000,1.500000,3100,1.520000,8400,6.340000,0.090000
1479740938995,1.510000,1.500000,3100,1.520000,8400,6.340000,0.090000
1479740940971,1.510000,1.500000,3100,1.520000,8400,6.340000,0.090000
1479740942979,1.510000,1.500000,3100,1.520000,8900,6.340000,0.090000
1479740944967,1.510000,1.500000,3100,1.520000,8900,6.340000,0.090000
1479740946517,1.510000,1.500000,3100,1.520000,8900,6.340000,0.090000
1479740949479,1.510000,1.500000,3100,1.520000,8900,6.340000,0.090000
1479740951508,1.510000,1.500000,3100,1.520000,8900,6.340000,0.090000
1479740954519,1.510000,1.500000,3100,1.520000,8900,6.340000,0.090000
1479740956489,1.510000,1.500000,3100,1.520000,8900,6.340000,0.090000
1479740959018,1.510000,1.500000,3100,1.520000,8900,6.340000,0.090000
1479740960483,1.510000,1.500000,3100,1.520000,8900,6.340000,0.090000
1479740963007,1.510000,1.500000,3100,1.520000,8900,6.340000,0.090000
1479740965059,1.510000,1.500000,3100,1.520000,8900,6.340000,0.090000
1479740966985,1.510000,1.500000,3100,1.520000,8900,6.340000,0.090000
1479740969009,1.510000,1.500000,3100,1.520000,8900,6.340000,0.090000
1479740970979,1.510000,1.500000,3100,1.520000,8900,6.340000,0.090000
1479740973002,1.510000,1.500000,3100,1.520000,8900,6.340000,0.090000
1479740975008,1.510000,1.500000,3100,1.520000,8900,6.340000,0.090000
1479740977022,1.510000,1.500000,3100,1.520000,8900,6.340000,0.090000
1479740979513,1.510000,1.500000,3100,1.520000,8900,6.340000,0.090000
1479740980986,1.510000,1.500000,3100,1.520000,8900,6.340000,0.090000
1479740982523,1.510000,1.500000,3100,1.520000,8900,6.340000,0.090000
1479740985510,1.510000,1.500000,3100,1.520000,8900,6.340000,0.090000
1479740987522,1.510000,1.500000,3100,1.520000,8900,6.340000,0.090000
1479740989549,1.510000,1.500000,3100,1.520000,8900,6.340000,0.090000
1479740991502,1.510000,1.500000,3100,1.520000,8900,6.340000,0.090000
1479740993511,1.510000,1.500000,3100,1.520000,8900,6.340000,0.090000
1479740994006,1.510000,1.500000,3100,1.520000,8900,6.340000,0.090000
1479740997510,1.510000,1.500000,3100,1.520000,8900,6.340000,0.090000
1479741000056,1.510000,1.500000,3100,1.520000,8900,6.340000,0.090000
1479741002022,1.510000,1.500000,3100,1.520000,8900,6.340000,0.090000
1479741004036,1.518600,1.500000,3100,1.520000,8900,6.940000,0.098600
1479741005020,1.518600,1.500000,3100,1.520000,8900,6.940000,0.098600
1479741008033,1.518600,1.500000,3100,1.520000,8900,6.940000,0.098600
1479741009016,1.518600,1.500000,3100,1.520000,8900,6.940000,0.098600
1479741010509,1.518600,1.500000,3100,1.520000,8900,6.940000,0.098600
1479741014060,1.518600,1.500000,3100,1.520000,8900,6.940000,0.098600
1479741016025,1.518600,1.500000,3100,1.520000,8900,6.940000,0.098600
1479741018542,1.518600,1.500000,3100,1.520000,8900,6.940000,0.098600
1479741020537,1.518600,1.500000,3100,1.520000,8900,6.940000,0.098600
1479741021587,1.518600,1.500000,3100,1.520000,8900,6.940000,0.098600
1479741024035,1.518600,1.500000,3100,1.520000,8900,6.940000,0.098600
1479741026537,1.518600,1.500000,3100,1.520000,8900,6.940000,0.098600
1479741028574,1.518600,1.500000,3100,1.520000,8900,6.940000,0.098600
1479741030553,1.518600,1.500000,3100,1.520000,8900,6.940000,0.098600
1479741032530,1.518600,1.500000,3100,1.520000,8900,6.940000,0.098600
1479741034537,1.518600,1.500000,3100,1.520000,8900,6.940000,0.098600
1479741036541,1.518600,1.500000,3100,1.520000,8900,6.940000,0.098600
1479741038541,1.518600,1.500000,3100,1.520000,8900,6.940000,0.098600
1479741040626,1.518600,1.500000,3100,1.520000,8900,6.940000,0.098600
1479741042549,1.518600,1.500000,3100,1.520000,8900,6.940000,0.098600
1479741045053,1.518600,1.500000,3100,1.520000,8900,6.940000,0.098600
1479741047056,1.518600,1.500000,3100,1.520000,8900,6.940000,0.098600
1479741048557,1.518600,1.500000,3100,1.520000,8900,6.940000,0.098600
1479741051121,1.518600,1.500000,3100,1.520000,8900,6.940000,0.098600
1479741053092,1.518600,1.500000,3100,1.520000,8900,6.940000,0.098600
1479741053570,1.518600,1.500000,3100,1.520000,8900,6.940000,0.098600
1479741057581,1.518600,1.500000,4100,1.520000,8900,6.940000,0.098600
1479741059536,1.518600,1.500000,4100,1.520000,8900,6.940000,0.098600
1479741061576,1.518600,1.500000,4100,1.520000,8900,6.940000,0.098600
1479741063565,1.518600,1.500000,4100,1.520000,8900,6.940000,0.098600
1479741066069,1.518600,1.500000,4100,1.520000,8900,6.940000,0.098600
1479741068162,1.518600,1.500000,4100,1.520000,8900,6.940000,0.098600
1479741069971,1.518600,1.500000,4100,1.520000,8900,6.940000,0.098600
1479741072414,1.518600,1.500000,4100,1.520000,8900,6.940000,0.098600
1479741074409,1.518600,1.500000,4100,1.520000,8900,6.940000,0.098600
1479741076407,1.518600,1.500000,4100,1.520000,8900,6.940000,0.098600
1479741077963,1.518600,1.500000,4100,1.520000,8900,6.940000,0.098600
1479741079926,1.518600,1.500000,4100,1.520000,8900,6.940000,0.098600
1479741082452,1.518600,1.500000,4100,1.520000,8900,6.940000,0.098600
1479741083913,1.518600,1.500000,4100,1.520000,8900,6.940000,0.098600
1479741086426,1.510000,1.500000,4100,1.520000,8900,6.340000,0.090000
1479741088920,1.510000,1.500000,4100,1.520000,8900,6.340000,0.090000
1479741090928,1.510000,1.500000,4400,1.520000,8900,6.340000,0.090000
1479741092917,1.510000,1.500000,4400,1.520000,8900,6.340000,0.090000
1479741094937,1.510000,1.500000,4400,1.520000,8900,6.340000,0.090000
1479741096965,1.510000,1.500000,4400,1.520000,8900,6.340000,0.090000
1479741097936,1.510000,1.500000,4400,1.520000,8900,6.340000,0.090000
1479741100941,1.510000,1.500000,4400,1.520000,8900,6.340000,0.090000
1479741102493,1.510000,1.500000,4400,1.520000,8900,6.340000,0.090000
1479741104417,1.510000,1.500000,4400,1.520000,8900,6.340000,0.090000
1479741107446,1.510000,1.500000,4400,1.520000,8900,6.340000,0.090000
1479741109409,1.510000,1.500000,4400,1.520000,8900,6.340000,0.090000
1479741111430,1.500000,1.500000,4200,1.520000,8900,5.630000,0.080000
1479741112437,1.500000,1.500000,4200,1.520000,8900,5.630000,0.080000
1479741115503,1.500000,1.500000,4200,1.520000,8900,5.630000,0.080000
1479741116945,1.500000,1.500000,4200,1.520000,8900,5.630000,0.080000
1479741119446,1.500000,1.500000,4200,1.520000,8900,5.630000,0.080000
1479741121465,1.500000,1.500000,4200,1.520000,8900,5.630000,0.080000
1479741123452,1.500000,1.500000,4200,1.520000,8900,5.630000,0.080000
1479741125480,1.500000,1.500000,4200,1.520000,8900,5.630000,0.080000
1479741127981,1.500000,1.500000,4200,1.520000,8900,5.630000,0.080000
1479741129968,1.500000,1.500000,4200,1.510000,300,5.630000,0.080000
1479741131962,1.500000,1.500000,4200,1.510000,300,5.630000,0.080000
1479741133965,1.500000,1.500000,4200,1.510000,300,5.630000,0.080000
1479741135969,1.500000,1.500000,4300,1.510000,300,5.630000,0.080000
1479741137966,1.500000,1.500000,4300,1.510000,300,5.630000,0.080000
1479741140466,1.500000,1.500000,4300,1.510000,300,5.630000,0.080000
1479741142500,1.500000,1.500000,4300,1.510000,300,5.630000,0.080000
1479741144478,1.500000,1.500000,4300,1.510000,300,5.630000,0.080000
1479741146499,1.500000,1.500000,4300,1.510000,300,5.630000,0.080000
1479741148481,1.500000,1.500000,4300,1.510000,300,5.630000,0.080000
1479741150443,1.500000,1.500000,4300,1.510000,300,5.630000,0.080000
1479741152478,1.500000,1.500000,4300,1.510000,300,5.630000,0.080000
1479741155000,1.500000,1.500000,4300,1.510000,300,5.630000,0.080000
1479741156958,1.500000,1.500000,4300,1.510000,300,5.630000,0.080000
1479741158988,1.500000,1.500000,4300,1.510000,300,5.630000,0.080000
1479741160982,1.500000,1.500000,4300,1.510000,300,5.630000,0.080000
1479741163000,1.500000,1.500000,4300,1.510000,300,5.630000,0.080000
1479741164491,1.500000,1.500000,4300,1.510000,300,5.630000,0.080000
1479741166977,1.500000,1.500000,4300,1.510000,300,5.630000,0.080000
1479741168966,1.506400,1.500000,4300,1.510000,300,6.080000,0.086400
1479741171022,1.506400,1.500000,4300,1.510000,300,6.080000,0.086400
1479741172980,1.506400,1.500000,4300,1.510000,300,6.080000,0.086400
1479741174970,1.505000,1.500000,4300,1.510000,300,5.990000,0.085000
1479741177486,1.505000,1.500000,4300,1.510000,300,5.990000,0.085000
1479741179484,1.505000,1.500000,4300,1.510000,300,5.990000,0.085000
1479741181576,1.505000,1.500000,4300,1.510000,300,5.990000,0.085000
1479741183501,1.505000,1.500000,4300,1.510000,300,5.990000,0.085000
1479741185470,1.505000,1.500000,4300,1.510000,300,5.990000,0.085000
1479741187484,1.505000,1.500000,4300,1.510000,300,5.990000,0.085000
1479741189479,1.505000,1.500000,4300,1.510000,300,5.990000,0.085000
1479741191510,1.505000,1.500000,4300,1.510000,300,5.990000,0.085000
1479741193489,1.505000,1.500000,4300,1.510000,300,5.990000,0.085000
1479741195515,1.505000,1.500000,4300,1.510000,300,5.990000,0.085000
1479741197463,1.505000,1.500000,4300,1.510000,300,5.990000,0.085000
1479741199998,1.505000,1.500000,4300,1.510000,300,5.990000,0.085000
1479741202024,1.505000,1.500000,4300,1.510000,300,5.990000,0.085000
1479741203981,1.505000,1.500000,4300,1.510000,300,5.990000,0.085000
1479741205485,1.505000,1.500000,4300,1.510000,300,5.990000,0.085000
1479741207991,1.505000,1.500000,4300,1.510000,300,5.990000,0.085000
1479741210111,1.509900,1.500000,4300,1.510000,300,6.330000,0.089900
1479741211556,1.509900,1.500000,4300,1.510000,300,6.330000,0.089900
1479741214057,1.509900,1.500000,4300,1.510000,300,6.330000,0.089900
1479741216013,1.509900,1.500000,5000,1.510000,300,6.330000,0.089900
1479741218027,1.509900,1.500000,5000,1.510000,300,6.330000,0.089900
1479741220510,1.509900,1.500000,5000,1.510000,300,6.330000,0.089900
1479741222003,1.509900,1.500000,5000,1.510000,300,6.330000,0.089900
1479741224532,1.509900,1.500000,5000,1.510000,300,6.330000,0.089900
1479741225066,1.505000,1.500000,5800,1.510000,300,5.990000,0.085000
1479741228527,1.505000,1.500000,5800,1.510000,300,5.990000,0.085000
1479741230549,1.505000,1.500000,5800,1.510000,300,5.990000,0.085000
1479741232536,1.505000,1.500000,5800,1.510000,300,5.990000,0.085000
1479741234032,1.505000,1.500000,5800,1.510000,300,5.990000,0.085000
1479741236522,1.505000,1.500000,5800,1.510000,300,5.990000,0.085000
1479741238577,1.505000,1.500000,5800,1.510000,300,5.990000,0.085000
1479741239527,1.505000,1.500000,5800,1.510000,300,5.990000,0.085000
1479741243037,1.505000,1.500000,5800,1.510000,300,5.990000,0.085000
1479741245044,1.505000,1.500000,5800,1.510000,300,5.990000,0.085000
1479741247035,1.505000,1.500000,5800,1.510000,300,5.990000,0.085000
1479741248544,1.505000,1.500000,5800,1.510000,300,5.990000,0.085000
1479741250572,1.505000,1.500000,5800,1.510000,300,5.990000,0.085000
1479741253056,1.505000,1.500000,5800,1.510000,300,5.990000,0.085000
1479741253538,1.505000,1.500000,5800,1.510000,300,5.990000,0.085000
1479741257050,1.505000,1.500000,5800,1.510000,300,5.990000,0.085000
1479741259560,1.505000,1.500000,5800,1.510000,300,5.990000,0.085000
1479741261578,1.505000,1.500000,5800,1.510000,300,5.990000,0.085000
1479741263081,1.505000,1.500000,5800,1.510000,300,5.990000,0.085000
1479741265570,1.505000,1.500000,5800,1.510000,300,5.990000,0.085000
1479741266615,1.505000,1.500000,5800,1.510000,300,5.990000,0.085000
1479741268570,1.505000,1.500000,5800,1.510000,300,5.990000,0.085000
1479741271546,1.505000,1.500000,5800,1.510000,300,5.990000,0.085000
1479741273580,1.505000,1.500000,5800,1.510000,300,5.990000,0.085000
1479741275592,1.505000,1.500000,5800,1.510000,300,5.990000,0.085000
1479741278056,1.505000,1.500000,5800,1.510000,300,5.990000,0.085000
1479741279077,1.505000,1.500000,5800,1.510000,300,5.990000,0.085000
1479741282059,1.505000,1.500000,5800,1.510000,300,5.990000,0.085000
1479741284078,1.505000,1.500000,5800,1.510000,300,5.990000,0.085000
1479741286079,1.505000,1.500000,5800,1.510000,300,5.990000,0.085000
1479741288069,1.505000,1.500000,5800,1.510000,300,5.990000,0.085000
1479741289572,1.505000,1.500000,5800,1.510000,300,5.990000,0.085000
1479741291576,1.505800,1.500000,5800,1.510000,300,6.040000,0.085800
1479741294068,1.505800,1.500000,5800,1.510000,300,6.040000,0.085800
1479741296111,1.505800,1.500000,5800,1.510000,300,6.040000,0.085800
1479741298570,1.505800,1.500000,5800,1.510000,300,6.040000,0.085800
1479741300622,1.505800,1.500000,5800,1.510000,300,6.040000,0.085800
1479741302096,1.505800,1.500000,5800,1.510000,300,6.040000,0.085800
1479741304900,1.505800,1.500000,5800,1.510000,300,6.040000,0.085800
1479741306401,1.505800,1.500000,5800,1.510000,300,6.040000,0.085800
1479741308899,1.505800,1.500000,5800,1.510000,300,6.040000,0.085800
1479741310895,1.506200,1.500000,5800,1.510000,300,6.070000,0.086200
1479741312905,1.506200,1.500000,5800,1.510000,300,6.070000,0.086200
1479741314926,1.506200,1.500000,5800,1.510000,300,6.070000,0.086200
1479741316922,1.506200,1.500000,5800,1.510000,300,6.070000,0.086200
1479741318927,1.506200,1.500000,5800,1.510000,300,6.070000,0.086200
1479741320437,1.506200,1.500000,5800,1.510000,300,6.070000,0.086200
1479741322942,1.506200,1.500000,5800,1.510000,300,6.070000,0.086200
1479741324395,1.506200,1.500000,5800,1.510000,300,6.070000,0.086200
1479741327437,1.506200,1.500000,5800,1.510000,300,6.070000,0.086200
1479741327437,1.506200,1.500000,5800,1.510000,300,6.070000,0.086200
1479741331527,1.506200,1.500000,5800,1.510000,300,6.070000,0.086200
1479741332915,1.510000,1.500000,5800,1.510000,300,6.340000,0.090000
1479741335453,1.510000,1.500000,5800,1.510000,300,6.340000,0.090000
1479741337413,1.510000,1.500000,5800,1.510000,300,6.340000,0.090000
1479741339420,1.510000,1.500000,5800,1.510000,300,6.340000,0.090000
1479741341462,1.510000,1.500000,5800,1.510000,300,6.340000,0.090000
1479741343006,1.510000,1.500000,5800,1.510000,300,6.340000,0.090000
1479741345408,1.510000,1.500000,5800,1.510000,1000,6.340000,0.090000
1479741347438,1.510000,1.500000,5800,1.510000,1000,6.340000,0.090000
1479741349502,1.510000,1.500000,5800,1.510000,1000,6.340000,0.090000
1479741351931,1.510000,1.500000,5800,1.510000,1000,6.340000,0.090000
1479741352932,1.510000,1.500000,5800,1.510000,1000,6.340000,0.090000
1479741355946,1.510000,1.500000,5800,1.510000,1000,6.340000,0.090000
1479741357926,1.510000,1.500000,5800,1.510000,1000,6.340000,0.090000
1479741359948,1.510000,1.500000,5800,1.510000,1000,6.340000,0.090000
1479741361940,1.510000,1.500000,5800,1.510000,1000,6.340000,0.090000
1479741363941,1.510000,1.500000,5800,1.510000,1000,6.340000,0.090000
1479741365957,1.510000,1.500000,5800,1.510000,1000,6.340000,0.090000
1479741367984,1.510000,1.500000,5800,1.510000,1000,6.340000,0.090000
1479741369960,1.510000,1.500000,5800,1.510000,1000,6.340000,0.090000
1479741372492,1.510000,1.500000,5800,1.510000,1000,6.340000,0.090000
1479741374477,1.509900,1.500000,5800,1.510000,1000,6.330000,0.089900
1479741376456,1.509900,1.500000,5800,1.510000,1000,6.330000,0.089900
1479741378465,1.509900,1.500000,5800,1.510000,1000,6.330000,0.089900
1479741380478,1.509900,1.500000,5800,1.510000,1000,6.330000,0.089900
1479741382467,1.509900,1.500000,5800,1.510000,900,6.330000,0.089900
1479741384537,1.509900,1.500000,5800,1.510000,900,6.330000,0.089900
1479741386472,1.509900,1.500000,5800,1.510000,900,6.330000,0.089900
1479741388476,1.509900,1.500000,5800,1.510000,900,6.330000,0.089900
1479741390498,1.509600,1.500000,5800,1.510000,900,6.310000,0.089600
1479741392967,1.509600,1.500000,5800,1.510000,900,6.310000,0.089600
1479741394999,1.509900,1.500000,5800,1.510000,900,6.330000,0.089900
1479741396951,1.509900,1.500000,5800,1.510000,900,6.330000,0.089900
1479741398972,1.509900,1.500000,5800,1.510000,900,6.330000,0.089900
1479741400002,1.509900,1.500000,5800,1.510000,900,6.330000,0.089900
1479741402539,1.509900,1.500000,5800,1.510000,900,6.330000,0.089900
1479741404993,1.509900,1.500000,5800,1.510000,900,6.330000,0.089900
1479741406987,1.509900,1.500000,5800,1.510000,900,6.330000,0.089900
1479741408966,1.509900,1.500000,5800,1.510000,900,6.330000,0.089900
1479741410983,1.509900,1.500000,5800,1.510000,900,6.330000,0.089900
1479741413496,1.509900,1.500000,5800,1.510000,900,6.330000,0.089900
1479741415520,1.509900,1.500000,5800,1.510000,900,6.330000,0.089900
1479741417505,1.510000,1.500000,5800,1.510000,900,6.340000,0.090000
1479741419537,1.510000,1.500000,5800,1.510000,900,6.340000,0.090000
1479741421514,1.510000,1.500000,5800,1.510000,900,6.340000,0.090000
1479741423530,1.510000,1.500000,5800,1.510000,900,6.340000,0.090000
1479741425532,1.510000,1.500000,5800,1.510000,900,6.340000,0.090000
1479741427544,1.510000,1.500000,5800,1.510000,900,6.340000,0.090000
1479741429531,1.510000,1.500000,5800,1.510000,900,6.340000,0.090000
1479741431995,1.510000,1.500000,5800,1.510000,900,6.340000,0.090000
1479741433994,1.510000,1.500000,5800,1.510000,900,6.340000,0.090000
1479741436009,1.510000,1.500000,5800,1.510000,900,6.340000,0.090000
1479741438013,1.510000,1.500000,5800,1.510000,900,6.340000,0.090000
1479741440040,1.510000,1.500000,5800,1.510000,900,6.340000,0.090000
1479741442047,1.510000,1.500000,5800,1.510000,900,6.340000,0.090000
1479741444000,1.500000,1.500000,3500,1.510000,900,5.630000,0.080000
1479741446086,1.500000,1.500000,3500,1.510000,900,5.630000,0.080000
1479741448048,1.500000,1.500000,1600,1.510000,900,5.630000,0.080000
1479741449527,1.500000,1.500000,1600,1.510000,900,5.630000,0.080000
1479741451526,1.500000,1.500000,1600,1.510000,300,5.630000,0.080000
1479741454014,1.500000,1.500000,1600,1.510000,300,5.630000,0.080000
1479741456539,1.500000,1.500000,1600,1.510000,300,5.630000,0.080000
1479741458503,1.500000,1.500000,1600,1.510000,300,5.630000,0.080000
1479741460542,1.500000,1.500000,1600,1.510000,300,5.630000,0.080000
1479741462556,1.500000,1.500000,1600,1.510000,300,5.630000,0.080000
1479741464522,1.500000,1.500000,4100,1.510000,300,5.630000,0.080000
1479741466523,1.500000,1.500000,4100,1.510000,300,5.630000,0.080000
1479741468607,1.510000,1.500000,4100,1.510000,300,6.340000,0.090000
1479741470572,1.510000,1.500000,4100,1.510000,300,6.340000,0.090000
1479741473101,1.510000,1.500000,4100,1.510000,300,6.340000,0.090000
1479741475116,1.510000,1.500000,4100,1.510000,300,6.340000,0.090000
1479741477054,1.510000,1.500000,4100,1.510000,300,6.340000,0.090000
1479741479028,1.510000,1.500000,4100,1.510000,300,6.340000,0.090000
1479741480564,1.510000,1.500000,4100,1.510000,300,6.340000,0.090000
1479741482533,1.510000,1.500000,4100,1.510000,300,6.340000,0.090000
1479741485067,1.510000,1.500000,4100,1.510000,300,6.340000,0.090000
1479741487063,1.510000,1.500000,4100,1.510000,300,6.340000,0.090000
1479741489560,1.510000,1.500000,4100,1.510000,300,6.340000,0.090000
1479741491596,1.510000,1.500000,4100,1.510000,300,6.340000,0.090000
1479741493031,1.510000,1.500000,4100,1.510000,300,6.340000,0.090000
1479741495550,1.510000,1.500000,4100,1.510000,300,6.340000,0.090000
1479741497557,1.510000,1.500000,4100,1.510000,300,6.340000,0.090000
1479741499594,1.510000,1.500000,4100,1.510000,300,6.340000,0.090000
1479741501554,1.510000,1.500000,4100,1.510000,300,6.340000,0.090000
1479741503669,1.510000,1.500000,4100,1.510000,300,6.340000,0.090000
1479741505586,1.510000,1.500000,4100,1.510000,300,6.340000,0.090000
1479741505586,1.510000,1.500000,4100,1.510000,300,6.340000,0.090000
1479741509546,1.509000,1.500000,500,1.510000,300,6.270000,0.089000
1479741512041,1.510000,1.500000,10200,1.510000,300,6.340000,0.090000
1479741513555,1.510000,1.500000,10200,1.510000,300,6.340000,0.090000
1479741516060,1.510000,1.500000,10200,1.510000,300,6.340000,0.090000
1479741518048,1.510000,1.500000,10200,1.510000,300,6.340000,0.090000
1479741519643,1.510000,1.500000,10200,1.510000,300,6.340000,0.090000
1479741522086,1.510000,1.500000,10200,1.510000,300,6.340000,0.090000
1479741523563,1.510000,1.500000,10200,1.510000,300,6.340000,0.090000
1479741526071,1.510000,1.500000,10200,1.510000,300,6.340000,0.090000
1479741528084,1.510000,1.500000,10200,1.510000,300,6.340000,0.090000
1479741529083,1.510000,1.500000,10200,1.510000,300,6.340000,0.090000
1479741531860,1.510000,1.500000,10200,1.510000,300,6.340000,0.090000
1479741534397,1.510000,1.500000,10200,1.510000,300,6.340000,0.090000
1479741535905,1.510000,1.500000,10200,1.510000,300,6.340000,0.090000
1479741538897,1.510000,1.500000,10200,1.510000,300,6.340000,0.090000
1479741540890,1.510000,1.500000,10200,1.510000,300,6.340000,0.090000
1479741542924,1.510000,1.500000,10200,1.510000,300,6.340000,0.090000
1479741544903,1.510000,1.500000,10200,1.510000,300,6.340000,0.090000
1479741546947,1.510000,1.500000,10200,1.510000,300,6.340000,0.090000
1479741548918,1.510000,1.500000,10200,1.510000,300,6.340000,0.090000
1479741550938,1.510000,1.500000,10200,1.510000,300,6.340000,0.090000
1479741552923,1.510000,1.500000,10200,1.510000,300,6.340000,0.090000
1479741554913,1.510000,1.500000,10200,1.510000,300,6.340000,0.090000
1479741556904,1.510000,1.500000,10200,1.510000,300,6.340000,0.090000
1479741559433,1.510000,1.500000,10200,1.510000,300,6.340000,0.090000
1479741560933,1.500000,1.500000,10200,1.510000,300,5.630000,0.080000
1479741563417,1.500000,1.500000,10200,1.510000,300,5.630000,0.080000
1479741565430,1.500000,1.500000,10200,1.510000,300,5.630000,0.080000
1479741567423,1.500000,1.500000,10200,1.510000,300,5.630000,0.080000
1479741568409,1.500000,1.500000,10200,1.510000,300,5.630000,0.080000
1479741571482,1.500000,1.500000,10200,1.510000,300,5.630000,0.080000
1479741572931,1.500000,1.500000,10200,1.510000,300,5.630000,0.080000
1479741575443,1.500000,1.500000,10200,1.510000,300,5.630000,0.080000
1479741577435,1.500000,1.500000,10200,1.510000,300,5.630000,0.080000
1479741579436,1.500000,1.500000,10200,1.510000,300,5.630000,0.080000
1479741581930,1.500000,1.500000,10200,1.510000,300,5.630000,0.080000
1479741583933,1.500000,1.500000,10200,1.510000,300,5.630000,0.080000
1479741585946,1.500000,1.500000,10200,1.510000,300,5.630000,0.080000
1479741587969,1.500000,1.500000,10200,1.510000,300,5.630000,0.080000
1479741589991,1.500000,1.500000,10200,1.510000,300,5.630000,0.080000
1479741592017,1.500000,1.500000,10200,1.510000,300,5.630000,0.080000
1479741594443,1.500000,1.500000,10200,1.510000,300,5.630000,0.080000
1479741596491,1.500000,1.500000,10200,1.510000,300,5.630000,0.080000
1479741597954,1.500000,1.500000,10200,1.510000,300,5.630000,0.080000
1479741600444,1.500000,1.500000,10200,1.510000,300,5.630000,0.080000
1479741602463,1.500000,1.500000,10200,1.510000,300,5.630000,0.080000
1479741604481,1.500000,1.500000,10200,1.510000,300,5.630000,0.080000
1479741606472,1.500000,1.500000,10200,1.510000,300,5.630000,0.080000
1479741608449,1.500000,1.500000,10200,1.510000,300,5.630000,0.080000
1479741610469,1.500000,1.500000,10200,1.510000,300,5.630000,0.080000
1479741612455,1.500000,1.500000,10200,1.510000,300,5.630000,0.080000
1479741614434,1.500000,1.500000,10200,1.510000,300,5.630000,0.080000
1479741616997,1.500000,1.500000,10200,1.510000,300,5.630000,0.080000
1479741618982,1.500000,1.500000,10200,1.510000,300,5.630000,0.080000
1479741621033,1.500000,1.500000,10200,1.510000,300,5.630000,0.080000
1479741622506,1.500000,1.500000,10200,1.510000,300,5.630000,0.080000
1479741624981,1.500000,1.500000,10200,1.510000,300,5.630000,0.080000
1479741626974,1.500000,1.500000,10200,1.510000,300,5.630000,0.080000
1479741628976,1.500000,1.500000,10200,1.510000,300,5.630000,0.080000
1479741630531,1.500000,1.500000,10200,1.510000,300,5.630000,0.080000
1479741632509,1.500000,1.500000,10200,1.510000,300,5.630000,0.080000
1479741635010,1.500000,1.500000,10200,1.510000,300,5.630000,0.080000
1479741636997,1.500000,1.500000,10200,1.510000,300,5.630000,0.080000
1479741639487,1.500000,1.500000,10200,1.510000,300,5.630000,0.080000
1479741641484,1.500000,1.500000,10200,1.510000,300,5.630000,0.080000
1479741643515,1.500000,1.500000,10200,1.510000,300,5.630000,0.080000
1479741645580,1.500000,1.500000,10200,1.510000,300,5.630000,0.080000
1479741647000,1.500000,1.500000,10200,1.510000,300,5.630000,0.080000
1479741649538,1.500000,1.500000,10200,1.510000,1200,5.630000,0.080000
1479741651508,1.500000,1.500000,10200,1.510000,1200,5.630000,0.080000
1479741653512,1.500000,1.500000,10200,1.510000,1200,5.630000,0.080000
1479741655010,1.500000,1.500000,10200,1.510000,1200,5.630000,0.080000
1479741657504,1.500000,1.500000,10200,1.510000,1200,5.630000,0.080000
1479741660039,1.500000,1.500000,10200,1.510000,1200,5.630000,0.080000
1479741661500,1.500000,1.500000,10200,1.510000,1200,5.630000,0.080000
1479741664045,1.500000,1.500000,10200,1.510000,1200,5.630000,0.080000
1479741665504,1.500000,1.500000,10200,1.510000,1200,5.630000,0.080000
1479741667998,1.500000,1.500000,10200,1.510000,1200,5.630000,0.080000
1479741670011,1.500000,1.500000,10200,1.510000,1200,5.630000,0.080000
1479741672076,1.500000,1.500000,10200,1.510000,1200,5.630000,0.080000
1479741673525,1.500000,1.500000,10200,1.510000,1200,5.630000,0.080000
1479741676498,1.500000,1.500000,10200,1.510000,1200,5.630000,0.080000
1479741678526,1.500000,1.500000,10200,1.510000,1200,5.630000,0.080000
1479741680533,1.500000,1.500000,10200,1.510000,1200,5.630000,0.080000
1479741682533,1.500000,1.500000,10200,1.510000,1200,5.630000,0.080000
1479741683525,1.500000,1.500000,10200,1.510000,1200,5.630000,0.080000
1479741686512,1.500000,1.500000,10200,1.510000,1200,5.630000,0.080000
1479741688149,1.500000,1.500000,10200,1.510000,1200,5.630000,0.080000
1479741690528,1.500000,1.500000,10200,1.510000,1200,5.630000,0.080000
1479741692539,1.500000,1.500000,10200,1.510000,1200,5.630000,0.080000
1479741693522,1.500000,1.500000,10200,1.510000,1200,5.630000,0.080000
1479741696541,1.500000,1.500000,10200,1.510000,1200,5.630000,0.080000
1479741698030,1.500000,1.500000,10200,1.510000,1200,5.630000,0.080000
1479741701041,1.500000,1.500000,10200,1.510000,1200,5.630000,0.080000
1479741703062,1.500000,1.500000,10200,1.510000,1200,5.630000,0.080000
1479741704004,1.505000,1.500000,10200,1.510000,1200,5.990000,0.085000
1479741707052,1.505000,1.500000,10200,1.510000,1200,5.990000,0.085000
1479741709084,1.505000,1.500000,10200,1.510000,1200,5.990000,0.085000
1479741711057,1.505000,1.500000,10200,1.510000,1200,5.990000,0.085000
1479741713078,1.505000,1.500000,10200,1.510000,1200,5.990000,0.085000
1479741715085,1.505000,1.500000,10200,1.510000,1200,5.990000,0.085000
1479741717113,1.505000,1.500000,10200,1.510000,1200,5.990000,0.085000
1479741718611,1.505000,1.500000,10200,1.510000,1200,5.990000,0.085000
1479741721567,1.505000,1.500000,10200,1.510000,1200,5.990000,0.085000
1479741723576,1.505000,1.500000,10200,1.510000,1200,5.990000,0.085000
1479741725586,1.505000,1.500000,10200,1.510000,1200,5.990000,0.085000
1479741727568,1.505000,1.500000,10200,1.510000,1200,5.990000,0.085000
1479741729079,1.505000,1.500000,10200,1.510000,1200,5.990000,0.085000
1479741730607,1.505000,1.500000,10200,1.510000,1200,5.990000,0.085000
1479741733566,1.505000,1.500000,10200,1.510000,1200,5.990000,0.085000
1479741735106,1.505000,1.500000,10200,1.510000,1200,5.990000,0.085000
1479741737571,1.505000,1.500000,10200,1.510000,1200,5.990000,0.085000
1479741739562,1.505000,1.500000,10200,1.510000,1200,5.990000,0.085000
1479741741597,1.505000,1.500000,10200,1.510000,1200,5.990000,0.085000
1479741743558,1.505000,1.500000,10200,1.510000,1200,5.990000,0.085000
1479741745556,1.505000,1.500000,10200,1.510000,1200,5.990000,0.085000
1479741748075,1.505000,1.500000,10200,1.510000,6000,5.990000,0.085000
1479741748569,1.505000,1.500000,10200,1.510000,6000,5.990000,0.085000
1479741752064,1.505000,1.500000,10200,1.510000,6000,5.990000,0.085000
1479741754097,1.505000,1.500000,10200,1.510000,6000,5.990000,0.085000
1479741756142,1.505000,1.500000,10200,1.510000,6000,5.990000,0.085000
1479741757600,1.505000,1.500000,10200,1.510000,6000,5.990000,0.085000
1479741759603,1.505000,1.500000,10200,1.510000,6000,5.990000,0.085000
1479741761917,1.505000,1.500000,10200,1.510000,6000,5.990000,0.085000
1479741764405,1.505000,1.500000,10200,1.510000,6000,5.990000,0.085000
1479741765901,1.505000,1.500000,10200,1.510000,6000,5.990000,0.085000
1479741768403,1.505000,1.500000,10200,1.510000,6000,5.990000,0.085000
1479741770905,1.505000,1.500000,10200,1.510000,6000,5.990000,0.085000
1479741772406,1.505000,1.500000,10200,1.510000,6000,5.990000,0.085000
1479741774931,1.500000,1.500000,10200,1.510000,6000,5.630000,0.080000
1479741776916,1.500000,1.500000,10200,1.510000,6000,5.630000,0.080000
1479741778420,1.500000,1.500000,10200,1.510000,6000,5.630000,0.080000
1479741780914,1.500000,1.500000,10200,1.510000,6000,5.630000,0.080000
1479741782924,1.500000,1.500000,10200,1.510000,6000,5.630000,0.080000
1479741785440,1.500000,1.500000,10200,1.510000,6000,5.630000,0.080000
1479741787436,1.500000,1.500000,10200,1.510000,6000,5.630000,0.080000
1479741789479,1.500000,1.500000,10200,1.510000,6000,5.630000,0.080000
1479741791422,1.500000,1.500000,10200,1.510000,6000,5.630000,0.080000
1479741793446,1.500000,1.500000,10200,1.510000,6000,5.630000,0.080000
1479741794942,1.500000,1.500000,10200,1.510000,6000,5.630000,0.080000
1479741797426,1.500000,1.500000,10200,1.510000,6000,5.630000,0.080000
1479741799456,1.500000,1.500000,10200,1.510000,6000,5.630000,0.080000
1479741801423,1.500000,1.500000,10200,1.510000,6000,5.630000,0.080000
1479741803465,1.500000,1.500000,10200,1.510000,6000,5.630000,0.080000
1479741805478,1.500000,1.500000,10200,1.510000,6000,5.630000,0.080000
1479741807950,1.500000,1.500000,10200,1.510000,6000,5.630000,0.080000
1479741809959,1.500000,1.500000,10200,1.510000,6000,5.630000,0.080000
1479741811958,1.500000,1.500000,10200,1.510000,6000,5.630000,0.080000
1479741813971,1.500000,1.500000,10200,1.510000,6000,5.630000,0.080000
1479741815930,1.500000,1.500000,10200,1.510000,6000,5.630000,0.080000
1479741817536,1.500000,1.500000,10200,1.510000,6000,5.630000,0.080000
1479741819940,1.500000,1.500000,10200,1.510000,6000,5.630000,0.080000
1479741821966,1.500000,1.500000,10200,1.510000,6000,5.630000,0.080000
1479741823968,1.500000,1.500000,10200,1.510000,6000,5.630000,0.080000
1479741826487,1.500000,1.500000,10200,1.510000,6000,5.630000,0.080000
1479741828484,1.500000,1.500000,10200,1.510000,6000,5.630000,0.080000
1479741830448,1.503300,1.500000,10200,1.510000,6000,5.870000,0.083300
1479741832531,1.503300,1.500000,10200,1.510000,6000,5.870000,0.083300
1479741834486,1.503300,1.500000,10200,1.510000,6000,5.870000,0.083300
1479741836475,1.500000,1.500000,10200,1.510000,6000,5.630000,0.080000
1479741838482,1.500000,1.500000,10200,1.510000,6000,5.630000,0.080000
1479741840523,1.500000,1.500000,10200,1.510000,6000,5.630000,0.080000
1479741842472,1.500000,1.500000,10200,1.510000,6000,5.630000,0.080000
1479741844487,1.500000,1.500000,10200,1.510000,6000,5.630000,0.080000
1479741846519,1.500000,1.500000,10200,1.510000,6000,5.630000,0.080000
1479741848996,1.500000,1.500000,10200,1.510000,6000,5.630000,0.080000
1479741850991,1.500000,1.500000,10200,1.510000,6000,5.630000,0.080000
1479741852989,1.500000,1.500000,10200,1.510000,6000,5.630000,0.080000
1479741854979,1.500000,1.500000,10200,1.510000,6000,5.630000,0.080000
1479741856983,1.500000,1.500000,10200,1.510000,6000,5.630000,0.080000
1479741859010,1.500000,1.500000,10200,1.510000,6000,5.630000,0.080000
1479741860507,1.500000,1.500000,10200,1.510000,6000,5.630000,0.080000
1479741863015,1.500000,1.500000,10200,1.510000,6000,5.630000,0.080000
1479741864986,1.500000,1.500000,10200,1.510000,6000,5.630000,0.080000
1479741867013,1.500000,1.500000,10200,1.510000,6000,5.630000,0.080000
1479741869492,1.500000,1.500000,10200,1.510000,6000,5.630000,0.080000
1479741871505,1.500000,1.500000,10200,1.510000,6000,5.630000,0.080000
1479741873481,1.500000,1.500000,10200,1.510000,6000,5.630000,0.080000
1479741875521,1.500000,1.500000,10200,1.510000,6000,5.630000,0.080000
1479741877479,1.500000,1.500000,10200,1.510000,6000,5.630000,0.080000
1479741879487,1.500000,1.500000,10200,1.510000,6000,5.630000,0.080000
1479741881529,1.500000,1.500000,10200,1.510000,6000,5.630000,0.080000
1479741883498,1.500000,1.500000,10200,1.510000,6000,5.630000,0.080000
1479741885516,1.500000,1.500000,10200,1.510000,6000,5.630000,0.080000
1479741887591,1.500000,1.500000,10200,1.510000,6000,5.630000,0.080000
1479741890088,1.500000,1.500000,10200,1.510000,6000,5.630000,0.080000
1479741892061,1.500000,1.500000,10200,1.510000,6000,5.630000,0.080000
1479741894012,1.509900,1.500000,10200,1.510000,6000,6.330000,0.089900
1479741896033,1.509900,1.500000,10200,1.510000,6000,6.330000,0.089900
1479741898028,1.500000,1.500000,7400,1.510000,6100,5.630000,0.080000
1479741900016,1.500000,1.500000,7400,1.510000,6100,5.630000,0.080000
1479741902019,1.500000,1.500000,7400,1.510000,6000,5.630000,0.080000
1479741904033,1.500000,1.500000,7400,1.510000,6000,5.630000,0.080000
1479741906576,1.500000,1.500000,7400,1.510000,6000,5.630000,0.080000
1479741908534,1.500000,1.500000,7400,1.510000,6000,5.630000,0.080000
1479741910520,1.500000,1.500000,7400,1.510000,6000,5.630000,0.080000
1479741912500,1.500000,1.500000,7400,1.510000,6000,5.630000,0.080000
1479741914019,1.500000,1.500000,7400,1.510000,6000,5.630000,0.080000
1479741916010,1.500000,1.500000,7400,1.510000,6000,5.630000,0.080000
1479741918533,1.500000,1.500000,7400,1.510000,6000,5.630000,0.080000
1479741920046,1.500000,1.500000,7400,1.510000,6000,5.630000,0.080000
1479741922522,1.500000,1.500000,6700,1.510000,5900,5.630000,0.080000
1479741925014,1.505000,1.500000,6700,1.510000,5900,5.990000,0.085000
1479741926060,1.505000,1.500000,6700,1.510000,5900,5.990000,0.085000
1479741929077,1.505000,1.500000,6700,1.510000,5900,5.990000,0.085000
1479741931031,1.505000,1.500000,6700,1.510000,5900,5.990000,0.085000
1479741932570,1.505000,1.500000,6700,1.510000,5900,5.990000,0.085000
1479741935049,1.505000,1.500000,6700,1.510000,5900,5.990000,0.085000
1479741937112,1.505000,1.500000,6700,1.510000,5900,5.990000,0.085000
1479741939533,1.505000,1.500000,6700,1.510000,5900,5.990000,0.085000
1479741941585,1.505000,1.500000,6700,1.510000,5900,5.990000,0.085000
1479741943060,1.505000,1.500000,6700,1.510000,5900,5.990000,0.085000
1479741946567,1.505000,1.500000,6700,1.510000,5900,5.990000,0.085000
1479741948570,1.505000,1.500000,6700,1.510000,5900,5.990000,0.085000
1479741950601,1.505000,1.500000,6700,1.510000,5900,5.990000,0.085000
1479741952057,1.505000,1.500000,6700,1.510000,5900,5.990000,0.085000
1479741954572,1.505000,1.500000,6700,1.510000,5900,5.990000,0.085000
1479741956069,1.505000,1.500000,6700,1.510000,5900,5.990000,0.085000
1479741959057,1.505000,1.500000,6700,1.510000,5900,5.990000,0.085000
1479741961051,1.505000,1.500000,6700,1.510000,5900,5.990000,0.085000
1479741962614,1.505000,1.500000,6700,1.510000,5900,5.990000,0.085000
1479741965144,1.505000,1.500000,6700,1.510000,5900,5.990000,0.085000
1479741967050,1.505000,1.500000,6700,1.510000,5900,5.990000,0.085000
1479741969096,1.505000,1.500000,6700,1.510000,5900,5.990000,0.085000
1479741971071,1.505000,1.500000,6700,1.510000,5900,5.990000,0.085000
1479741972561,1.505000,1.500000,6700,1.510000,5900,5.990000,0.085000
1479741975086,1.505000,1.500000,6700,1.510000,5900,5.990000,0.085000
1479741977588,1.500000,1.500000,6700,1.510000,5900,5.630000,0.080000
1479741979639,1.500000,1.500000,6700,1.510000,5900,5.630000,0.080000
1479741981677,1.500000,1.500000,6700,1.510000,5900,5.630000,0.080000
1479741983602,1.500000,1.500000,6700,1.510000,5900,5.630000,0.080000
1479741985598,1.500000,1.500000,6700,1.510000,5900,5.630000,0.080000
1479741987652,1.500000,1.500000,6700,1.510000,5900,5.630000,0.080000
1479741989660,1.500000,1.500000,6700,1.510000,5900,5.630000,0.080000
1479741991613,1.500000,1.500000,6700,1.510000,5900,5.630000,0.080000
1479741993930,1.505000,1.500000,6700,1.510000,800,5.990000,0.085000
1479741995920,1.505000,1.500000,6700,1.510000,800,5.990000,0.085000
1479741997898,1.505000,1.500000,6700,1.510000,800,5.990000,0.085000
1479741999408,1.505000,1.500000,6700,1.510000,800,5.990000,0.085000
1479742002401,1.505000,1.500000,6700,1.510000,800,5.990000,0.085000
1479742004411,1.505000,1.500000,6700,1.510000,800,5.990000,0.085000
1479742006436,1.505000,1.500000,6700,1.510000,800,5.990000,0.085000
1479742008407,1.505000,1.500000,6700,1.510000,800,5.990000,0.085000
1479742009911,1.505000,1.500000,6700,1.510000,800,5.990000,0.085000
1479742012448,1.506200,1.500000,6700,1.510000,800,6.070000,0.086200
1479742014438,1.500000,1.500000,6300,1.510000,800,5.630000,0.080000
1479742016455,1.500000,1.500000,6300,1.510000,800,5.630000,0.080000
1479742017928,1.500000,1.500000,6300,1.510000,800,5.630000,0.080000
1479742020423,1.500000,1.500000,6300,1.510000,800,5.630000,0.080000
1479742022997,1.500000,1.500000,6300,1.510000,800,5.630000,0.080000
1479742024932,1.500000,1.500000,6300,1.510000,800,5.630000,0.080000
1479742026417,1.500000,1.500000,6300,1.510000,800,5.630000,0.080000
1479742028943,1.500000,1.500000,6300,1.510000,800,5.630000,0.080000
1479742030951,1.500000,1.500000,6300,1.510000,800,5.630000,0.080000
1479742032962,1.500000,1.500000,6300,1.510000,800,5.630000,0.080000
1479742034963,1.500000,1.500000,6300,1.510000,800,5.630000,0.080000
1479742036963,1.500000,1.500000,6300,1.510000,800,5.630000,0.080000
1479742039437,1.500000,1.500000,6300,1.510000,800,5.630000,0.080000
1479742041438,1.500000,1.500000,6300,1.510000,800,5.630000,0.080000
1479742043476,1.500000,1.500000,6300,1.510000,800,5.630000,0.080000
1479742045465,1.500000,1.500000,6300,1.510000,800,5.630000,0.080000
1479742047423,1.500000,1.500000,7000,1.510000,800,5.630000,0.080000
1479742049436,1.500000,1.500000,7000,1.510000,800,5.630000,0.080000
1479742051469,1.500000,1.500000,7000,1.510000,800,5.630000,0.080000
1479742053465,1.500000,1.500000,7000,1.510000,800,5.630000,0.080000
1479742055964,1.500000,1.500000,7000,1.510000,800,5.630000,0.080000
1479742057974,1.500000,1.500000,7000,1.510000,800,5.630000,0.080000
1479742059488,1.500000,1.500000,7000,1.510000,800,5.630000,0.080000
1479742060942,1.500000,1.500000,7000,1.510000,800,5.630000,0.080000
1479742063473,1.500000,1.500000,7000,1.510000,800,5.630000,0.080000
1479742065957,1.505000,1.500000,7000,1.510000,800,5.990000,0.085000
1479742067963,1.505000,1.500000,7000,1.510000,800,5.990000,0.085000
1479742070002,1.509900,1.500000,7000,1.510000,800,6.330000,0.089900
1479742071971,1.509900,1.500000,7000,1.510000,800,6.330000,0.089900
1479742073955,1.509900,1.500000,7000,1.510000,800,6.330000,0.089900
1479742075998,1.509900,1.500000,7000,1.510000,800,6.330000,0.089900
1479742077973,1.509900,1.500000,7000,1.510000,800,6.330000,0.089900
1479742080537,1.509900,1.500000,7000,1.510000,800,6.330000,0.089900
1479742081981,1.509900,1.500000,7000,1.510000,800,6.330000,0.089900
1479742084481,1.509900,1.500000,7000,1.510000,800,6.330000,0.089900
1479742086513,1.509900,1.500000,7000,1.510000,800,6.330000,0.089900
1479742088460,1.509900,1.500000,7000,1.510000,800,6.330000,0.089900
1479742090485,1.509900,1.500000,7000,1.510000,800,6.330000,0.089900
1479742092455,1.507000,1.500000,7000,1.510000,800,6.130000,0.087000
1479742094525,1.507000,1.500000,7000,1.510000,800,6.130000,0.087000
1479742096985,1.507000,1.500000,7000,1.510000,800,6.130000,0.087000
1479742099016,1.507000,1.500000,7000,1.510000,800,6.130000,0.087000
1479742100996,1.507000,1.500000,7000,1.510000,800,6.130000,0.087000
1479742103006,1.507000,1.500000,7000,1.510000,800,6.130000,0.087000
1479742105039,1.507700,1.500000,7000,1.510000,800,6.180000,0.087700
1479742106498,1.507700,1.500000,7000,1.510000,800,6.180000,0.087700
1479742109042,1.507700,1.500000,7000,1.510000,800,6.180000,0.087700
1479742111014,1.507700,1.500000,7000,1.510000,800,6.180000,0.087700
1479742113018,1.509000,1.500000,7000,1.510000,500,6.270000,0.089000
1479742115509,1.509000,1.500000,7000,1.510000,500,6.270000,0.089000
1479742117490,1.509000,1.500000,7000,1.510000,500,6.270000,0.089000
1479742119510,1.509000,1.500000,7000,1.510000,500,6.270000,0.089000
1479742121518,1.509000,1.500000,7000,1.510000,500,6.270000,0.089000
1479742123582,1.509000,1.500000,7000,1.510000,500,6.270000,0.089000
1479742125003,1.509000,1.500000,7000,1.510000,500,6.270000,0.089000
1479742127015,1.509000,1.500000,7000,1.510000,500,6.270000,0.089000
1479742129524,1.509000,1.500000,7000,1.510000,500,6.270000,0.089000
1479742131510,1.509000,1.500000,7000,1.510000,500,6.270000,0.089000
1479742134025,1.509000,1.500000,10300,1.510000,500,6.270000,0.089000
1479742136002,1.509000,1.500000,10300,1.510000,500,6.270000,0.089000
1479742138045,1.509000,1.500000,10300,1.510000,500,6.270000,0.089000
1479742140014,1.509000,1.500000,10300,1.510000,500,6.270000,0.089000
1479742142012,1.509000,1.500000,10300,1.510000,500,6.270000,0.089000
1479742144039,1.509000,1.500000,10300,1.510000,500,6.270000,0.089000
1479742146025,1.509000,1.500000,10300,1.510000,500,6.270000,0.089000
1479742147054,1.509000,1.500000,10300,1.510000,500,6.270000,0.089000
1479742150050,1.509000,1.500000,10300,1.510000,500,6.270000,0.089000
1479742152574,1.509000,1.500000,10300,1.510000,500,6.270000,0.089000
1479742153046,1.509000,1.500000,10300,1.510000,500,6.270000,0.089000
1479742155050,1.509000,1.500000,10300,1.510000,500,6.270000,0.089000
1479742158546,1.509000,1.500000,10300,1.510000,500,6.270000,0.089000
1479742160561,1.509000,1.500000,10300,1.510000,500,6.270000,0.089000
1479742162020,1.509000,1.500000,10300,1.510000,500,6.270000,0.089000
1479742164563,1.509000,1.500000,10300,1.510000,500,6.270000,0.089000
1479742166561,1.509000,1.500000,10300,1.510000,500,6.270000,0.089000
1479742168184,1.509000,1.500000,10300,1.510000,500,6.270000,0.089000
1479742171068,1.509000,1.500000,10300,1.510000,500,6.270000,0.089000
1479742173072,1.509000,1.500000,10300,1.510000,500,6.270000,0.089000
1479742175039,1.510000,1.500000,10300,1.510000,300,6.340000,0.090000
1479742177063,1.510000,1.500000,10300,1.510000,300,6.340000,0.090000
1479742178542,1.510000,1.500000,10300,1.510000,300,6.340000,0.090000
1479742181033,1.510000,1.500000,10300,1.510000,300,6.340000,0.090000
1479742183044,1.510000,1.500000,10300,1.510000,300,6.340000,0.090000
1479742185056,1.510000,1.500000,10300,1.510000,200,6.340000,0.090000
1479742187536,1.510000,1.500000,10300,1.510000,200,6.340000,0.090000
1479742189540,1.510000,1.500000,10300,1.510000,200,6.340000,0.090000
1479742191067,1.510000,1.500000,10300,1.510000,200,6.340000,0.090000
1479742193570,1.510000,1.500000,10300,1.510000,200,6.340000,0.090000
1479742195084,1.510000,1.500000,10300,1.510000,200,6.340000,0.090000
1479742196141,1.510000,1.500000,10300,1.510000,200,6.340000,0.090000
1479742199570,1.510000,1.500000,10300,1.510000,200,6.340000,0.090000
1479742201566,1.510000,1.500000,10300,1.510000,200,6.340000,0.090000
1479742203552,1.510000,1.500000,7000,1.510000,200,6.340000,0.090000
1479742205067,1.510000,1.500000,7000,1.510000,200,6.340000,0.090000
1479742208073,1.510000,1.500000,7000,1.510000,200,6.340000,0.090000
1479742209594,1.510000,1.500000,7000,1.510000,200,6.340000,0.090000
1479742212088,1.510000,1.500000,7000,1.510000,200,6.340000,0.090000
1479742213677,1.510000,1.500000,7000,1.510000,200,6.340000,0.090000
1479742216102,1.510000,1.500000,7000,1.510000,200,6.340000,0.090000
1479742218134,1.510000,1.500000,7000,1.510000,200,6.340000,0.090000
1479742220556,1.510000,1.500000,7000,1.510000,200,6.340000,0.090000
1479742222650,1.510000,1.500000,7000,1.510000,200,6.340000,0.090000
1479742223588,1.510000,1.500000,7000,1.510000,200,6.340000,0.090000
1479742226904,1.510000,1.500000,7000,1.510000,200,6.340000,0.090000
1479742228900,1.509900,1.510000,3700,1.520000,7200,6.330000,0.089900
1479742230910,1.509900,1.510000,3700,1.520000,7200,6.330000,0.089900
1479742232903,1.509900,1.510000,3700,1.520000,7200,6.330000,0.089900
1479742234925,1.509900,1.510000,3700,1.520000,7200,6.330000,0.089900
1479742236910,1.509900,1.510000,3700,1.520000,7200,6.330000,0.089900
1479742238920,1.509900,1.510000,3700,1.520000,7200,6.330000,0.089900
1479742240918,1.509900,1.510000,3700,1.520000,7200,6.330000,0.089900
1479742243407,1.509900,1.510000,3700,1.520000,7200,6.330000,0.089900
1479742245418,1.509900,1.510000,3700,1.520000,7200,6.330000,0.089900
1479742247422,1.509900,1.510000,3700,1.520000,7200,6.330000,0.089900
1479742249421,1.509900,1.510000,3700,1.520000,7200,6.330000,0.089900
1479742251426,1.509900,1.510000,3700,1.520000,7200,6.330000,0.089900
1479742253440,1.509900,1.510000,3700,1.520000,7200,6.330000,0.089900
1479742255469,1.509900,1.510000,3700,1.520000,7200,6.330000,0.089900
1479742257428,1.509900,1.510000,3700,1.520000,7200,6.330000,0.089900
1479742258953,1.509900,1.510000,3700,1.520000,7200,6.330000,0.089900
1479742261429,1.509900,1.510000,3700,1.520000,7200,6.330000,0.089900
1479742263974,1.509900,1.510000,3700,1.520000,7200,6.330000,0.089900
1479742265913,1.509900,1.510000,3700,1.520000,7200,6.330000,0.089900
1479742267993,1.509900,1.510000,3700,1.520000,7200,6.330000,0.089900
1479742269963,1.509900,1.510000,3700,1.520000,7200,6.330000,0.089900
1479742271941,1.509900,1.510000,3700,1.520000,7200,6.330000,0.089900
1479742273938,1.509900,1.510000,3700,1.520000,7200,6.330000,0.089900
1479742275926,1.509900,1.510000,3700,1.520000,7200,6.330000,0.089900
1479742277934,1.509900,1.510000,3700,1.520000,7200,6.330000,0.089900
1479742279932,1.509900,1.510000,3700,1.520000,7200,6.330000,0.089900
1479742281933,1.509900,1.510000,3700,1.520000,7200,6.330000,0.089900
1479742284453,1.509900,1.510000,3700,1.520000,7200,6.330000,0.089900
1479742286448,1.519100,1.510000,3700,1.520000,7200,6.980000,0.099100
1479742288503,1.519100,1.510000,3700,1.520000,7200,6.980000,0.099100
1479742290471,1.519100,1.510000,3700,1.520000,7200,6.980000,0.099100
1479742292957,1.519100,1.510000,3700,1.520000,7200,6.980000,0.099100
1479742294973,1.519100,1.510000,3700,1.520000,7200,6.980000,0.099100
1479742296980,1.520000,1.510000,3700,1.520000,6700,7.040000,0.100000
1479742298946,1.520000,1.510000,3700,1.520000,6700,7.040000,0.100000
1479742300945,1.520000,1.510000,3700,1.520000,6700,7.040000,0.100000
1479742302502,1.520000,1.510000,3700,1.520000,6700,7.040000,0.100000
1479742304961,1.520000,1.510000,3700,1.520000,6700,7.040000,0.100000
1479742306985,1.520000,1.510000,3700,1.520000,6700,7.040000,0.100000
1479742309001,1.520000,1.510000,3700,1.520000,6700,7.040000,0.100000
1479742311476,1.520000,1.510000,3700,1.520000,6700,7.040000,0.100000
1479742313507,1.510000,1.510000,1000,1.520000,6700,6.340000,0.090000
1479742315472,1.510000,1.510000,1000,1.520000,6700,6.340000,0.090000
1479742317489,1.515500,1.510000,1000,1.520000,6700,6.730000,0.095500
1479742318979,1.515500,1.510000,1000,1.520000,6700,6.730000,0.095500
1479742321467,1.512300,1.510000,1000,1.520000,6700,6.500000,0.092300
1479742323479,1.512300,1.510000,1000,1.520000,6700,6.500000,0.092300
1479742325505,1.512300,1.510000,1000,1.520000,6700,6.500000,0.092300
1479742327452,1.512300,1.510000,1000,1.520000,6700,6.500000,0.092300
1479742329578,1.512300,1.510000,1000,1.520000,6700,6.500000,0.092300
1479742331481,1.512300,1.510000,1000,1.520000,6700,6.500000,0.092300
1479742333965,1.512300,1.510000,1000,1.520000,6700,6.500000,0.092300
1479742335969,1.512300,1.510000,1000,1.520000,6700,6.500000,0.092300
1479742337991,1.512300,1.510000,1000,1.520000,6700,6.500000,0.092300
1479742339977,1.512300,1.510000,1000,1.520000,6700,6.500000,0.092300
1479742341987,1.512300,1.510000,1000,1.520000,6700,6.500000,0.092300
1479742343993,1.512300,1.510000,1000,1.520000,6700,6.500000,0.092300
1479742345501,1.512300,1.510000,1000,1.520000,6700,6.500000,0.092300
1479742347512,1.512300,1.510000,1000,1.520000,6700,6.500000,0.092300
1479742349480,1.512300,1.510000,1000,1.520000,6700,6.500000,0.092300
1479742352016,1.512300,1.510000,1000,1.520000,6700,6.500000,0.092300
1479742354486,1.512300,1.510000,1000,1.520000,6700,6.500000,0.092300
1479742356524,1.512300,1.510000,1000,1.520000,6700,6.500000,0.092300
1479742358505,1.512300,1.510000,1000,1.520000,6700,6.500000,0.092300
1479742360468,1.512300,1.510000,1000,1.520000,6700,6.500000,0.092300
1479742362529,1.512300,1.510000,1000,1.520000,6700,6.500000,0.092300
1479742364496,1.512300,1.510000,1000,1.520000,6700,6.500000,0.092300
1479742366497,1.512300,1.510000,1000,1.520000,6700,6.500000,0.092300
1479742368504,1.512300,1.510000,1000,1.520000,6700,6.500000,0.092300
1479742370469,1.512300,1.510000,1000,1.520000,6700,6.500000,0.092300
1479742372482,1.512300,1.510000,1000,1.520000,6700,6.500000,0.092300
1479742374520,1.512300,1.510000,1000,1.520000,6700,6.500000,0.092300
1479742377006,1.512300,1.510000,1000,1.520000,6700,6.500000,0.092300
1479742379013,1.512300,1.510000,1000,1.520000,6700,6.500000,0.092300
1479742380999,1.512300,1.510000,1000,1.520000,6700,6.500000,0.092300
1479742382512,1.512300,1.510000,1000,1.520000,6700,6.500000,0.092300
1479742385042,1.512300,1.510000,1000,1.520000,6700,6.500000,0.092300
1479742387033,1.512300,1.510000,1000,1.520000,6700,6.500000,0.092300
1479742389505,1.512300,1.510000,1000,1.520000,6700,6.500000,0.092300
1479742391005,1.512300,1.510000,1000,1.520000,6700,6.500000,0.092300
1479742393584,1.512300,1.510000,1000,1.520000,6700,6.500000,0.092300
1479742396022,1.512300,1.510000,1000,1.520000,6700,6.500000,0.092300
1479742397999,1.512300,1.510000,1000,1.520000,6700,6.500000,0.092300
1479742400036,1.512300,1.510000,1000,1.520000,6700,6.500000,0.092300
1479742402031,1.512300,1.510000,1000,1.520000,6700,6.500000,0.092300
1479742404016,1.512300,1.510000,1000,1.520000,6700,6.500000,0.092300
1479742405564,1.512300,1.510000,1000,1.520000,6700,6.500000,0.092300
1479742408018,1.512300,1.510000,1000,1.520000,6700,6.500000,0.092300
1479742409013,1.512300,1.510000,1000,1.520000,6700,6.500000,0.092300
1479742412545,1.512300,1.510000,1000,1.520000,6700,6.500000,0.092300
1479742414046,1.512300,1.510000,1000,1.520000,6700,6.500000,0.092300
1479742416522,1.512300,1.510000,1000,1.520000,6700,6.500000,0.092300
1479742418529,1.512300,1.510000,1000,1.520000,6700,6.500000,0.092300
1479742420572,1.512300,1.510000,1000,1.520000,6700,6.500000,0.092300
1479742422531,1.512300,1.510000,1000,1.520000,6700,6.500000,0.092300
1479742424560,1.512300,1.510000,1000,1.520000,6700,6.500000,0.092300
1479742425554,1.512300,1.510000,1000,1.520000,6700,6.500000,0.092300
1479742428552,1.512300,1.510000,1000,1.520000,6700,6.500000,0.092300
1479742430547,1.512300,1.510000,1000,1.520000,6700,6.500000,0.092300
1479742432557,1.512300,1.510000,1000,1.520000,6700,6.500000,0.092300
1479742435112,1.512300,1.510000,1000,1.520000,6700,6.500000,0.092300
1479742436605,1.512300,1.510000,1000,1.520000,6700,6.500000,0.092300
1479742439070,1.512300,1.510000,1000,1.520000,6700,6.500000,0.092300
1479742440576,1.512300,1.510000,1000,1.520000,6700,6.500000,0.092300
1479742443062,1.512300,1.510000,1000,1.520000,6700,6.500000,0.092300
1479742445066,1.512300,1.510000,1000,1.520000,6700,6.500000,0.092300
1479742447128,1.512300,1.510000,1000,1.520000,6700,6.500000,0.092300
1479742448594,1.512300,1.510000,1000,1.520000,6700,6.500000,0.092300
1479742451084,1.512300,1.510000,1000,1.520000,6700,6.500000,0.092300
1479742453569,1.512300,1.510000,1000,1.520000,6700,6.500000,0.092300
1479742455580,1.512300,1.510000,1000,1.520000,6700,6.500000,0.092300
1479742457612,1.512300,1.510000,1000,1.520000,6700,6.500000,0.092300
1479742458580,1.512300,1.510000,1000,1.520000,6700,6.500000,0.092300
1479742461076,1.512300,1.510000,1000,1.520000,6700,6.500000,0.092300
1479742463123,1.512300,1.510000,10000,1.520000,6700,6.500000,0.092300
1479742465928,1.512300,1.510000,10000,1.520000,6700,6.500000,0.092300
1479742467914,1.512300,1.510000,10000,1.520000,6700,6.500000,0.092300
1479742470423,1.512300,1.510000,10000,1.520000,6700,6.500000,0.092300
1479742472395,1.512300,1.510000,10000,1.520000,6700,6.500000,0.092300
1479742474394,1.512300,1.510000,10000,1.520000,6700,6.500000,0.092300
1479742475908,1.512300,1.510000,10000,1.520000,6700,6.500000,0.092300
1479742478413,1.512300,1.510000,10000,1.520000,6700,6.500000,0.092300
1479742480417,1.512300,1.510000,10000,1.520000,6700,6.500000,0.092300
1479742482425,1.520000,1.510000,10000,1.520000,6000,7.040000,0.100000
1479742484429,1.520000,1.510000,10000,1.520000,6000,7.040000,0.100000
1479742486417,1.520000,1.510000,10000,1.520000,6000,7.040000,0.100000
1479742488444,1.520000,1.510000,10000,1.520000,6000,7.040000,0.100000
1479742489444,1.520000,1.510000,10000,1.520000,6000,7.040000,0.100000
1479742492926,1.520000,1.510000,10000,1.520000,6000,7.040000,0.100000
1479742494934,1.520000,1.510000,10000,1.520000,5800,7.040000,0.100000
1479742496905,1.518800,1.510000,10000,1.520000,5800,6.960000,0.098800
1479742498941,1.518800,1.510000,10000,1.520000,5800,6.960000,0.098800
1479742500996,1.518800,1.510000,10000,1.520000,5800,6.960000,0.098800
1479742502935,1.518800,1.510000,10000,1.520000,5800,6.960000,0.098800
1479742504933,1.518800,1.510000,10000,1.520000,5800,6.960000,0.098800
1479742506952,1.518800,1.510000,10000,1.520000,5800,6.960000,0.098800
1479742509436,1.518800,1.510000,10000,1.520000,5800,6.960000,0.098800
1479742511442,1.518800,1.510000,10000,1.520000,5800,6.960000,0.098800
1479742513449,1.518800,1.510000,10000,1.520000,5800,6.960000,0.098800
1479742514928,1.518800,1.510000,10000,1.520000,5800,6.960000,0.098800
1479742517420,1.520000,1.510000,1500,1.520000,1900,7.040000,0.100000
1479742519499,1.520000,1.510000,1500,1.520000,1900,7.040000,0.100000
1479742520515,1.520000,1.510000,1500,1.520000,1900,7.040000,0.100000
1479742523435,1.520000,1.510000,1500,1.520000,1900,7.040000,0.100000
1479742525429,1.520000,1.510000,1500,1.520000,1900,7.040000,0.100000
1479742527950,1.520000,1.510000,1500,1.520000,1900,7.040000,0.100000
1479742529460,1.520000,1.510000,1500,1.520000,1900,7.040000,0.100000
1479742531951,1.520000,1.510000,1500,1.520000,1900,7.040000,0.100000
1479742533989,1.515000,1.510000,1500,1.520000,1900,6.690000,0.095000
1479742535997,1.518800,1.510000,1000,1.520000,1900,6.960000,0.098800
1479742537989,1.518800,1.510000,1000,1.520000,1900,6.960000,0.098800
1479742539944,1.518800,1.510000,1000,1.520000,1900,6.960000,0.098800
1479742541955,1.518800,1.510000,1000,1.520000,1900,6.960000,0.098800
1479742543963,1.518800,1.510000,1000,1.520000,1900,6.960000,0.098800
1479742545982,1.518800,1.510000,1000,1.520000,1900,6.960000,0.098800
1479742546483,1.518800,1.510000,1000,1.520000,1900,6.960000,0.098800
1479742550441,1.520000,1.510000,1000,1.520000,1200,7.040000,0.100000
1479742552456,1.520000,1.510000,1000,1.520000,1200,7.040000,0.100000
1479742554460,1.520000,1.510000,1000,1.520000,200,7.040000,0.100000
1479742556466,1.520000,1.510000,1000,1.520000,200,7.040000,0.100000
1479742558453,1.520000,1.510000,1000,1.520000,200,7.040000,0.100000
1479742560473,1.520000,1.510000,1000,1.520000,200,7.040000,0.100000
1479742562492,1.520000,1.510000,1000,1.520000,200,7.040000,0.100000
1479742564481,1.520000,1.510000,1000,1.520000,200,7.040000,0.100000
1479742566978,1.520000,1.510000,1000,1.520000,200,7.040000,0.100000
1479742568999,1.520000,1.510000,1000,1.530000,10000,7.040000,0.100000
1479742570998,1.520000,1.510000,1000,1.530000,10000,7.040000,0.100000
1479742572996,1.520000,1.510000,1000,1.530000,10000,7.040000,0.100000
1479742575034,1.520000,1.510000,1000,1.530000,10000,7.040000,0.100000
1479742576526,1.520000,1.510000,1000,1.530000,10000,7.040000,0.100000
1479742577967,1.520000,1.510000,1000,1.530000,10000,7.040000,0.100000
1479742580990,1.520000,1.510000,1000,1.530000,10000,7.040000,0.100000
1479742583019,1.520000,1.510000,1000,1.530000,10000,7.040000,0.100000
1479742585005,1.520000,1.510000,1000,1.530000,10000,7.040000,0.100000
1479742587490,1.520000,1.510000,1000,1.530000,10000,7.040000,0.100000
1479742589514,1.520000,1.510000,1000,1.530000,10000,7.040000,0.100000
1479742591506,1.520000,1.510000,1000,1.530000,10000,7.040000,0.100000
1479742593486,1.520000,1.510000,1000,1.530000,10000,7.040000,0.100000
1479742595541,1.520000,1.510000,1000,1.530000,10000,7.040000,0.100000
1479742597482,1.520000,1.510000,1000,1.530000,10000,7.040000,0.100000
1479742598993,1.520000,1.510000,1000,1.530000,10000,7.040000,0.100000
1479742601507,1.520000,1.510000,1000,1.530000,10000,7.040000,0.100000
1479742602504,1.520000,1.510000,1000,1.530000,10000,7.040000,0.100000
1479742605994,1.520000,1.510000,1000,1.530000,10000,7.040000,0.100000
1479742607989,1.520000,1.510000,1000,1.530000,10000,7.040000,0.100000
1479742610019,1.520000,1.510000,1000,1.530000,10000,7.040000,0.100000
1479742612018,1.520000,1.510000,1000,1.530000,10000,7.040000,0.100000
1479742614073,1.520000,1.510000,1000,1.530000,10000,7.040000,0.100000
1479742616074,1.520000,1.510000,1000,1.530000,10000,7.040000,0.100000
1479742618012,1.520000,1.510000,1000,1.530000,10000,7.040000,0.100000
1479742620016,1.520000,1.510000,1000,1.530000,10000,7.040000,0.100000
1479742622001,1.520000,1.510000,1000,1.530000,10000,7.040000,0.100000
1479742623991,1.520000,1.510000,1000,1.530000,10000,7.040000,0.100000
1479742626014,1.520000,1.510000,1000,1.530000,10000,7.040000,0.100000
1479742628040,1.520000,1.510000,1000,1.530000,10000,7.040000,0.100000
1479742630594,1.520000,1.510000,1000,1.530000,10000,7.040000,0.100000
1479742632603,1.520000,1.510000,1000,1.530000,10000,7.040000,0.100000
1479742634564,1.520000,1.510000,1000,1.530000,10000,7.040000,0.100000
1479742636017,1.520000,1.510000,1000,1.530000,10000,7.040000,0.100000
1479742638578,1.520000,1.510000,1000,1.530000,10000,7.040000,0.100000
1479742640507,1.520000,1.510000,1000,1.530000,10000,7.040000,0.100000
1479742642545,1.520000,1.510000,1000,1.530000,10000,7.040000,0.100000
1479742644050,1.520000,1.510000,1000,1.530000,10000,7.040000,0.100000
1479742646554,1.520000,1.510000,1000,1.530000,10000,7.040000,0.100000
1479742648548,1.520000,1.510000,1000,1.530000,10000,7.040000,0.100000
1479742651042,1.520000,1.510000,1000,1.530000,10000,7.040000,0.100000
1479742652572,1.520000,1.510000,1000,1.530000,10000,7.040000,0.100000
1479742655039,1.520000,1.510000,1000,1.530000,10000,7.040000,0.100000
1479742657065,1.520000,1.510000,1000,1.530000,10000,7.040000,0.100000
1479742658573,1.520000,1.510000,1000,1.530000,10000,7.040000,0.100000
1479742660538,1.520000,1.510000,1000,1.530000,10000,7.040000,0.100000
1479742663051,1.520000,1.510000,1000,1.530000,10000,7.040000,0.100000
1479742665031,1.520000,1.510000,1000,1.530000,10000,7.040000,0.100000
1479742667075,1.520000,1.510000,1000,1.530000,10000,7.040000,0.100000
1479742669079,1.510000,1.510000,1000,1.530000,10000,6.340000,0.090000
1479742671563,1.510000,1.510000,1000,1.530000,10000,6.340000,0.090000
1479742673102,1.510000,1.510000,1000,1.530000,10000,6.340000,0.090000
1479742675608,1.510000,1.510000,1000,1.530000,10000,6.340000,0.090000
1479742677564,1.516200,1.510000,1000,1.530000,10000,6.770000,0.096200
1479742679602,1.516200,1.510000,1000,1.530000,10000,6.770000,0.096200
1479742681557,1.516200,1.510000,1000,1.530000,10000,6.770000,0.096200
1479742683072,1.516200,1.510000,1000,1.530000,10000,6.770000,0.096200
1479742685601,1.516200,1.510000,1000,1.530000,10000,6.770000,0.096200
1479742687096,1.516200,1.510000,1000,1.530000,10000,6.770000,0.096200
1479742689548,1.516200,1.510000,1000,1.530000,10000,6.770000,0.096200
1479742691578,1.516200,1.510000,1000,1.530000,10000,6.770000,0.096200
1479742694099,1.516200,1.510000,1000,1.530000,10000,6.770000,0.096200
1479742696064,1.516200,1.510000,1000,1.530000,10000,6.770000,0.096200
1479742698073,1.516200,1.510000,1000,1.530000,10000,6.770000,0.096200
1479742700083,1.516200,1.510000,1000,1.530000,10000,6.770000,0.096200
1479742702171,1.516200,1.510000,1000,1.530000,10000,6.770000,0.096200
1479742704403,1.516200,1.510000,1000,1.530000,10000,6.770000,0.096200
1479742705421,1.516200,1.510000,1000,1.530000,10000,6.770000,0.096200
1479742708397,1.516200,1.510000,1000,1.530000,10000,6.770000,0.096200
1479742710389,1.516200,1.510000,1000,1.530000,10000,6.770000,0.096200
1479742712412,1.516200,1.510000,1000,1.530000,10000,6.770000,0.096200
1479742714412,1.516200,1.510000,1000,1.530000,10000,6.770000,0.096200
1479742716487,1.516200,1.510000,1000,1.530000,10000,6.770000,0.096200
1479742718931,1.516200,1.510000,1000,1.530000,10000,6.770000,0.096200
1479742720422,1.516200,1.510000,1000,1.530000,10000,6.770000,0.096200
1479742722925,1.516200,1.510000,1000,1.530000,10000,6.770000,0.096200
1479742724416,1.516200,1.510000,1000,1.530000,10000,6.770000,0.096200
1479742726921,1.516200,1.510000,1000,1.530000,10000,6.770000,0.096200
1479742728922,1.516200,1.510000,1000,1.530000,10000,6.770000,0.096200
1479742730949,1.516200,1.510000,1000,1.530000,10000,6.770000,0.096200
1479742732937,1.516200,1.510000,1000,1.530000,10000,6.770000,0.096200
1479742734426,1.520000,1.510000,1000,1.530000,10000,7.040000,0.100000
1479742737400,1.520000,1.510000,1000,1.530000,10000,7.040000,0.100000
1479742739419,1.520000,1.510000,1000,1.530000,10000,7.040000,0.100000
1479742740927,1.520000,1.510000,1000,1.530000,10000,7.040000,0.100000
1479742742436,1.520000,1.510000,1000,1.530000,10000,7.040000,0.100000
1479742745459,1.520000,1.510000,1000,1.530000,10000,7.040000,0.100000
1479742747441,1.520000,1.510000,1000,1.530000,10000,7.040000,0.100000
1479742749423,1.520000,1.510000,1000,1.530000,10000,7.040000,0.100000
1479742751468,1.520000,1.510000,1000,1.530000,10000,7.040000,0.100000
1479742753488,1.520000,1.510000,1000,1.530000,10000,7.040000,0.100000
1479742755455,1.520000,1.510000,1000,1.530000,10000,7.040000,0.100000
1479742757953,1.520000,1.510000,1000,1.530000,10000,7.040000,0.100000
1479742759980,1.520000,1.510000,1000,1.530000,10000,7.040000,0.100000
1479742761452,1.520000,1.510000,1000,1.530000,10000,7.040000,0.100000
1479742763953,1.520000,1.510000,1000,1.530000,10000,7.040000,0.100000
1479742765932,1.520000,1.510000,1000,1.530000,10000,7.040000,0.100000
1479742767445,1.520000,1.510000,1000,1.530000,10000,7.040000,0.100000
1479742769938,1.520000,1.510000,1000,1.530000,10000,7.040000,0.100000
1479742771439,1.520000,1.510000,1000,1.530000,10000,7.040000,0.100000
1479742773983,1.520000,1.510000,1000,1.530000,10000,7.040000,0.100000
1479742775488,1.520000,1.510000,1000,1.530000,10000,7.040000,0.100000
1479742778459,1.520000,1.510000,1000,1.530000,10000,7.040000,0.100000
1479742780476,1.520000,1.510000,1000,1.530000,10000,7.040000,0.100000
1479742782475,1.520000,1.510000,1000,1.530000,10000,7.040000,0.100000
1479742784447,1.520000,1.510000,1000,1.530000,10000,7.040000,0.100000
1479742786484,1.520000,1.510000,1000,1.530000,10000,7.040000,0.100000
1479742788460,1.520000,1.510000,1000,1.530000,10000,7.040000,0.100000
1479742790507,1.520000,1.510000,1000,1.530000,10000,7.040000,0.100000
1479742792477,1.520000,1.510000,1000,1.530000,10000,7.040000,0.100000
1479742794477,1.520000,1.510000,1000,1.530000,10000,7.040000,0.100000
1479742796974,1.520000,1.510000,1000,1.530000,10000,7.040000,0.100000
1479742798947,1.520000,1.510000,1000,1.530000,10000,7.040000,0.100000
1479742800955,1.520000,1.510000,1000,1.530000,10000,7.040000,0.100000
1479742803022,1.520000,1.510000,1000,1.530000,10000,7.040000,0.100000
1479742805001,1.520000,1.510000,1000,1.530000,10000,7.040000,0.100000
1479742807019,1.528900,1.510000,1000,1.530000,10000,7.670000,0.108900
1479742808976,1.528900,1.510000,1000,1.530000,10000,7.670000,0.108900
1479742810988,1.528900,1.510000,1000,1.530000,10000,7.670000,0.108900
1479742812991,1.528900,1.510000,1000,1.530000,10000,7.670000,0.108900
1479742815455,1.528900,1.510000,1000,1.530000,10000,7.670000,0.108900
1479742817483,1.528900,1.510000,1000,1.530000,10000,7.670000,0.108900
1479742819469,1.528900,1.510000,1000,1.530000,10000,7.670000,0.108900
1479742821533,1.528900,1.510000,1000,1.530000,10000,7.670000,0.108900
1479742823470,1.528900,1.510000,1000,1.530000,10000,7.670000,0.108900
1479742825487,1.528900,1.510000,1000,1.530000,10000,7.670000,0.108900
1479742827994,1.528900,1.510000,1000,1.530000,10000,7.670000,0.108900
1479742829987,1.528900,1.510000,1000,1.530000,10000,7.670000,0.108900
1479742832003,1.528900,1.510000,1000,1.530000,10000,7.670000,0.108900
1479742834006,1.528900,1.510000,1000,1.530000,10000,7.670000,0.108900
1479742836030,1.528900,1.510000,1000,1.530000,10000,7.670000,0.108900
1479742838006,1.528900,1.510000,1000,1.530000,10000,7.670000,0.108900
1479742840032,1.528900,1.510000,1000,1.530000,10000,7.670000,0.108900
1479742842010,1.528900,1.510000,1000,1.530000,10000,7.670000,0.108900
1479742844003,1.528900,1.510000,1000,1.530000,10000,7.670000,0.108900
1479742845991,1.528900,1.510000,1000,1.530000,10000,7.670000,0.108900
1479742847500,1.528900,1.510000,1000,1.530000,10000,7.670000,0.108900
1479742849016,1.528900,1.510000,1000,1.530000,10000,7.670000,0.108900
1479742852015,1.528900,1.510000,1000,1.530000,10000,7.670000,0.108900
1479742854510,1.529900,1.510000,1000,1.530000,10000,7.740000,0.109900
1479742856506,1.529900,1.510000,1000,1.530000,10000,7.740000,0.109900
1479742858543,1.529800,1.510000,1000,1.530000,10000,7.730000,0.109800
1479742860543,1.529800,1.510000,1000,1.530000,10000,7.730000,0.109800
1479742862517,1.529800,1.510000,1000,1.530000,10000,7.730000,0.109800
1479742864525,1.529800,1.510000,1000,1.530000,10000,7.730000,0.109800
1479742866059,1.513500,1.510000,1000,1.530000,10000,6.580000,0.093500
1479742868514,1.513500,1.510000,1000,1.520000,9000,6.580000,0.093500
1479742870017,1.513500,1.510000,1000,1.520000,9000,6.580000,0.093500
1479742872544,1.513500,1.510000,1000,1.520000,9000,6.580000,0.093500
1479742875022,1.513500,1.510000,1000,1.520000,9000,6.580000,0.093500
1479742877028,1.513500,1.510000,1000,1.520000,9000,6.580000,0.093500
1479742878550,1.513500,1.510000,1000,1.520000,9000,6.580000,0.093500
1479742880510,1.513500,1.510000,1000,1.520000,9000,6.580000,0.093500
1479742883040,1.513500,1.510000,1000,1.520000,9000,6.580000,0.093500
1479742885094,1.513500,1.510000,1000,1.520000,9000,6.580000,0.093500
1479742887050,1.513500,1.510000,1000,1.520000,9000,6.580000,0.093500
1479742889060,1.513500,1.510000,1000,1.520000,9000,6.580000,0.093500
1479742891042,1.513500,1.510000,1000,1.520000,9000,6.580000,0.093500
1479742893037,1.513500,1.510000,1000,1.520000,9000,6.580000,0.093500
1479742894565,1.513500,1.510000,1000,1.520000,9000,6.580000,0.093500
1479742897544,1.513500,1.510000,1000,1.520000,9000,6.580000,0.093500
1479742899525,1.513500,1.510000,1000,1.520000,9000,6.580000,0.093500
1479742901539,1.513500,1.510000,1000,1.520000,9000,6.580000,0.093500
1479742903564,1.513500,1.510000,1000,1.520000,9000,6.580000,0.093500
1479742905063,1.520000,1.510000,1000,1.520000,9000,7.040000,0.100000
1479742906562,1.520000,1.510000,1000,1.520000,9000,7.040000,0.100000
1479742909597,1.520000,1.510000,1000,1.520000,9000,7.040000,0.100000
1479742911546,1.520000,1.510000,1000,1.520000,9000,7.040000,0.100000
1479742913564,1.520000,1.510000,1000,1.520000,9000,7.040000,0.100000
1479742915551,1.520000,1.510000,1000,1.520000,9000,7.040000,0.100000
1479742918086,1.520000,1.510000,1000,1.520000,9000,7.040000,0.100000
1479742920073,1.520000,1.510000,1000,1.520000,9000,7.040000,0.100000
1479742922057,1.520000,1.510000,1000,1.520000,9000,7.040000,0.100000
1479742924084,1.520000,1.510000,1000,1.520000,9000,7.040000,0.100000
1479742926067,1.520000,1.510000,1000,1.520000,9000,7.040000,0.100000
1479742928038,1.520000,1.510000,1000,1.520000,9000,7.040000,0.100000
1479742930084,1.520000,1.510000,1000,1.520000,9000,7.040000,0.100000
1479742931586,1.520000,1.510000,1000,1.520000,9000,7.040000,0.100000
1479742934075,1.520000,1.510000,1000,1.520000,9000,7.040000,0.100000
1479742936114,1.520000,1.510000,1000,1.520000,9000,7.040000,0.100000
1479742938536,1.520000,1.510000,1000,1.520000,9000,7.040000,0.100000
1479742940574,1.520000,1.510000,1000,1.520000,9000,7.040000,0.100000
1479742942580,1.520000,1.510000,1000,1.520000,9000,7.040000,0.100000
1479742944622,1.520000,1.510000,1000,1.520000,9000,7.040000,0.100000
1479742946084,1.520000,1.510000,1000,1.520000,9000,7.040000,0.100000
1479742948894,1.520000,1.510000,1000,1.520000,9000,7.040000,0.100000
1479742950918,1.520000,1.510000,1000,1.520000,9000,7.040000,0.100000
1479742952899,1.520000,1.510000,1000,1.520000,9000,7.040000,0.100000
1479742954406,1.520000,1.510000,1000,1.520000,9000,7.040000,0.100000
1479742956904,1.520000,1.510000,1000,1.520000,9000,7.040000,0.100000
1479742958954,1.520000,1.510000,1000,1.520000,9000,7.040000,0.100000
1479742960907,1.520000,1.510000,1000,1.520000,9000,7.040000,0.100000
1479742962931,1.520000,1.510000,1000,1.520000,9000,7.040000,0.100000
1479742964907,1.520000,1.510000,1000,1.520000,9000,7.040000,0.100000
1479742966910,1.520000,1.510000,1000,1.520000,9000,7.040000,0.100000
1479742969402,1.520000,1.510000,1000,1.520000,9000,7.040000,0.100000
1479742971401,1.520000,1.510000,1000,1.520000,9000,7.040000,0.100000
1479742973439,1.520000,1.510000,1000,1.520000,9000,7.040000,0.100000
1479742975436,1.520000,1.510000,1000,1.520000,9000,7.040000,0.100000
1479742977425,1.520000,1.510000,1000,1.520000,9000,7.040000,0.100000
1479742979449,1.520000,1.510000,1000,1.520000,9000,7.040000,0.100000
1479742981461,1.520000,1.510000,1000,1.520000,9000,7.040000,0.100000
1479742983428,1.520000,1.510000,1000,1.520000,9000,7.040000,0.100000
1479742985926,1.520000,1.510000,8100,1.520000,9000,7.040000,0.100000
1479742987933,1.520000,1.510000,8100,1.520000,9000,7.040000,0.100000
1479742989982,1.520000,1.510000,8100,1.520000,9000,7.040000,0.100000
1479742991948,1.520000,1.510000,8100,1.520000,9000,7.040000,0.100000
1479742991455,1.520000,1.510000,8100,1.520000,9000,7.040000,0.100000
1479742995969,1.520000,1.510000,8100,1.520000,9000,7.040000,0.100000
1479742996909,1.520000,1.510000,8100,1.520000,9000,7.040000,0.100000
1479742999945,1.513000,1.510000,8100,1.520000,9000,6.550000,0.093000
1479743001440,1.513000,1.510000,8100,1.520000,9000,6.550000,0.093000
1479743003992,1.513000,1.510000,8100,1.520000,9000,6.550000,0.093000
1479743006406,1.513000,1.510000,8100,1.520000,9000,6.550000,0.093000
1479743007979,1.513000,1.510000,8100,1.520000,9000,6.550000,0.093000
1479743010453,1.513000,1.510000,8100,1.520000,9000,6.550000,0.093000
1479743012464,1.513000,1.510000,8100,1.520000,9000,6.550000,0.093000
1479743014460,1.513000,1.510000,8100,1.520000,9000,6.550000,0.093000
1479743015971,1.513000,1.510000,8100,1.520000,9000,6.550000,0.093000
1479743018442,1.513000,1.510000,8100,1.520000,9000,6.550000,0.093000
1479743020478,1.513000,1.510000,8100,1.520000,9000,6.550000,0.093000
1479743021978,1.513000,1.510000,8100,1.520000,9000,6.550000,0.093000
1479743024464,1.513000,1.510000,8100,1.520000,9000,6.550000,0.093000
1479743026474,1.513000,1.510000,8100,1.520000,9000,6.550000,0.093000
1479743028451,1.513000,1.510000,8100,1.520000,9000,6.550000,0.093000
1479743030968,1.513000,1.510000,8100,1.520000,9000,6.550000,0.093000
1479743032940,1.513000,1.510000,8100,1.520000,9000,6.550000,0.093000
1479743034983,1.513000,1.510000,8100,1.520000,9000,6.550000,0.093000
1479743036994,1.513000,1.510000,8100,1.520000,9000,6.550000,0.093000
1479743038974,1.513000,1.510000,8100,1.520000,9000,6.550000,0.093000
1479743040973,1.513000,1.510000,8100,1.520000,9000,6.550000,0.093000
1479743043525,1.513000,1.510000,8100,1.520000,9000,6.550000,0.093000
1479743045463,1.513000,1.510000,8100,1.520000,9000,6.550000,0.093000
1479743047472,1.513000,1.510000,8100,1.520000,9000,6.550000,0.093000
1479743049505,1.513000,1.510000,8100,1.520000,9000,6.550000,0.093000
1479743051508,1.513000,1.510000,8100,1.520000,9000,6.550000,0.093000
1479743053502,1.513000,1.510000,8100,1.520000,9000,6.550000,0.093000
1479743055480,1.513000,1.510000,8100,1.520000,9000,6.550000,0.093000
1479743057471,1.513000,1.510000,8100,1.520000,9000,6.550000,0.093000
1479743059963,1.513000,1.510000,8100,1.520000,9000,6.550000,0.093000
1479743062028,1.513000,1.510000,8100,1.520000,9000,6.550000,0.093000
1479743063476,1.513000,1.510000,8100,1.520000,9000,6.550000,0.093000
1479743065508,1.513000,1.510000,8100,1.520000,9000,6.550000,0.093000
1479743067961,1.513000,1.510000,8100,1.520000,9000,6.550000,0.093000
1479743069016,1.513000,1.510000,8100,1.520000,9000,6.550000,0.093000
1479743071978,1.513000,1.510000,8100,1.520000,9000,6.550000,0.093000
1479743073983,1.513000,1.510000,8100,1.520000,9000,6.550000,0.093000
1479743076019,1.513000,1.510000,8100,1.520000,9000,6.550000,0.093000
1479743076969,1.513000,1.510000,8100,1.520000,9000,6.550000,0.093000
1479743079477,1.513000,1.510000,8100,1.520000,9000,6.550000,0.093000
1479743082483,1.519500,1.510000,1900,1.520000,9000,7.010000,0.099500
1479743084487,1.519500,1.510000,1900,1.520000,9000,7.010000,0.099500
1479743086500,1.519500,1.510000,1900,1.520000,9000,7.010000,0.099500
1479743087544,1.519500,1.510000,1900,1.520000,9000,7.010000,0.099500
1479743090528,1.519500,1.510000,1900,1.520000,9000,7.010000,0.099500
1479743092510,1.510000,1.510000,1900,1.520000,9000,6.340000,0.090000
1479743094530,1.510000,1.510000,1900,1.520000,9000,6.340000,0.090000
1479743096505,1.515400,1.510000,1900,1.520000,9000,6.720000,0.095400
1479743099039,1.515400,1.510000,1900,1.520000,9000,6.720000,0.095400
1479743100507,1.515400,1.510000,1900,1.520000,9000,6.720000,0.095400
1479743103005,1.515400,1.510000,1900,1.520000,9000,6.720000,0.095400
1479743105007,1.515400,1.510000,1900,1.520000,9000,6.720000,0.095400
1479743107013,1.515400,1.510000,1900,1.520000,9000,6.720000,0.095400
1479743108551,1.515400,1.510000,1900,1.520000,9000,6.720000,0.095400
1479743111062,1.515400,1.510000,1900,1.520000,9000,6.720000,0.095400
1479743113037,1.515400,1.510000,1900,1.520000,9000,6.720000,0.095400
1479743115003,1.515400,1.510000,1900,1.520000,9000,6.720000,0.095400
1479743117020,1.515400,1.510000,1900,1.520000,9000,6.720000,0.095400
1479743119032,1.515400,1.510000,1900,1.520000,9000,6.720000,0.095400
1479743121534,1.515400,1.510000,1900,1.520000,9000,6.720000,0.095400
1479743123519,1.515400,1.510000,1900,1.520000,9000,6.720000,0.095400
1479743125606,1.515400,1.510000,1900,1.520000,9000,6.720000,0.095400
1479743127519,1.515400,1.510000,1900,1.520000,9000,6.720000,0.095400
1479743126536,1.515400,1.510000,1900,1.520000,9000,6.720000,0.095400
1479743131534,1.515400,1.510000,1900,1.520000,9000,6.720000,0.095400
1479743133508,1.515400,1.510000,1900,1.520000,9000,6.720000,0.095400
1479743135588,1.510000,1.510000,1900,1.520000,9000,6.340000,0.090000
1479743136519,1.510000,1.510000,1900,1.520000,9000,6.340000,0.090000
1479743139541,1.510000,1.510000,1900,1.520000,9000,6.340000,0.090000
1479743141522,1.510000,1.510000,1900,1.520000,9000,6.340000,0.090000
1479743144042,1.510000,1.510000,1900,1.520000,9000,6.340000,0.090000
1479743146039,1.510000,1.510000,1900,1.520000,9000,6.340000,0.090000
1479743148031,1.510000,1.510000,1900,1.520000,9000,6.340000,0.090000
1479743150051,1.510000,1.510000,1900,1.520000,9000,6.340000,0.090000
1479743152053,1.510000,1.510000,1900,1.520000,9000,6.340000,0.090000
1479743154137,1.510000,1.510000,1900,1.520000,9000,6.340000,0.090000
1479743155062,1.510000,1.510000,1900,1.520000,9000,6.340000,0.090000
1479743158051,1.510000,1.510000,1900,1.520000,9000,6.340000,0.090000
1479743160039,1.510000,1.510000,1900,1.520000,9000,6.340000,0.090000
1479743161541,1.510000,1.510000,1900,1.520000,9000,6.340000,0.090000
1479743164551,1.510000,1.510000,1900,1.520000,9000,6.340000,0.090000
1479743166564,1.510000,1.510000,1900,1.520000,9000,6.340000,0.090000
1479743168561,1.510000,1.510000,1900,1.520000,9000,6.340000,0.090000
1479743170556,1.510000,1.510000,1900,1.520000,9000,6.340000,0.090000
1479743172537,1.510000,1.510000,1900,1.520000,9000,6.340000,0.090000
1479743174570,1.510000,1.510000,1900,1.520000,9000,6.340000,0.090000
1479743176079,1.510000,1.510000,1900,1.520000,9000,6.340000,0.090000
1479743178575,1.510000,1.510000,1900,1.520000,9000,6.340000,0.090000
1479743180592,1.510000,1.510000,1900,1.520000,9000,6.340000,0.090000
1479743182630,1.510000,1.510000,1900,1.520000,9000,6.340000,0.090000
1479743184549,1.510000,1.510000,1900,1.520000,9000,6.340000,0.090000
1479743186584,1.510000,1.510000,1900,1.520000,9000,6.340000,0.090000
1479743189056,1.510000,1.510000,1900,1.520000,9000,6.340000,0.090000
1479743190551,1.510000,1.510000,1900,1.520000,9000,6.340000,0.090000
1479743192888,1.510000,1.510000,1900,1.520000,9000,6.340000,0.090000
1479743194905,1.510000,1.510000,1900,1.520000,9000,6.340000,0.090000
1479743196922,1.510000,1.510000,1900,1.520000,9000,6.340000,0.090000
1479743199402,1.510000,1.510000,1900,1.520000,9000,6.340000,0.090000
1479743201410,1.510000,1.510000,1900,1.520000,9000,6.340000,0.090000
1479743203408,1.510000,1.510000,1900,1.520000,9000,6.340000,0.090000
1479743205393,1.510000,1.510000,1900,1.520000,9000,6.340000,0.090000
1479743207414,1.510000,1.510000,1900,1.520000,9000,6.340000,0.090000
1479743209393,1.510000,1.510000,1900,1.520000,9000,6.340000,0.090000
1479743211422,1.510000,1.510000,1900,1.520000,9000,6.340000,0.090000
1479743213418,1.510000,1.510000,1900,1.520000,9000,6.340000,0.090000
1479743215404,1.510000,1.510000,1900,1.520000,9000,6.340000,0.090000
1479743217410,1.510000,1.510000,2400,1.520000,9000,6.340000,0.090000
1479743219939,1.510000,1.510000,2400,1.520000,9000,6.340000,0.090000
1479743221944,1.510000,1.510000,2400,1.520000,9000,6.340000,0.090000
1479743223917,1.510000,1.510000,2400,1.520000,9000,6.340000,0.090000
1479743225915,1.510000,1.510000,2400,1.520000,9000,6.340000,0.090000
1479743227929,1.510000,1.510000,2400,1.520000,9000,6.340000,0.090000
1479743229933,1.510000,1.510000,2400,1.520000,9000,6.340000,0.090000
1479743231420,1.510000,1.510000,2400,1.520000,9000,6.340000,0.090000
1479743233440,1.510000,1.510000,2400,1.520000,9000,6.340000,0.090000
1479743235933,1.510000,1.510000,2400,1.520000,9000,6.340000,0.090000
1479743237933,1.510000,1.510000,2400,1.520000,9200,6.340000,0.090000
1479743239939,1.510000,1.510000,2400,1.520000,9200,6.340000,0.090000
1479743242455,1.510000,1.510000,2400,1.520000,9200,6.340000,0.090000
1479743243947,1.510000,1.510000,2400,1.520000,9200,6.340000,0.090000
1479743246438,1.510000,1.510000,2400,1.520000,9200,6.340000,0.090000
1479743248450,1.510000,1.510000,2400,1.520000,9200,6.340000,0.090000
1479743250445,1.510000,1.510000,2400,1.520000,9200,6.340000,0.090000
1479743252497,1.510000,1.510000,2400,1.520000,9200,6.340000,0.090000
1479743254438,1.510000,1.510000,2400,1.520000,9200,6.340000,0.090000
1479743256491,1.510000,1.510000,2400,1.520000,9200,6.340000,0.090000
1479743258490,1.510000,1.510000,2400,1.520000,9200,6.340000,0.090000
1479743260955,1.510000,1.510000,2400,1.520000,9200,6.340000,0.090000
1479743262929,1.510000,1.510000,2400,1.520000,9200,6.340000,0.090000
1479743264960,1.510000,1.510000,2400,1.520000,9200,6.340000,0.090000
1479743266985,1.510000,1.510000,2400,1.520000,9200,6.340000,0.090000
1479743268953,1.510000,1.510000,2400,1.520000,9200,6.340000,0.090000
1479743270954,1.510000,1.510000,2400,1.520000,9200,6.340000,0.090000
1479743272981,1.510000,1.510000,2400,1.520000,9200,6.340000,0.090000
1479743274972,1.510000,1.510000,2400,1.520000,9200,6.340000,0.090000
1479743276985,1.510000,1.510000,2400,1.520000,9200,6.340000,0.090000
1479743278977,1.510000,1.510000,2400,1.520000,9200,6.340000,0.090000
1479743281016,1.510000,1.510000,2400,1.520000,9200,6.340000,0.090000
1479743283440,1.510000,1.510000,2400,1.520000,9200,6.340000,0.090000
1479743285521,1.510000,1.510000,2400,1.520000,9200,6.340000,0.090000
1479743287455,1.520000,1.510000,2400,1.520000,9200,7.040000,0.100000
1479743289453,1.520000,1.510000,2400,1.520000,9200,7.040000,0.100000
1479743290978,1.520000,1.510000,2400,1.520000,9200,7.040000,0.100000
1479743293441,1.520000,1.510000,2400,1.520000,9200,7.040000,0.100000
1479743294464,1.520000,1.510000,2400,1.520000,9200,7.040000,0.100000
1479743297559,1.520000,1.510000,2400,1.520000,9200,7.040000,0.100000
1479743299479,1.520000,1.510000,2400,1.520000,9200,7.040000,0.100000
1479743302000,1.520000,1.510000,2400,1.520000,9200,7.040000,0.100000
1479743304002,1.520000,1.510000,2400,1.520000,9200,7.040000,0.100000
1479743305990,1.510000,1.510000,2200,1.520000,9200,6.340000,0.090000
1479743307984,1.510000,1.510000,2200,1.520000,9200,6.340000,0.090000
1479743309982,1.519100,1.510000,2200,1.520000,9200,6.980000,0.099100
1479743312021,1.519100,1.510000,2200,1.520000,9200,6.980000,0.099100
1479743313983,1.519100,1.510000,2200,1.520000,9200,6.980000,0.099100
1479743315989,1.519100,1.510000,2200,1.520000,9200,6.980000,0.099100
1479743318504,1.519100,1.510000,2200,1.520000,9200,6.980000,0.099100
1479743320450,1.519100,1.510000,2200,1.520000,9200,6.980000,0.099100
1479743322488,1.519100,1.510000,2200,1.520000,9200,6.980000,0.099100
1479743324486,1.519100,1.510000,2200,1.520000,9200,6.980000,0.099100
1479743326516,1.519100,1.510000,2200,1.520000,9200,6.980000,0.099100
1479743328506,1.519100,1.510000,2200,1.520000,9200,6.980000,0.099100
1479743330495,1.519100,1.510000,2200,1.520000,9200,6.980000,0.099100
1479743332994,1.519100,1.510000,2200,1.520000,9200,6.980000,0.099100
1479743334494,1.510000,1.510000,2200,1.520000,9200,6.340000,0.090000
1479743337007,1.510000,1.510000,2200,1.520000,9200,6.340000,0.090000
1479743339039,1.510000,1.510000,2200,1.520000,9200,6.340000,0.090000
1479743341029,1.510000,1.510000,2200,1.520000,9200,6.340000,0.090000
1479743343006,1.510000,1.510000,2200,1.520000,9200,6.340000,0.090000
1479743344528,1.510000,1.510000,2200,1.520000,9200,6.340000,0.090000
1479743347059,1.510000,1.510000,2200,1.520000,9200,6.340000,0.090000
1479743349016,1.510000,1.510000,2200,1.520000,9200,6.340000,0.090000
1479743351512,1.510000,1.510000,2000,1.520000,9000,6.340000,0.090000
1479743353562,1.510000,1.510000,2000,1.520000,9000,6.340000,0.090000
1479743354993,1.510000,1.510000,2000,1.520000,9000,6.340000,0.090000
1479743357503,1.510000,1.510000,2000,1.520000,9000,6.340000,0.090000
1479743359515,1.510000,1.510000,2000,1.520000,9000,6.340000,0.090000
1479743361569,1.510000,1.510000,2000,1.520000,9000,6.340000,0.090000
1479743363514,1.510000,1.510000,2000,1.520000,9000,6.340000,0.090000
1479743366025,1.510000,1.510000,2000,1.520000,9000,6.340000,0.090000
1479743368018,1.510000,1.510000,2000,1.520000,9000,6.340000,0.090000
1479743370541,1.510000,1.510000,2000,1.520000,9000,6.340000,0.090000
1479743372552,1.510000,1.510000,2000,1.520000,9000,6.340000,0.090000
1479743374065,1.510000,1.510000,2000,1.520000,9000,6.340000,0.090000
1479743376538,1.510000,1.510000,2000,1.520000,9000,6.340000,0.090000
1479743378527,1.510000,1.510000,2000,1.520000,9900,6.340000,0.090000
1479743380525,1.510000,1.510000,2000,1.520000,9900,6.340000,0.090000
1479743381577,1.510000,1.510000,2000,1.520000,9900,6.340000,0.090000
1479743385012,1.510000,1.510000,2000,1.520000,9900,6.340000,0.090000
1479743387117,1.510000,1.510000,2000,1.520000,9900,6.340000,0.090000
1479743389051,1.510000,1.510000,2000,1.520000,9900,6.340000,0.090000
1479743391045,1.510000,1.510000,2000,1.520000,9900,6.340000,0.090000
1479743393052,1.510000,1.510000,2000,1.520000,9900,6.340000,0.090000
1479743395047,1.510000,1.510000,2000,1.520000,9900,6.340000,0.090000
1479743396104,1.510000,1.510000,2000,1.520000,9900,6.340000,0.090000
1479743399040,1.510000,1.510000,2000,1.520000,9900,6.340000,0.090000
1479743401544,1.510000,1.510000,2000,1.520000,9900,6.340000,0.090000
1479743403600,1.510000,1.510000,2000,1.520000,9900,6.340000,0.090000
1479743405573,1.510000,1.510000,2000,1.520000,9900,6.340000,0.090000
1479743407579,1.510000,1.510000,2000,1.520000,9900,6.340000,0.090000
1479743409579,1.510000,1.510000,2000,1.520000,9900,6.340000,0.090000
1479743411561,1.510000,1.510000,2000,1.520000,9900,6.340000,0.090000
1479743413557,1.510000,1.510000,2000,1.520000,9900,6.340000,0.090000
1479743415593,1.510000,1.510000,2000,1.520000,9900,6.340000,0.090000
1479743417593,1.510000,1.510000,2000,1.520000,9900,6.340000,0.090000
1479743419611,1.510000,1.510000,2000,1.520000,9900,6.340000,0.090000
1479743422052,1.510000,1.510000,2000,1.520000,9900,6.340000,0.090000
1479743424095,1.510000,1.510000,2000,1.520000,9900,6.340000,0.090000
1479743426119,1.510000,1.510000,2000,1.520000,9900,6.340000,0.090000
1479743428095,1.510000,1.510000,2000,1.520000,9900,6.340000,0.090000
1479743430080,1.510000,1.510000,2000,1.520000,9900,6.340000,0.090000
1479743432053,1.510000,1.510000,2000,1.520000,9900,6.340000,0.090000
1479743434086,1.510000,1.510000,2000,1.520000,9900,6.340000,0.090000
1479743436090,1.510000,1.510000,2000,1.520000,9900,6.340000,0.090000
1479743437579,1.510000,1.510000,2000,1.520000,9900,6.340000,0.090000
1479743440482,1.510000,1.510000,2000,1.520000,9900,6.340000,0.090000
1479743442439,1.510000,1.510000,2000,1.520000,9900,6.340000,0.090000
1479743444418,1.510000,1.510000,2000,1.520000,9900,6.340000,0.090000
1479743446395,1.510000,1.510000,2000,1.520000,9900,6.340000,0.090000
1479743448907,1.510000,1.510000,2000,1.520000,9900,6.340000,0.090000
1479743450896,1.510000,1.510000,2000,1.520000,9900,6.340000,0.090000
1479743452924,1.510000,1.510000,2000,1.520000,9900,6.340000,0.090000
1479743454400,1.510000,1.510000,2000,1.520000,9900,6.340000,0.090000
1479743456907,1.510000,1.510000,2000,1.520000,9900,6.340000,0.090000
1479743458913,1.510000,1.510000,2000,1.520000,9900,6.340000,0.090000
1479743460905,1.510000,1.510000,2000,1.520000,9900,6.340000,0.090000
1479743462945,1.510000,1.510000,2000,1.520000,9900,6.340000,0.090000
1479743464918,1.510000,1.510000,900,1.520000,9900,6.340000,0.090000
1479743466935,1.510000,1.510000,900,1.520000,9900,6.340000,0.090000
1479743468961,1.510000,1.510000,900,1.520000,9900,6.340000,0.090000
1479743471438,1.510000,1.510000,900,1.520000,9900,6.340000,0.090000
1479743473459,1.510000,1.510000,900,1.520000,9900,6.340000,0.090000
1479743475461,1.510000,1.510000,900,1.520000,9900,6.340000,0.090000
1479743477458,1.510000,1.510000,900,1.520000,9900,6.340000,0.090000
1479743479447,1.510000,1.510000,900,1.520000,9900,6.340000,0.090000
1479743481444,1.510000,1.510000,900,1.520000,9900,6.340000,0.090000
1479743483437,1.510000,1.510000,900,1.520000,9900,6.340000,0.090000
1479743485476,1.510000,1.510000,900,1.520000,9900,6.340000,0.090000
1479743487459,1.510000,1.510000,900,1.520000,9900,6.340000,0.090000
1479743489463,1.510000,1.510000,900,1.520000,9900,6.340000,0.090000
1479743491955,1.510000,1.510000,900,1.520000,9900,6.340000,0.090000
1479743493937,1.510000,1.510000,900,1.520000,9900,6.340000,0.090000
1479743495979,1.510000,1.510000,900,1.520000,9900,6.340000,0.090000
1479743497964,1.510000,1.510000,900,1.520000,9900,6.340000,0.090000
1479743499445,1.510000,1.510000,900,1.520000,9900,6.340000,0.090000
1479743501939,1.510000,1.510000,900,1.520000,9900,6.340000,0.090000
1479743503962,1.510000,1.510000,900,1.520000,9900,6.340000,0.090000
1479743505476,1.510000,1.510000,900,1.520000,9900,6.340000,0.090000
1479743507982,1.510000,1.510000,900,1.520000,9900,6.340000,0.090000
1479743510435,1.510000,1.510000,900,1.520000,9900,6.340000,0.090000
1479743512495,1.510000,1.510000,900,1.520000,9900,6.340000,0.090000
1479743514476,1.510000,1.510000,900,1.520000,9900,6.340000,0.090000
1479743516505,1.510000,1.510000,900,1.520000,9900,6.340000,0.090000
1479743517967,1.510000,1.510000,900,1.520000,9900,6.340000,0.090000
1479743520464,1.510000,1.510000,900,1.520000,9900,6.340000,0.090000
1479743522468,1.510000,1.510000,900,1.520000,9900,6.340000,0.090000
1479743523472,1.510000,1.510000,900,1.520000,9900,6.340000,0.090000
1479743525961,1.510000,1.510000,900,1.520000,9900,6.340000,0.090000
1479743528486,1.510000,1.510000,900,1.520000,9900,6.340000,0.090000
1479743530961,1.510000,1.510000,900,1.520000,9900,6.340000,0.090000
1479743532977,1.510000,1.510000,900,1.520000,9900,6.340000,0.090000
1479743534949,1.510000,1.510000,900,1.520000,9900,6.340000,0.090000
1479743536962,1.510000,1.510000,900,1.520000,9900,6.340000,0.090000
1479743538972,1.510000,1.510000,900,1.520000,9900,6.340000,0.090000
1479743540978,1.510000,1.510000,900,1.520000,9900,6.340000,0.090000
1479743543008,1.510000,1.510000,900,1.520000,9900,6.340000,0.090000
1479743544958,1.510000,1.510000,900,1.520000,9900,6.340000,0.090000
1479743546979,1.510000,1.510000,900,1.520000,9900,6.340000,0.090000
1479743549471,1.510000,1.510000,900,1.520000,9900,6.340000,0.090000
1479743551469,1.510000,1.510000,900,1.520000,9900,6.340000,0.090000
1479743553503,1.510000,1.510000,900,1.520000,9900,6.340000,0.090000
1479743555485,1.510000,1.510000,900,1.520000,9900,6.340000,0.090000
1479743557487,1.510000,1.510000,900,1.520000,9900,6.340000,0.090000
1479743559477,1.510000,1.510000,900,1.520000,9900,6.340000,0.090000
1479743561495,1.510000,1.510000,900,1.520000,9900,6.340000,0.090000
1479743563486,1.510000,1.510000,900,1.520000,9900,6.340000,0.090000
1479743565518,1.510000,1.510000,900,1.520000,9900,6.340000,0.090000
1479743567490,1.510000,1.510000,900,1.520000,9900,6.340000,0.090000
1479743569478,1.510000,1.510000,900,1.520000,9900,6.340000,0.090000
1479743571482,1.510000,1.510000,900,1.520000,9900,6.340000,0.090000
1479743573998,1.515000,1.510000,900,1.520000,9900,6.690000,0.095000
1479743576006,1.520000,1.510000,900,1.520000,9900,7.040000,0.100000
1479743577997,1.520000,1.510000,900,1.520000,9900,7.040000,0.100000
1479743580003,1.520000,1.510000,900,1.520000,9900,7.040000,0.100000
1479743582001,1.520000,1.510000,900,1.520000,9900,7.040000,0.100000
1479743584019,1.515000,1.510000,900,1.520000,9900,6.690000,0.095000
1479743585995,1.515000,1.510000,900,1.520000,9900,6.690000,0.095000
1479743588084,1.515000,1.510000,1500,1.520000,9900,6.690000,0.095000
1479743590497,1.515000,1.510000,1500,1.520000,9900,6.690000,0.095000
1479743592500,1.515000,1.510000,1500,1.520000,9900,6.690000,0.095000
1479743594518,1.515000,1.510000,1500,1.520000,9900,6.690000,0.095000
1479743596554,1.515000,1.510000,1500,1.520000,9900,6.690000,0.095000
1479743598011,1.515000,1.510000,1500,1.520000,9900,6.690000,0.095000
1479743600526,1.515000,1.510000,1500,1.520000,9900,6.690000,0.095000
1479743602572,1.515000,1.510000,1500,1.520000,9900,6.690000,0.095000
1479743604537,1.515000,1.510000,1500,1.520000,9900,6.690000,0.095000
1479743606506,1.515000,1.510000,1500,1.520000,9900,6.690000,0.095000
1479743608538,1.515000,1.510000,1500,1.520000,9900,6.690000,0.095000
1479743611010,1.515000,1.510000,1500,1.520000,9900,6.690000,0.095000
1479743613024,1.515000,1.510000,1500,1.520000,9900,6.690000,0.095000
1479743614513,1.515000,1.510000,1500,1.520000,9900,6.690000,0.095000
1479743617082,1.515000,1.510000,1500,1.520000,9900,6.690000,0.095000
1479743619043,1.515000,1.510000,1500,1.520000,9900,6.690000,0.095000
1479743621032,1.515000,1.510000,1500,1.520000,9900,6.690000,0.095000
1479743623092,1.515000,1.510000,1500,1.520000,9900,6.690000,0.095000
1479743624042,1.515000,1.510000,1500,1.520000,9900,6.690000,0.095000
1479743627026,1.515000,1.510000,1500,1.520000,9900,6.690000,0.095000
1479743629062,1.515000,1.510000,1500,1.520000,9900,6.690000,0.095000
1479743631045,1.515000,1.510000,1500,1.520000,9900,6.690000,0.095000
1479743633560,1.515000,1.510000,1500,1.520000,9900,6.690000,0.095000
1479743634547,1.515000,1.510000,1500,1.520000,9900,6.690000,0.095000
1479743637044,1.515000,1.510000,1500,1.520000,9900,6.690000,0.095000
1479743639545,1.515000,1.510000,1500,1.520000,9900,6.690000,0.095000
1479743641537,1.515000,1.510000,1500,1.520000,9900,6.690000,0.095000
1479743643562,1.510000,1.510000,1500,1.520000,9900,6.340000,0.090000
1479743645565,1.510000,1.510000,1500,1.520000,9900,6.340000,0.090000
1479743647585,1.510000,1.510000,1500,1.520000,9900,6.340000,0.090000
1479743650069,1.510000,1.510000,1500,1.520000,9900,6.340000,0.090000
1479743652049,1.510000,1.510000,1500,1.520000,9900,6.340000,0.090000
1479743654072,1.510000,1.510000,1500,1.520000,9900,6.340000,0.090000
1479743655576,1.510000,1.510000,1500,1.520000,9900,6.340000,0.090000
1479743658072,1.510000,1.510000,1500,1.520000,9900,6.340000,0.090000
1479743659614,1.510000,1.510000,1500,1.520000,9900,6.340000,0.090000
1479743662562,1.510000,1.510000,1500,1.520000,9900,6.340000,0.090000
1479743664091,1.520000,1.510000,1500,1.520000,9900,7.040000,0.100000
1479743666554,1.520000,1.510000,1500,1.520000,9900,7.040000,0.100000
1479743668576,1.520000,1.510000,1500,1.520000,9900,7.040000,0.100000
1479743670576,1.520000,1.510000,1500,1.520000,9900,7.040000,0.100000
1479743672560,1.520000,1.510000,1500,1.520000,9900,7.040000,0.100000
1479743674116,1.520000,1.510000,1500,1.520000,9900,7.040000,0.100000
1479743676570,1.520000,1.510000,1500,1.520000,9900,7.040000,0.100000
1479743678578,1.520000,1.510000,1500,1.520000,9900,7.040000,0.100000
1479743680568,1.520000,1.510000,1500,1.520000,9900,7.040000,0.100000
1479743683071,1.520000,1.510000,1500,1.520000,9900,7.040000,0.100000
1479743685077,1.520000,1.510000,1500,1.520000,9900,7.040000,0.100000
1479743686601,1.520000,1.510000,1500,1.520000,9900,7.040000,0.100000
1479743688418,1.520000,1.510000,1500,1.520000,9900,7.040000,0.100000
1479743691399,1.520000,1.510000,1500,1.520000,9900,7.040000,0.100000
1479743693398,1.520000,1.510000,1500,1.520000,9900,7.040000,0.100000
1479743695412,1.520000,1.510000,1500,1.520000,9900,7.040000,0.100000
1479743697402,1.520000,1.510000,1500,1.520000,9900,7.040000,0.100000
1479743699422,1.520000,1.510000,1500,1.520000,9900,7.040000,0.100000
1479743701413,1.520000,1.510000,1500,1.520000,9900,7.040000,0.100000
1479743703419,1.520000,1.510000,1500,1.520000,9900,7.040000,0.100000
1479743705894,1.520000,1.510000,1500,1.520000,9900,7.040000,0.100000
1479743707934,1.520000,1.510000,1500,1.520000,9900,7.040000,0.100000
1479743709918,1.520000,1.510000,1500,1.520000,9900,7.040000,0.100000
1479743711929,1.515000,1.510000,1500,1.520000,9900,6.690000,0.095000
1479743713900,1.515000,1.510000,1500,1.520000,9900,6.690000,0.095000
1479743715933,1.515000,1.510000,1500,1.520000,9900,6.690000,0.095000
1479743717419,1.515000,1.510000,1500,1.520000,9900,6.690000,0.095000
1479743719932,1.515000,1.510000,1500,1.520000,9900,6.690000,0.095000
1479743721918,1.513200,1.510000,1500,1.520000,9900,6.560000,0.093200
1479743723930,1.513200,1.510000,1500,1.520000,9900,6.560000,0.093200
1479743725928,1.513200,1.510000,1500,1.520000,9900,6.560000,0.093200
1479743727925,1.515000,1.510000,1500,1.520000,9900,6.690000,0.095000
1479743729913,1.515000,1.510000,1500,1.520000,9900,6.690000,0.095000
1479743731438,1.515000,1.510000,1500,1.520000,9900,6.690000,0.095000
1479743734421,1.515000,1.510000,1500,1.520000,9900,6.690000,0.095000
1479743736421,1.515000,1.510000,1500,1.520000,9900,6.690000,0.095000
1479743738425,1.515000,1.510000,1500,1.520000,9900,6.690000,0.095000
1479743740439,1.515000,1.510000,1500,1.520000,9900,6.690000,0.095000
1479743742454,1.515000,1.510000,1500,1.520000,9900,6.690000,0.095000
1479743744440,1.515000,1.510000,1500,1.520000,9900,6.690000,0.095000
1479743746480,1.515000,1.510000,1500,1.520000,9900,6.690000,0.095000
1479743748470,1.515000,1.510000,1500,1.520000,9900,6.690000,0.095000
1479743750419,1.515000,1.510000,1500,1.520000,9900,6.690000,0.095000
1479743752930,1.515000,1.510000,1500,1.520000,9900,6.690000,0.095000
1479743754931,1.515000,1.510000,1500,1.520000,9900,6.690000,0.095000
1479743756975,1.515000,1.510000,1500,1.520000,9900,6.690000,0.095000
1479743758934,1.510000,1.510000,1400,1.520000,9900,6.340000,0.090000
1479743760961,1.510000,1.510000,1400,1.520000,9900,6.340000,0.090000
1479743762960,1.510000,1.510000,1400,1.520000,9900,6.340000,0.090000
1479743764980,1.518000,1.510000,1400,1.520000,9900,6.900000,0.098000
1479743766969,1.518000,1.510000,1400,1.520000,9900,6.900000,0.098000
1479743768959,1.518000,1.510000,1400,1.520000,9900,6.900000,0.098000
1479743770967,1.518000,1.510000,1400,1.520000,9900,6.900000,0.098000
1479743773447,1.518000,1.510000,1400,1.520000,9900,6.900000,0.098000
1479743775561,1.518000,1.510000,1400,1.520000,9900,6.900000,0.098000
1479743777501,1.518000,1.510000,1400,1.520000,9900,6.900000,0.098000
1479743779461,1.518000,1.510000,1400,1.520000,9900,6.900000,0.098000
1479743781467,1.518000,1.510000,1400,1.520000,900,6.900000,0.098000
1479743783443,1.518000,1.510000,1400,1.520000,900,6.900000,0.098000
1479743785449,1.518000,1.510000,1400,1.520000,900,6.900000,0.098000
1479743787473,1.518000,1.510000,1400,1.520000,900,6.900000,0.098000
1479743788941,1.518000,1.510000,1400,1.520000,900,6.900000,0.098000
1479743791444,1.518000,1.510000,1400,1.520000,900,6.900000,0.098000
1479743793974,1.518000,1.510000,1400,1.520000,900,6.900000,0.098000
1479743795486,1.518000,1.510000,1400,1.520000,900,6.900000,0.098000
1479743797967,1.518000,1.510000,1400,1.520000,900,6.900000,0.098000
1479743799972,1.518000,1.510000,1400,1.520000,900,6.900000,0.098000
1479743801469,1.518000,1.510000,1400,1.520000,900,6.900000,0.098000
1479743803993,1.518000,1.510000,1400,1.520000,900,6.900000,0.098000
1479743805998,1.518000,1.510000,1400,1.520000,900,6.900000,0.098000
1479743807974,1.518000,1.510000,1400,1.520000,900,6.900000,0.098000
1479743810023,1.518000,1.510000,1400,1.520000,900,6.900000,0.098000
1479743811987,1.518000,1.510000,1400,1.520000,900,6.900000,0.098000
1479743814486,1.518000,1.510000,1400,1.520000,900,6.900000,0.098000
1479743816499,1.518000,1.510000,1400,1.520000,900,6.900000,0.098000
1479743818001,1.518000,1.510000,1400,1.520000,900,6.900000,0.098000
1479743820521,1.518000,1.510000,1400,1.520000,900,6.900000,0.098000
1479743822534,1.510000,1.510000,1300,1.520000,900,6.340000,0.090000
1479743824514,1.510000,1.510000,1300,1.520000,900,6.340000,0.090000
1479743826477,1.510000,1.510000,1300,1.520000,900,6.340000,0.090000
1479743828480,1.510000,1.510000,1300,1.520000,900,6.340000,0.090000
1479743830986,1.510000,1.510000,1300,1.520000,900,6.340000,0.090000
1479743832517,1.510000,1.510000,1300,1.520000,900,6.340000,0.090000
1479743834469,1.510000,1.510000,1300,1.520000,900,6.340000,0.090000
1479743837020,1.510000,1.510000,1300,1.520000,900,6.340000,0.090000
1479743839011,1.510000,1.510000,1300,1.520000,900,6.340000,0.090000
1479743841013,1.510000,1.510000,1300,1.520000,900,6.340000,0.090000
1479743842997,1.510000,1.510000,1300,1.520000,900,6.340000,0.090000
1479743844996,1.510000,1.510000,1300,1.520000,900,6.340000,0.090000
1479743847036,1.510000,1.510000,1300,1.520000,900,6.340000,0.090000
1479743848555,1.510000,1.510000,1300,1.520000,900,6.340000,0.090000
1479743851027,1.510000,1.510000,1300,1.520000,900,6.340000,0.090000
1479743853509,1.510000,1.510000,1300,1.520000,900,6.340000,0.090000
1479743855509,1.510000,1.510000,1300,1.520000,900,6.340000,0.090000
1479743857533,1.510000,1.510000,1300,1.520000,900,6.340000,0.090000
1479743859501,1.510000,1.510000,1300,1.520000,900,6.340000,0.090000
1479743861499,1.510000,1.510000,1300,1.520000,900,6.340000,0.090000
1479743863538,1.510000,1.510000,1300,1.520000,900,6.340000,0.090000
1479743865553,1.510000,1.510000,1300,1.520000,900,6.340000,0.090000
1479743867530,1.510000,1.510000,1300,1.520000,900,6.340000,0.090000
1479743869588,1.510000,1.510000,1300,1.520000,900,6.340000,0.090000
1479743872082,1.510000,1.510000,1300,1.520000,900,6.340000,0.090000
1479743874043,1.510000,1.510000,1300,1.520000,900,6.340000,0.090000
1479743875582,1.510000,1.510000,1300,1.520000,900,6.340000,0.090000
1479743878101,1.510000,1.510000,1300,1.520000,900,6.340000,0.090000
1479743880022,1.510000,1.510000,1300,1.520000,900,6.340000,0.090000
1479743882045,1.510000,1.510000,1300,1.520000,900,6.340000,0.090000
1479743884081,1.510000,1.510000,1300,1.520000,900,6.340000,0.090000
1479743886066,1.510000,1.510000,1300,1.520000,900,6.340000,0.090000
1479743888054,1.510000,1.510000,1300,1.520000,900,6.340000,0.090000
1479743890550,1.510000,1.510000,1300,1.520000,900,6.340000,0.090000
1479743892564,1.510000,1.510000,1300,1.520000,900,6.340000,0.090000
1479743894080,1.510000,1.510000,1300,1.520000,900,6.340000,0.090000
1479743896568,1.518000,1.510000,900,1.520000,900,6.900000,0.098000
1479743898549,1.518000,1.510000,900,1.520000,900,6.900000,0.098000
1479743900514,1.518000,1.510000,900,1.520000,900,6.900000,0.098000
1479743902576,1.518000,1.510000,900,1.520000,900,6.900000,0.098000
1479743904543,1.518000,1.510000,900,1.520000,900,6.900000,0.098000
1479743906544,1.518000,1.510000,900,1.520000,900,6.900000,0.098000
1479743909066,1.518000,1.510000,900,1.520000,900,6.900000,0.098000
1479743911088,1.518000,1.510000,900,1.520000,900,6.900000,0.098000
1479743913061,1.518000,1.510000,900,1.520000,900,6.900000,0.098000
1479743915150,1.510000,1.510000,900,1.520000,900,6.340000,0.090000
1479743917058,1.510000,1.510000,900,1.520000,900,6.340000,0.090000
1479743919126,1.510000,1.510000,900,1.520000,900,6.340000,0.090000
1479743921103,1.510000,1.510000,900,1.520000,900,6.340000,0.090000
1479743923582,1.510000,1.510000,900,1.520000,900,6.340000,0.090000
1479743925581,1.510000,1.510000,900,1.520000,900,6.340000,0.090000
1479743927585,1.510000,1.510000,900,1.520000,900,6.340000,0.090000
1479743929559,1.510000,1.510000,900,1.520000,900,6.340000,0.090000
1479743931114,1.510000,1.510000,900,1.520000,900,6.340000,0.090000
1479743933623,1.510000,1.510000,900,1.520000,900,6.340000,0.090000
1479743935617,1.510000,1.510000,900,1.520000,900,6.340000,0.090000
1479743937576,1.510000,1.510000,900,1.520000,900,6.340000,0.090000
1479743940087,1.510000,1.510000,900,1.520000,900,6.340000,0.090000
1479743942102,1.510000,1.510000,900,1.520000,900,6.340000,0.090000
1479743944108,1.510000,1.510000,900,1.520000,900,6.340000,0.090000
1479743946091,1.510000,1.510000,900,1.520000,900,6.340000,0.090000
1479743948137,1.510000,1.510000,900,1.520000,900,6.340000,0.090000
1479743950411,1.516800,1.510000,900,1.520000,900,6.820000,0.096800
1479743952413,1.516800,1.510000,900,1.520000,900,6.820000,0.096800
1479743954400,1.516800,1.510000,900,1.520000,900,6.820000,0.096800
1479743956393,1.516800,1.510000,900,1.520000,900,6.820000,0.096800
1479743957933,1.516800,1.510000,900,1.520000,900,6.820000,0.096800
1479743960416,1.516800,1.510000,900,1.520000,900,6.820000,0.096800
1479743962418,1.516800,1.510000,900,1.520000,900,6.820000,0.096800
1479743964434,1.516800,1.510000,900,1.520000,900,6.820000,0.096800
1479743966928,1.516800,1.510000,900,1.520000,900,6.820000,0.096800
1479743968943,1.516800,1.510000,900,1.520000,900,6.820000,0.096800
1479743970441,1.516800,1.510000,900,1.520000,900,6.820000,0.096800
1479743972923,1.516800,1.510000,900,1.520000,900,6.820000,0.096800
1479743974948,1.516800,1.510000,900,1.520000,900,6.820000,0.096800
1479743976928,1.516800,1.510000,900,1.520000,900,6.820000,0.096800
1479743978939,1.516800,1.510000,900,1.520000,900,6.820000,0.096800
1479743980932,1.516800,1.510000,900,1.520000,900,6.820000,0.096800
1479743982939,1.516800,1.510000,900,1.520000,900,6.820000,0.096800
1479743984951,1.516800,1.510000,900,1.520000,900,6.820000,0.096800
1479743986931,1.516800,1.510000,900,1.520000,900,6.820000,0.096800
1479743989462,1.516800,1.510000,900,1.520000,900,6.820000,0.096800
1479743991454,1.516800,1.510000,900,1.520000,900,6.820000,0.096800
1479743993436,1.516800,1.510000,900,1.520000,900,6.820000,0.096800
1479743995445,1.516800,1.510000,900,1.520000,900,6.820000,0.096800
1479743997412,1.520000,1.510000,900,1.520000,800,7.040000,0.100000
1479743999417,1.520000,1.510000,900,1.520000,800,7.040000,0.100000
1479744001456,1.510000,1.510000,900,1.520000,800,6.340000,0.090000
1479744003951,1.510000,1.510000,900,1.520000,800,6.340000,0.090000
1479744006456,1.510000,1.510000,900,1.520000,800,6.340000,0.090000
1479744008424,1.510000,1.510000,900,1.520000,800,6.340000,0.090000
1479744010465,1.510000,1.510000,900,1.520000,800,6.340000,0.090000
1479744012477,1.510000,1.510000,900,1.520000,800,6.340000,0.090000
1479744014488,1.510000,1.510000,900,1.520000,800,6.340000,0.090000
1479744016484,1.518400,1.510000,900,1.520000,800,6.930000,0.098400
1479744018475,1.518400,1.510000,900,1.520000,800,6.930000,0.098400
1479744020445,1.518400,1.510000,900,1.520000,800,6.930000,0.098400
1479744022967,1.520000,1.510000,900,1.520000,800,7.040000,0.100000
1479744024971,1.520000,1.510000,900,1.520000,800,7.040000,0.100000
1479744026980,1.520000,1.510000,900,1.520000,800,7.040000,0.100000
1479744028972,1.520000,1.510000,900,1.520000,800,7.040000,0.100000
1479744030941,1.520000,1.510000,900,1.520000,400,7.040000,0.100000
1479744032966,1.520000,1.510000,900,1.520000,400,7.040000,0.100000
1479744034973,1.520000,1.510000,900,1.520000,400,7.040000,0.100000
1479744036987,1.520000,1.510000,900,1.520000,400,7.040000,0.100000
1479744038985,1.520000,1.510000,900,1.520000,200,7.040000,0.100000
1479744040994,1.520000,1.510000,900,1.520000,200,7.040000,0.100000
1479744042963,1.520000,1.510000,900,1.520000,200,7.040000,0.100000
1479744045478,1.520000,1.510000,900,1.520000,200,7.040000,0.100000
1479744047491,1.520000,1.510000,900,1.520000,100,7.040000,0.100000
1479744049496,1.520000,1.510000,900,1.520000,100,7.040000,0.100000
1479744051509,1.520000,1.510000,900,1.520000,100,7.040000,0.100000
1479744053471,1.520000,1.510000,900,1.520000,100,7.040000,0.100000
1479744055467,1.520000,1.510000,900,1.520000,100,7.040000,0.100000
1479744057489,1.520000,1.510000,900,1.520000,100,7.040000,0.100000
1479744059465,1.520000,1.510000,900,1.520000,100,7.040000,0.100000
1479744061560,1.520000,1.510000,900,1.520000,100,7.040000,0.100000
1479744063523,1.520000,1.510000,900,1.530000,10000,7.040000,0.100000
1479744065503,1.520000,1.510000,900,1.530000,10000,7.040000,0.100000
1479744068044,1.520000,1.510000,900,1.530000,10000,7.040000,0.100000
1479744069976,1.520000,1.510000,900,1.530000,10000,7.040000,0.100000
1479744072019,1.520000,1.510000,900,1.530000,10000,7.040000,0.100000
1479744074000,1.520000,1.510000,900,1.530000,10000,7.040000,0.100000
1479744075998,1.520000,1.510000,900,1.530000,10000,7.040000,0.100000
1479744077569,1.520000,1.510000,900,1.530000,10000,7.040000,0.100000
1479744079498,1.520000,1.510000,900,1.530000,10000,7.040000,0.100000
1479744082027,1.520000,1.510000,900,1.530000,10000,7.040000,0.100000
1479744084477,1.520000,1.510000,900,1.530000,10000,7.040000,0.100000
1479744086499,1.520000,1.510000,900,1.530000,10000,7.040000,0.100000
1479744088530,1.520000,1.510000,900,1.530000,10000,7.040000,0.100000
1479744090515,1.520000,1.510000,900,1.530000,10000,7.040000,0.100000
1479744092568,1.520000,1.510000,900,1.530000,10000,7.040000,0.100000
1479744094007,1.520000,1.510000,900,1.530000,10000,7.040000,0.100000
1479744096532,1.520000,1.510000,900,1.530000,10000,7.040000,0.100000
1479744098530,1.520000,1.510000,900,1.530000,10000,7.040000,0.100000
1479744100541,1.520000,1.510000,900,1.530000,10000,7.040000,0.100000
1479744102521,1.520000,1.510000,900,1.530000,10000,7.040000,0.100000
1479744104509,1.520000,1.510000,900,1.530000,10000,7.040000,0.100000
1479744107031,1.520000,1.510000,900,1.530000,10000,7.040000,0.100000
1479744109095,1.520000,1.510000,900,1.530000,10000,7.040000,0.100000
1479744111054,1.520000,1.510000,900,1.530000,10000,7.040000,0.100000
1479744112524,1.520000,1.510000,900,1.530000,10000,7.040000,0.100000
1479744115030,1.520000,1.510000,900,1.530000,10000,7.040000,0.100000
1479744117025,1.520000,1.510000,900,1.530000,10000,7.040000,0.100000
1479744119071,1.520000,1.510000,900,1.530000,10000,7.040000,0.100000
1479744121541,1.520000,1.510000,900,1.530000,10000,7.040000,0.100000
1479744123042,1.520000,1.510000,900,1.530000,10000,7.040000,0.100000
1479744125538,1.520000,1.510000,900,1.530000,10000,7.040000,0.100000
1479744127530,1.520000,1.510000,900,1.530000,10000,7.040000,0.100000
1479744129538,1.520000,1.510000,900,1.530000,10000,7.040000,0.100000
1479744131521,1.520000,1.510000,900,1.530000,10000,7.040000,0.100000
1479744133061,1.520000,1.510000,900,1.530000,10000,7.040000,0.100000
1479744135564,1.520000,1.510000,900,1.530000,10000,7.040000,0.100000
1479744137600,1.520000,1.510000,900,1.530000,10000,7.040000,0.100000
1479744139561,1.520000,1.510000,900,1.530000,10000,7.040000,0.100000
1479744142035,1.520000,1.510000,900,1.530000,10000,7.040000,0.100000
1479744143556,1.520000,1.510000,900,1.530000,10000,7.040000,0.100000
1479744146041,1.520000,1.510000,900,1.530000,10000,7.040000,0.100000
1479744148058,1.520000,1.510000,900,1.530000,10000,7.040000,0.100000
1479744150180,1.520000,1.510000,900,1.530000,10000,7.040000,0.100000
1479744152066,1.520000,1.510000,900,1.530000,10000,7.040000,0.100000
1479744154082,1.520000,1.510000,900,1.530000,10000,7.040000,0.100000
1479744156046,1.520000,1.510000,900,1.530000,10000,7.040000,0.100000
1479744158035,1.520000,1.510000,900,1.530000,10000,7.040000,0.100000
1479744160053,1.520000,1.510000,900,1.530000,10000,7.040000,0.100000
1479744162571,1.520000,1.510000,900,1.530000,10000,7.040000,0.100000
1479744164635,1.520000,1.510000,900,1.530000,10000,7.040000,0.100000
1479744166067,1.520000,1.510000,900,1.530000,10000,7.040000,0.100000
1479744168583,1.520000,1.510000,900,1.530000,10000,7.040000,0.100000
1479744170580,1.520000,1.510000,900,1.530000,10000,7.040000,0.100000
1479744172580,1.520000,1.510000,7800,1.530000,10000,7.040000,0.100000
1479744174569,1.520000,1.510000,7800,1.530000,10000,7.040000,0.100000
1479744176053,1.520000,1.510000,7800,1.530000,10000,7.040000,0.100000
1479744178703,1.520000,1.510000,7800,1.530000,10000,7.040000,0.100000
1479744181149,1.520000,1.510000,7800,1.530000,10000,7.040000,0.100000
1479744183095,1.520000,1.510000,7800,1.530000,10000,7.040000,0.100000
1479744185065,1.520000,1.510000,7800,1.530000,10000,7.040000,0.100000
1479744187606,1.520000,1.510000,7800,1.530000,10000,7.040000,0.100000
1479744189059,1.520000,1.510000,7800,1.530000,10000,7.040000,0.100000
1479744191075,1.520000,1.510000,7800,1.530000,10000,7.040000,0.100000
1479744193609,1.520000,1.510000,900,1.530000,10000,7.040000,0.100000
1479744195697,1.520000,1.510000,900,1.530000,10000,7.040000,0.100000
1479744198115,1.520000,1.510000,900,1.530000,10000,7.040000,0.100000
1479744200078,1.520000,1.510000,900,1.530000,10000,7.040000,0.100000
1479744202086,1.520000,1.510000,900,1.530000,10000,7.040000,0.100000
1479744204392,1.520000,1.510000,900,1.530000,10000,7.040000,0.100000
1479745573499,1.529000,1.510000,8400,1.530000,10400,7.680000,0.109000
1479745575461,1.529000,1.510000,8400,1.530000,10400,7.680000,0.109000
1479745577468,1.529000,1.510000,8400,1.530000,10400,7.680000,0.109000
1479745579968,1.520000,1.510000,8400,1.530000,10400,7.040000,0.100000
1479745581981,1.520000,1.510000,8400,1.530000,10400,7.040000,0.100000
1479745583488,1.520000,1.510000,8400,1.530000,10400,7.040000,0.100000
1479745586013,1.520000,1.510000,8400,1.530000,10400,7.040000,0.100000
1479745587955,1.520000,1.510000,8400,1.530000,10400,7.040000,0.100000
1479745590008,1.520000,1.510000,8400,1.530000,10400,7.040000,0.100000
1479745591488,1.520000,1.510000,8400,1.530000,10400,7.040000,0.100000
1479745593986,1.520000,1.510000,8400,1.530000,10400,7.040000,0.100000
1479745595987,1.520000,1.510000,8400,1.530000,10400,7.040000,0.100000
1479745597991,1.520000,1.510000,8400,1.530000,10400,7.040000,0.100000
1479745600475,1.520000,1.510000,8400,1.530000,10400,7.040000,0.100000
1479745602499,1.520000,1.510000,8400,1.530000,10400,7.040000,0.100000
1479745604465,1.520000,1.510000,8400,1.530000,10400,7.040000,0.100000
1479745605990,1.520000,1.510000,8400,1.530000,10400,7.040000,0.100000
1479745608478,1.520000,1.510000,8400,1.530000,10400,7.040000,0.100000
1479745610504,1.520000,1.510000,8400,1.530000,10400,7.040000,0.100000
1479745612501,1.520000,1.510000,8400,1.530000,10400,7.040000,0.100000
1479745614503,1.520000,1.510000,8400,1.530000,10400,7.040000,0.100000
1479745616522,1.520000,1.510000,8400,1.530000,10400,7.040000,0.100000
1479745618486,1.520000,1.510000,8400,1.530000,10400,7.040000,0.100000
1479745620555,1.520000,1.510000,8400,1.530000,10400,7.040000,0.100000
1479745622986,1.520000,1.510000,8400,1.530000,10400,7.040000,0.100000
1479745625045,1.520000,1.510000,8400,1.530000,10400,7.040000,0.100000
1479745625509,1.520000,1.510000,8400,1.530000,10400,7.040000,0.100000
1479745629007,1.520000,1.510000,8400,1.530000,10400,7.040000,0.100000
1479745631520,1.520000,1.510000,8400,1.530000,10400,7.040000,0.100000
1479745633501,1.520000,1.510000,8400,1.530000,10400,7.040000,0.100000
1479745635500,1.520000,1.510000,8400,1.530000,10400,7.040000,0.100000
1479745637512,1.520000,1.510000,8400,1.530000,10400,7.040000,0.100000
1479745639014,1.520000,1.510000,8400,1.530000,10400,7.040000,0.100000
1479745641542,1.520000,1.510000,8400,1.530000,10400,7.040000,0.100000
1479745642533,1.520000,1.510000,8400,1.530000,10400,7.040000,0.100000
1479745645505,1.520000,1.510000,8400,1.530000,10400,7.040000,0.100000
1479745647506,1.520000,1.510000,8400,1.530000,10400,7.040000,0.100000
1479745650050,1.520000,1.510000,8400,1.530000,10400,7.040000,0.100000
1479745652052,1.520000,1.510000,8400,1.530000,10400,7.040000,0.100000
1479745654018,1.520000,1.510000,8400,1.530000,10400,7.040000,0.100000
1479745656089,1.520000,1.510000,8400,1.530000,10400,7.040000,0.100000
1479745657542,1.520000,1.510000,8400,1.530000,10400,7.040000,0.100000
1479745660042,1.520000,1.510000,8400,1.530000,10400,7.040000,0.100000
1479745662036,1.520000,1.510000,8400,1.530000,10400,7.040000,0.100000
1479745664027,1.520000,1.510000,8000,1.530000,10400,7.040000,0.100000
1479745666045,1.520000,1.510000,8000,1.530000,10400,7.040000,0.100000
1479745668043,1.520000,1.510000,8000,1.530000,10400,7.040000,0.100000
1479745670532,1.520000,1.510000,8000,1.530000,10400,7.040000,0.100000
1479745670532,1.520000,1.510000,8000,1.530000,10400,7.040000,0.100000
1479745674040,1.520000,1.510000,8000,1.530000,10400,7.040000,0.100000
1479745676522,1.520000,1.510000,8000,1.530000,10400,7.040000,0.100000
1479745678545,1.520000,1.510000,8000,1.530000,10400,7.040000,0.100000
1479745680529,1.520000,1.510000,8000,1.530000,10400,7.040000,0.100000
1479745682565,1.520000,1.510000,8000,1.530000,10400,7.040000,0.100000
1479745684574,1.520000,1.510000,8000,1.530000,10400,7.040000,0.100000
1479745686133,1.520000,1.510000,8000,1.530000,10400,7.040000,0.100000
1479745688572,1.520000,1.510000,8000,1.530000,10400,7.040000,0.100000
1479745690585,1.520000,1.510000,8000,1.530000,10400,7.040000,0.100000
1479745693068,1.520000,1.520000,5000,1.530000,10000,7.040000,0.100000
1479745695084,1.520000,1.520000,5000,1.530000,10000,7.040000,0.100000
1479745696558,1.520000,1.520000,5000,1.530000,10000,7.040000,0.100000
1479745699060,1.520000,1.520000,5000,1.530000,10000,7.040000,0.100000
1479745700088,1.520000,1.520000,5000,1.530000,10000,7.040000,0.100000
1479745703129,1.520000,1.520000,1000,1.530000,10000,7.040000,0.100000
1479745705095,1.520000,1.520000,1000,1.530000,10000,7.040000,0.100000
1479745707069,1.520000,1.520000,1000,1.530000,10000,7.040000,0.100000
1479745709543,1.520000,1.520000,1000,1.530000,10000,7.040000,0.100000
1479745711573,1.520000,1.520000,1000,1.530000,10000,7.040000,0.100000
1479745713586,1.520000,1.520000,1000,1.530000,10000,7.040000,0.100000
1479745715604,1.520000,1.520000,1000,1.530000,10000,7.040000,0.100000
1479745717623,1.520000,1.520000,1000,1.530000,10000,7.040000,0.100000
1479745719614,1.520000,1.520000,1000,1.530000,10000,7.040000,0.100000
1479745721577,1.520000,1.520000,1000,1.530000,10000,7.040000,0.100000
1479745722551,1.520000,1.520000,1000,1.530000,10000,7.040000,0.100000
1479745725561,1.520000,1.520000,1000,1.530000,10000,7.040000,0.100000
1479745727585,1.520000,1.520000,1000,1.530000,10000,7.040000,0.100000
1479745728587,1.520000,1.520000,1000,1.530000,10000,7.040000,0.100000
1479745731131,1.520000,1.520000,1000,1.530000,10000,7.040000,0.100000
1479745733560,1.522900,1.520000,1000,1.530000,10000,7.250000,0.102900
1479745736089,1.522900,1.520000,1000,1.530000,10000,7.250000,0.102900
1479745738047,1.522900,1.520000,1000,1.530000,10000,7.250000,0.102900
1479745740411,1.522900,1.520000,1000,1.530000,10000,7.250000,0.102900
1479745742401,1.522900,1.520000,1000,1.530000,10000,7.250000,0.102900
1479745744398,1.522900,1.520000,1000,1.530000,10000,7.250000,0.102900
1479745746420,1.522900,1.520000,1000,1.530000,10000,7.250000,0.102900
1479745748411,1.522900,1.520000,1000,1.530000,10000,7.250000,0.102900
1479745749909,1.522900,1.520000,1000,1.530000,10000,7.250000,0.102900
1479745752399,1.522900,1.520000,1000,1.530000,10000,7.250000,0.102900
1479745753426,1.522900,1.520000,1000,1.530000,10000,7.250000,0.102900
1479745756425,1.522900,1.520000,1000,1.530000,10000,7.250000,0.102900
1479745758936,1.522900,1.520000,1000,1.530000,10000,7.250000,0.102900
1479745760954,1.522900,1.520000,1000,1.530000,10000,7.250000,0.102900
1479745762911,1.522900,1.520000,1000,1.530000,10000,7.250000,0.102900
1479745764924,1.522900,1.520000,1000,1.530000,10000,7.250000,0.102900
1479745766926,1.522900,1.520000,1000,1.530000,10000,7.250000,0.102900
1479745768935,1.522900,1.520000,1000,1.530000,10000,7.250000,0.102900
1479745770934,1.522900,1.520000,1000,1.530000,10000,7.250000,0.102900
1479745772930,1.522900,1.520000,1000,1.530000,10000,7.250000,0.102900
1479745774482,1.522900,1.520000,1000,1.530000,10000,7.250000,0.102900
1479745777006,1.522900,1.520000,1000,1.530000,10000,7.250000,0.102900
1479745778943,1.522900,1.520000,1000,1.530000,10000,7.250000,0.102900
1479745781467,1.522900,1.520000,1000,1.530000,10000,7.250000,0.102900
1479745783470,1.522900,1.520000,1000,1.530000,10000,7.250000,0.102900
1479745785419,1.522900,1.520000,1000,1.530000,10000,7.250000,0.102900
1479745787437,1.526700,1.520000,1000,1.530000,10000,7.510000,0.106700
1479745789463,1.526700,1.520000,1000,1.530000,10000,7.510000,0.106700
1479745791472,1.526700,1.520000,1000,1.530000,10000,7.510000,0.106700
1479745793469,1.526700,1.520000,1000,1.530000,10000,7.510000,0.106700
1479745795465,1.526700,1.520000,1000,1.530000,10000,7.510000,0.106700
1479745797918,1.526700,1.520000,1000,1.530000,10000,7.510000,0.106700
1479745799938,1.526700,1.520000,1000,1.530000,10000,7.510000,0.106700
1479745801446,1.526700,1.520000,1000,1.530000,10000,7.510000,0.106700
1479745804461,1.526700,1.520000,1000,1.530000,10000,7.510000,0.106700
1479745806472,1.526700,1.520000,1000,1.530000,10000,7.510000,0.106700
1479745808022,1.526700,1.520000,1000,1.530000,10000,7.510000,0.106700
1479745810460,1.526700,1.520000,1000,1.530000,10000,7.510000,0.106700
1479745812477,1.526700,1.520000,1000,1.530000,10000,7.510000,0.106700
1479745813989,1.526700,1.520000,1000,1.530000,10000,7.510000,0.106700
1479745816466,1.526700,1.520000,1000,1.530000,10000,7.510000,0.106700
1479745818464,1.526700,1.520000,1000,1.530000,10000,7.510000,0.106700
1479745820479,1.526700,1.520000,1000,1.530000,10000,7.510000,0.106700
1479745822456,1.526700,1.520000,1400,1.530000,10000,7.510000,0.106700
1479745824498,1.526700,1.520000,1400,1.530000,10000,7.510000,0.106700
1479745826470,1.526700,1.520000,1400,1.530000,10000,7.510000,0.106700
1479745828957,1.526700,1.520000,1400,1.530000,10000,7.510000,0.106700
1479745830972,1.526700,1.520000,1400,1.530000,10000,7.510000,0.106700
1479745832998,1.526700,1.520000,1400,1.530000,10000,7.510000,0.106700
1479745835005,1.526700,1.520000,1400,1.530000,10000,7.510000,0.106700
1479745836981,1.526700,1.520000,1400,1.530000,10000,7.510000,0.106700
1479745838999,1.526700,1.520000,1400,1.530000,10000,7.510000,0.106700
1479745841014,1.526700,1.520000,1400,1.530000,10000,7.510000,0.106700
1479745842966,1.526700,1.520000,1000,1.530000,10000,7.510000,0.106700
1479745844985,1.526700,1.520000,1000,1.530000,10000,7.510000,0.106700
1479745846998,1.526700,1.520000,1000,1.530000,10000,7.510000,0.106700
1479745849502,1.526700,1.520000,1000,1.530000,10000,7.510000,0.106700
1479745851505,1.526700,1.520000,1000,1.530000,10000,7.510000,0.106700
1479745853464,1.526700,1.520000,1000,1.530000,10000,7.510000,0.106700
1479745855475,1.526700,1.520000,1000,1.530000,10000,7.510000,0.106700
1479745857523,1.526700,1.520000,1000,1.530000,10000,7.510000,0.106700
1479745859464,1.526700,1.520000,1000,1.530000,10000,7.510000,0.106700
1479745861473,1.526700,1.520000,1000,1.530000,10000,7.510000,0.106700
1479745862994,1.523600,1.520000,1000,1.530000,10000,7.300000,0.103600
1479745865527,1.523600,1.520000,1000,1.530000,10000,7.300000,0.103600
1479745867498,1.523600,1.520000,1000,1.530000,10000,7.300000,0.103600
1479745870015,1.523600,1.520000,1000,1.530000,10000,7.300000,0.103600
1479745872015,1.523600,1.520000,1000,1.530000,10000,7.300000,0.103600
1479745873979,1.523600,1.520000,1000,1.530000,10000,7.300000,0.103600
1479745875053,1.523600,1.520000,1000,1.530000,10000,7.300000,0.103600
1479745878007,1.523600,1.520000,1000,1.530000,10000,7.300000,0.103600
1479745880014,1.523600,1.520000,1000,1.530000,10000,7.300000,0.103600
1479745881495,1.523600,1.520000,1000,1.530000,10000,7.300000,0.103600
1479745884072,1.523600,1.520000,1000,1.530000,10000,7.300000,0.103600
1479745885514,1.523600,1.520000,1000,1.530000,10000,7.300000,0.103600
1479745888025,1.523600,1.520000,1000,1.530000,10000,7.300000,0.103600
1479745890041,1.523600,1.520000,1000,1.530000,10000,7.300000,0.103600
1479745892057,1.523600,1.520000,1000,1.530000,10000,7.300000,0.103600
1479745894527,1.523600,1.520000,1000,1.530000,10000,7.300000,0.103600
1479745896535,1.523600,1.520000,1000,1.530000,10000,7.300000,0.103600
1479745899015,1.523600,1.520000,1000,1.530000,10000,7.300000,0.103600
1479745901035,1.523600,1.520000,1000,1.530000,10000,7.300000,0.103600
1479745903016,1.523600,1.520000,1000,1.530000,10000,7.300000,0.103600
1479745905532,1.523600,1.520000,1000,1.530000,10000,7.300000,0.103600
1479745907543,1.523600,1.520000,1000,1.530000,10000,7.300000,0.103600
1479745909520,1.523600,1.520000,1000,1.530000,10000,7.300000,0.103600
1479745911526,1.523600,1.520000,1000,1.530000,10000,7.300000,0.103600
1479745913509,1.525000,1.520000,1000,1.530000,10000,7.390000,0.105000
1479745915525,1.525000,1.520000,1000,1.530000,10000,7.390000,0.105000
1479745917532,1.525000,1.520000,1000,1.530000,10000,7.390000,0.105000
1479745919562,1.525000,1.520000,1000,1.530000,10000,7.390000,0.105000
1479745922022,1.525000,1.520000,1000,1.530000,10000,7.390000,0.105000
1479745924050,1.525000,1.520000,1000,1.530000,10000,7.390000,0.105000
1479745926050,1.525000,1.520000,1400,1.530000,10000,7.390000,0.105000
1479745928052,1.525000,1.520000,1400,1.530000,10000,7.390000,0.105000
1479745929563,1.525000,1.520000,1400,1.530000,10000,7.390000,0.105000
1479745932581,1.525000,1.520000,1400,1.530000,10000,7.390000,0.105000
1479745934079,1.525000,1.520000,1400,1.530000,10000,7.390000,0.105000
1479745936601,1.525000,1.520000,1400,1.530000,10000,7.390000,0.105000
1479745938056,1.525000,1.520000,1400,1.530000,10000,7.390000,0.105000
1479745941048,1.525000,1.520000,1400,1.530000,10000,7.390000,0.105000
1479745943080,1.525000,1.520000,1400,1.530000,10000,7.390000,0.105000
1479745945045,1.525000,1.520000,1400,1.530000,10000,7.390000,0.105000
1479745946566,1.525000,1.520000,1400,1.530000,10000,7.390000,0.105000
1479745948581,1.525000,1.520000,1400,1.530000,10000,7.390000,0.105000
1479745951055,1.525000,1.520000,1400,1.530000,10000,7.390000,0.105000
1479745953066,1.525000,1.520000,1400,1.530000,10000,7.390000,0.105000
1479745955031,1.525000,1.520000,1400,1.530000,10000,7.390000,0.105000
1479745957118,1.525000,1.520000,1400,1.530000,10000,7.390000,0.105000
1479745959055,1.525000,1.520000,1400,1.530000,10000,7.390000,0.105000
1479745961062,1.525000,1.520000,1400,1.530000,10000,7.390000,0.105000
1479745961062,1.525000,1.520000,1400,1.530000,10000,7.390000,0.105000
1479745965607,1.525000,1.520000,1400,1.530000,10000,7.390000,0.105000
1479745967553,1.520100,1.520000,1400,1.530000,10000,7.050000,0.100100
1479745969069,1.520100,1.520000,1400,1.530000,10000,7.050000,0.100100
1479745971068,1.520100,1.520000,1400,1.530000,10000,7.050000,0.100100
1479745973618,1.520100,1.520000,1400,1.530000,10000,7.050000,0.100100
1479745975557,1.520100,1.520000,1400,1.530000,10000,7.050000,0.100100
1479745977596,1.520100,1.520000,1400,1.530000,10000,7.050000,0.100100
1479745980070,1.520100,1.520000,1400,1.530000,10000,7.050000,0.100100
1479745982040,1.520100,1.520000,1400,1.530000,10000,7.050000,0.100100
1479745983923,1.520100,1.520000,1400,1.530000,10000,7.050000,0.100100
1479745985899,1.520100,1.520000,1400,1.530000,10000,7.050000,0.100100
1479745988399,1.520100,1.520000,1400,1.530000,10000,7.050000,0.100100
1479745990400,1.520100,1.520000,1400,1.530000,10000,7.050000,0.100100
1479745991948,1.520100,1.520000,1400,1.530000,10000,7.050000,0.100100
1479745993923,1.520100,1.520000,1400,1.530000,10000,7.050000,0.100100
1479745996398,1.520100,1.520000,1400,1.530000,10000,7.050000,0.100100
1479745998397,1.520100,1.520000,1400,1.530000,10000,7.050000,0.100100
1479746000917,1.520100,1.520000,1400,1.530000,10000,7.050000,0.100100
1479746003405,1.520100,1.520000,1400,1.530000,10000,7.050000,0.100100
1479746004931,1.520100,1.520000,1400,1.530000,10000,7.050000,0.100100
1479746006400,1.520100,1.520000,1400,1.530000,10000,7.050000,0.100100
1479746009428,1.520100,1.520000,1400,1.530000,10000,7.050000,0.100100
1479746011456,1.529900,1.520000,1400,1.530000,10000,7.740000,0.109900
1479746013446,1.529900,1.520000,1400,1.530000,10000,7.740000,0.109900
1479746014900,1.529900,1.520000,1400,1.530000,10000,7.740000,0.109900
1479746017425,1.529900,1.520000,1400,1.530000,10000,7.740000,0.109900
1479746019424,1.526000,1.520000,1400,1.530000,10000,7.460000,0.106000
1479746021405,1.526000,1.520000,1400,1.530000,10000,7.460000,0.106000
1479746023442,1.526000,1.520000,1400,1.530000,10000,7.460000,0.106000
1479746025923,1.526000,1.520000,1400,1.530000,10000,7.460000,0.106000
1479746027907,1.526000,1.520000,1400,1.530000,10000,7.460000,0.106000
1479746029944,1.526000,1.520000,1400,1.530000,10000,7.460000,0.106000
1479746031921,1.526000,1.520000,1400,1.530000,10000,7.460000,0.106000
1479746033983,1.529800,1.520000,1400,1.530000,10000,7.730000,0.109800
1479746035418,1.529800,1.520000,1400,1.530000,10000,7.730000,0.109800
1479746037918,1.529800,1.520000,1400,1.530000,10000,7.730000,0.109800
1479746039951,1.529800,1.520000,1400,1.530000,10000,7.730000,0.109800
1479746041952,1.529800,1.520000,1400,1.530000,10000,7.730000,0.109800
1479746043947,1.529800,1.520000,1400,1.530000,10000,7.730000,0.109800
1479746046425,1.529800,1.520000,1400,1.530000,10000,7.730000,0.109800
1479746048462,1.529800,1.520000,1400,1.530000,10000,7.730000,0.109800
1479746050433,1.529800,1.520000,1400,1.530000,10000,7.730000,0.109800
1479746051447,1.529800,1.520000,1400,1.530000,10000,7.730000,0.109800
1479746053964,1.529800,1.520000,1400,1.530000,10000,7.730000,0.109800
1479746056428,1.529800,1.520000,1400,1.530000,10000,7.730000,0.109800
1479746057939,1.529800,1.520000,1400,1.530000,10000,7.730000,0.109800
1479746060449,1.529800,1.520000,1400,1.530000,10000,7.730000,0.109800
1479746062455,1.529800,1.520000,1400,1.530000,10000,7.730000,0.109800
1479746064453,1.529800,1.520000,1400,1.530000,10000,7.730000,0.109800
1479746066439,1.529800,1.520000,1400,1.530000,10000,7.730000,0.109800
1479746068465,1.529800,1.520000,1400,1.530000,10000,7.730000,0.109800
1479746070927,1.529800,1.520000,1400,1.530000,10000,7.730000,0.109800
1479746072951,1.529800,1.520000,1400,1.530000,10000,7.730000,0.109800
1479746074953,1.529800,1.520000,1400,1.530000,10000,7.730000,0.109800
1479746076955,1.529800,1.520000,1400,1.530000,10000,7.730000,0.109800
1479746079003,1.529800,1.520000,1400,1.530000,10000,7.730000,0.109800
1479746081433,1.529800,1.520000,1400,1.530000,10000,7.730000,0.109800
1479746083448,1.529800,1.520000,1400,1.530000,10000,7.730000,0.109800
1479746085468,1.529800,1.520000,1400,1.530000,10000,7.730000,0.109800
1479746087474,1.529800,1.520000,1400,1.530000,10000,7.730000,0.109800
1479746089488,1.529800,1.520000,1400,1.530000,10000,7.730000,0.109800
1479746090962,1.529800,1.520000,1400,1.530000,10000,7.730000,0.109800
1479746093497,1.529800,1.520000,1400,1.530000,10000,7.730000,0.109800
1479746095477,1.529800,1.520000,1400,1.530000,10000,7.730000,0.109800
1479746097530,1.529800,1.520000,1400,1.530000,10000,7.730000,0.109800
1479746099490,1.529800,1.520000,1400,1.530000,10000,7.730000,0.109800
1479746101485,1.529800,1.520000,1400,1.530000,10000,7.730000,0.109800
1479746103509,1.529800,1.520000,1400,1.530000,10000,7.730000,0.109800
1479746106026,1.529800,1.520000,1400,1.530000,10000,7.730000,0.109800
1479746108007,1.529800,1.520000,1400,1.530000,10000,7.730000,0.109800
1479746109988,1.529800,1.520000,1400,1.530000,10000,7.730000,0.109800
1479746112013,1.529800,1.520000,1400,1.530000,10000,7.730000,0.109800
1479746113982,1.529800,1.520000,1400,1.530000,10000,7.730000,0.109800
1479746115971,1.529800,1.520000,1400,1.530000,10000,7.730000,0.109800
1479746117485,1.529800,1.520000,1400,1.530000,10000,7.730000,0.109800
1479746120012,1.529800,1.520000,1400,1.530000,10000,7.730000,0.109800
1479746122009,1.529800,1.520000,1400,1.530000,10000,7.730000,0.109800
1479746123984,1.529800,1.520000,1400,1.530000,10000,7.730000,0.109800
1479746126008,1.529800,1.520000,1400,1.530000,10000,7.730000,0.109800
1479746128492,1.529800,1.520000,1400,1.530000,10000,7.730000,0.109800
1479746130489,1.525000,1.520000,1400,1.530000,10000,7.390000,0.105000
1479746132520,1.525000,1.520000,1400,1.530000,10000,7.390000,0.105000
1479746134518,1.525000,1.520000,1400,1.530000,10000,7.390000,0.105000
1479746136570,1.525000,1.520000,1400,1.530000,10000,7.390000,0.105000
1479746138512,1.525000,1.520000,1400,1.530000,10000,7.390000,0.105000
1479746140499,1.525000,1.520000,1400,1.530000,10000,7.390000,0.105000
1479746142517,1.525000,1.520000,1400,1.530000,10000,7.390000,0.105000
1479746144505,1.525000,1.520000,1400,1.530000,10000,7.390000,0.105000
1479746146498,1.525000,1.520000,1400,1.530000,10000,7.390000,0.105000
1479746148531,1.525000,1.520000,1400,1.530000,10000,7.390000,0.105000
1479746151056,1.525000,1.520000,1400,1.530000,10000,7.390000,0.105000
1479746153001,1.525000,1.520000,1400,1.530000,10000,7.390000,0.105000
1479746155010,1.525000,1.520000,1400,1.530000,10000,7.390000,0.105000
1479746156998,1.525000,1.520000,1400,1.530000,10000,7.390000,0.105000
1479746159007,1.525000,1.520000,1400,1.530000,10000,7.390000,0.105000
1479746161079,1.525000,1.520000,1400,1.530000,10000,7.390000,0.105000
1479746163003,1.525000,1.520000,1400,1.530000,10000,7.390000,0.105000
1479746165049,1.525000,1.520000,1400,1.530000,10000,7.390000,0.105000
1479746167002,1.525000,1.520000,1400,1.530000,10000,7.390000,0.105000
1479746169016,1.525000,1.520000,1400,1.530000,10000,7.390000,0.105000
1479746171522,1.525000,1.520000,1400,1.530000,10000,7.390000,0.105000
1479746173518,1.525000,1.520000,1400,1.530000,10000,7.390000,0.105000
1479746175565,1.525000,1.520000,1400,1.530000,10000,7.390000,0.105000
1479746176036,1.525000,1.520000,1400,1.530000,10000,7.390000,0.105000
1479746179521,1.525000,1.520000,1400,1.530000,10000,7.390000,0.105000
1479746181583,1.525000,1.520000,1400,1.530000,10000,7.390000,0.105000
1479746183552,1.525000,1.520000,1400,1.530000,10000,7.390000,0.105000
1479746185538,1.525000,1.520000,1400,1.530000,10000,7.390000,0.105000
1479746187540,1.525000,1.520000,1400,1.530000,10000,7.390000,0.105000
1479746189532,1.529000,1.520000,1000,1.530000,10000,7.680000,0.109000
1479746192051,1.529200,1.520000,1000,1.530000,10000,7.690000,0.109200
1479746193581,1.529200,1.520000,1000,1.530000,10000,7.690000,0.109200
1479746196054,1.529200,1.520000,1000,1.530000,10000,7.690000,0.109200
1479746197532,1.529200,1.520000,1000,1.530000,10000,7.690000,0.109200
1479746200042,1.529200,1.520000,1000,1.530000,10000,7.690000,0.109200
1479746201567,1.529200,1.520000,1000,1.530000,10000,7.690000,0.109200
1479746204028,1.529200,1.520000,1000,1.530000,10000,7.690000,0.109200
1479746206060,1.529200,1.520000,1000,1.530000,10000,7.690000,0.109200
1479746208511,1.529200,1.520000,1000,1.530000,10000,7.690000,0.109200
1479746210058,1.529200,1.520000,1000,1.530000,10000,7.690000,0.109200
1479746212586,1.529200,1.520000,1000,1.530000,10000,7.690000,0.109200
1479746214051,1.523300,1.520000,1000,1.530000,10000,7.270000,0.103300
1479746216556,1.523300,1.520000,1000,1.530000,10000,7.270000,0.103300
1479746218535,1.523300,1.520000,1000,1.530000,10000,7.270000,0.103300
1479746220580,1.526800,1.520000,1000,1.530000,10000,7.520000,0.106800
1479746222594,1.526800,1.520000,1000,1.530000,10000,7.520000,0.106800
1479746224519,1.526800,1.520000,1000,1.530000,10000,7.520000,0.106800
1479746226583,1.526800,1.520000,1000,1.530000,10000,7.520000,0.106800
1479746227538,1.526800,1.520000,1000,1.530000,10000,7.520000,0.106800
1479746230560,1.526800,1.520000,1000,1.530000,10000,7.520000,0.106800
1479746233063,1.525000,1.520000,1000,1.530000,10000,7.390000,0.105000
1479746235015,1.520000,1.520000,900,1.530000,10000,7.040000,0.100000
1479746237141,1.520000,1.520000,900,1.530000,10000,7.040000,0.100000
1479746239344,1.520000,1.520000,900,1.530000,10000,7.040000,0.100000
1479746240904,1.520000,1.520000,900,1.530000,10000,7.040000,0.100000
1479746242896,1.520000,1.520000,900,1.530000,10000,7.040000,0.100000
1479746245393,1.520000,1.520000,900,1.530000,10000,7.040000,0.100000
1479746247403,1.520000,1.520000,900,1.530000,10000,7.040000,0.100000
1479746249410,1.520000,1.520000,900,1.530000,10000,7.040000,0.100000
1479746250448,1.520000,1.520000,900,1.530000,10000,7.040000,0.100000
1479746250901,1.520000,1.520000,900,1.530000,10000,7.040000,0.100000
1479746255414,1.520000,1.520000,900,1.530000,10000,7.040000,0.100000
1479746257411,1.520000,1.520000,900,1.530000,10000,7.040000,0.100000
1479746259417,1.520000,1.520000,900,1.530000,10000,7.040000,0.100000
1479746261921,1.520000,1.520000,900,1.530000,10000,7.040000,0.100000
1479746263918,1.520000,1.520000,900,1.530000,10000,7.040000,0.100000
1479746265941,1.520000,1.520000,900,1.530000,10000,7.040000,0.100000
1479746267897,1.520000,1.520000,900,1.530000,10000,7.040000,0.100000
1479746269950,1.520000,1.520000,900,1.530000,10000,7.040000,0.100000
1479746271965,1.520000,1.520000,900,1.530000,10000,7.040000,0.100000
1479746273425,1.520000,1.520000,900,1.530000,10000,7.040000,0.100000
1479746275924,1.520000,1.520000,900,1.530000,10000,7.040000,0.100000
1479746277912,1.520000,1.520000,900,1.530000,10000,7.040000,0.100000
1479746279435,1.520000,1.520000,900,1.530000,10000,7.040000,0.100000
1479746281943,1.520000,1.520000,900,1.530000,10000,7.040000,0.100000
1479746284436,1.520000,1.520000,900,1.530000,10000,7.040000,0.100000
1479746286462,1.520000,1.520000,900,1.530000,10000,7.040000,0.100000
1479746288433,1.520000,1.520000,900,1.530000,10000,7.040000,0.100000
1479746290436,1.520000,1.520000,900,1.530000,10000,7.040000,0.100000
1479746292415,1.520000,1.520000,900,1.530000,10000,7.040000,0.100000
1479746294418,1.520000,1.520000,900,1.530000,10000,7.040000,0.100000
1479746296436,1.520000,1.520000,900,1.530000,10000,7.040000,0.100000
1479746298476,1.525000,1.520000,900,1.530000,10000,7.390000,0.105000
1479746300479,1.525000,1.520000,900,1.530000,10000,7.390000,0.105000
1479746302485,1.525000,1.520000,900,1.530000,10000,7.390000,0.105000
1479746304457,1.525000,1.520000,900,1.530000,10000,7.390000,0.105000
1479746306957,1.525000,1.520000,900,1.530000,10000,7.390000,0.105000
1479746308981,1.525000,1.520000,900,1.530000,10000,7.390000,0.105000
1479746310990,1.525000,1.520000,900,1.530000,10000,7.390000,0.105000
1479746312987,1.525000,1.520000,900,1.530000,10000,7.390000,0.105000
1479746314955,1.525000,1.520000,900,1.530000,10000,7.390000,0.105000
1479746316952,1.525000,1.520000,900,1.530000,10000,7.390000,0.105000
1479746318948,1.525000,1.520000,900,1.530000,10000,7.390000,0.105000
1479746320954,1.525000,1.520000,900,1.530000,10000,7.390000,0.105000
1479746322530,1.525000,1.520000,900,1.530000,10000,7.390000,0.105000
1479746324455,1.525000,1.520000,900,1.530000,10000,7.390000,0.105000
1479746327475,1.526200,1.520000,900,1.530000,10000,7.480000,0.106200
1479746329451,1.526200,1.520000,900,1.530000,10000,7.480000,0.106200
1479746331467,1.525000,1.520000,900,1.530000,10000,7.390000,0.105000
1479746332953,1.525000,1.520000,900,1.530000,10000,7.390000,0.105000
1479746335494,1.525000,1.520000,900,1.530000,10000,7.390000,0.105000
1479746337452,1.525000,1.520000,900,1.530000,10000,7.390000,0.105000
1479746339515,1.525000,1.520000,900,1.530000,10000,7.390000,0.105000
1479746341501,1.525000,1.520000,900,1.530000,10000,7.390000,0.105000
1479746343445,1.525000,1.520000,900,1.530000,10000,7.390000,0.105000
1479746345487,1.525000,1.520000,900,1.530000,10000,7.390000,0.105000
1479746347474,1.525000,1.520000,900,1.530000,10000,7.390000,0.105000
1479746349957,1.525000,1.520000,900,1.530000,10000,7.390000,0.105000
1479746351988,1.525000,1.520000,900,1.530000,10000,7.390000,0.105000
1479746353961,1.525000,1.520000,900,1.530000,10000,7.390000,0.105000
1479746355978,1.525000,1.520000,900,1.530000,10000,7.390000,0.105000
1479746357495,1.525000,1.520000,900,1.530000,10000,7.390000,0.105000
1479746359978,1.525000,1.520000,900,1.530000,10000,7.390000,0.105000
1479746361976,1.525000,1.520000,900,1.530000,10000,7.390000,0.105000
1479746363497,1.525000,1.520000,900,1.530000,10000,7.390000,0.105000
1479746366047,1.525000,1.520000,900,1.530000,10000,7.390000,0.105000
1479746368024,1.525000,1.520000,900,1.530000,10000,7.390000,0.105000
1479746370006,1.525000,1.520000,900,1.530000,10000,7.390000,0.105000
1479746372490,1.525000,1.520000,900,1.530000,10000,7.390000,0.105000
1479746374480,1.525000,1.520000,900,1.530000,10000,7.390000,0.105000
1479746376480,1.525000,1.520000,900,1.530000,10000,7.390000,0.105000
1479746378481,1.525000,1.520000,900,1.530000,10000,7.390000,0.105000
1479746380527,1.525000,1.520000,900,1.530000,10000,7.390000,0.105000
1479746382015,1.525000,1.520000,900,1.530000,10000,7.390000,0.105000
1479746384496,1.525000,1.520000,900,1.530000,10000,7.390000,0.105000
1479746386490,1.525000,1.520000,900,1.530000,10000,7.390000,0.105000
1479746388507,1.525000,1.520000,900,1.530000,10000,7.390000,0.105000
1479746390484,1.525000,1.520000,900,1.530000,10000,7.390000,0.105000
1479746392552,1.525000,1.520000,900,1.530000,10000,7.390000,0.105000
1479746394511,1.525000,1.520000,900,1.530000,10000,7.390000,0.105000
1479746396503,1.525000,1.520000,900,1.530000,10000,7.390000,0.105000
1479746399019,1.525000,1.520000,900,1.530000,10000,7.390000,0.105000
1479746401024,1.525000,1.520000,900,1.530000,10000,7.390000,0.105000
1479746403015,1.525000,1.520000,900,1.530000,10000,7.390000,0.105000
1479746404506,1.525000,1.520000,900,1.530000,10000,7.390000,0.105000
1479746407003,1.525000,1.520000,900,1.530000,10000,7.390000,0.105000
1479746408997,1.525000,1.520000,900,1.530000,10000,7.390000,0.105000
1479746411004,1.525000,1.520000,900,1.530000,10000,7.390000,0.105000
1479746413043,1.525000,1.520000,900,1.530000,10000,7.390000,0.105000
1479746415512,1.525000,1.520000,900,1.530000,10000,7.390000,0.105000
1479746417530,1.525000,1.520000,900,1.530000,10000,7.390000,0.105000
1479746419523,1.525000,1.520000,900,1.530000,10000,7.390000,0.105000
1479746421531,1.525000,1.520000,900,1.530000,10000,7.390000,0.105000
1479746423533,1.525000,1.520000,900,1.530000,10000,7.390000,0.105000
1479746425514,1.525000,1.520000,900,1.530000,10000,7.390000,0.105000
1479746427577,1.525000,1.520000,900,1.530000,10000,7.390000,0.105000
1479746429520,1.525000,1.520000,900,1.530000,10000,7.390000,0.105000
1479746431505,1.525000,1.520000,900,1.530000,10000,7.390000,0.105000
1479746433522,1.525000,1.520000,900,1.530000,10000,7.390000,0.105000
1479746435536,1.525000,1.520000,900,1.530000,10000,7.390000,0.105000
1479746437534,1.525000,1.520000,900,1.530000,10000,7.390000,0.105000
1479746440033,1.525000,1.520000,900,1.530000,10000,7.390000,0.105000
1479746442043,1.525000,1.520000,900,1.530000,10000,7.390000,0.105000
1479746444107,1.529800,1.520000,900,1.530000,10000,7.730000,0.109800
1479746446021,1.529800,1.520000,900,1.530000,10000,7.730000,0.109800
1479746448057,1.529800,1.520000,900,1.530000,10000,7.730000,0.109800
1479746450028,1.529800,1.520000,900,1.530000,10000,7.730000,0.109800
1479746451541,1.525000,1.520000,900,1.530000,10000,7.390000,0.105000
1479746454021,1.525000,1.520000,900,1.530000,10000,7.390000,0.105000
1479746456066,1.525000,1.520000,900,1.530000,10000,7.390000,0.105000
1479746457568,1.525000,1.520000,900,1.530000,10000,7.390000,0.105000
1479746460033,1.525000,1.520000,900,1.530000,10000,7.390000,0.105000
1479746462051,1.525000,1.520000,900,1.530000,10000,7.390000,0.105000
1479746464548,1.525000,1.520000,900,1.530000,10000,7.390000,0.105000
1479746466054,1.525000,1.520000,900,1.530000,10000,7.390000,0.105000
1479746468553,1.525000,1.520000,900,1.530000,10000,7.390000,0.105000
1479746470555,1.525000,1.520000,900,1.530000,10000,7.390000,0.105000
1479746471092,1.525000,1.520000,900,1.530000,10000,7.390000,0.105000
1479746474602,1.525000,1.520000,900,1.530000,10000,7.390000,0.105000
1479746476580,1.525000,1.520000,900,1.530000,10000,7.390000,0.105000
1479746478537,1.525000,1.520000,900,1.530000,10000,7.390000,0.105000
1479746481043,1.525000,1.520000,900,1.530000,10000,7.390000,0.105000
1479746483042,1.525000,1.520000,900,1.530000,10000,7.390000,0.105000
1479746485070,1.525000,1.520000,900,1.530000,10000,7.390000,0.105000
1479746487090,1.529900,1.520000,900,1.530000,10000,7.740000,0.109900
1479746489069,1.529900,1.520000,900,1.530000,10000,7.740000,0.109900
1479746491108,1.529900,1.520000,900,1.530000,10000,7.740000,0.109900
1479746493405,1.529900,1.520000,900,1.530000,10000,7.740000,0.109900
1479746495396,1.529900,1.520000,900,1.530000,10000,7.740000,0.109900
1479746496893,1.529900,1.520000,900,1.530000,10000,7.740000,0.109900
1479746499403,1.529900,1.520000,900,1.530000,10000,7.740000,0.109900
1479746501417,1.529900,1.520000,900,1.530000,10000,7.740000,0.109900
1479746503410,1.529900,1.520000,900,1.530000,10000,7.740000,0.109900
1479746504915,1.529900,1.520000,900,1.530000,10000,7.740000,0.109900
1479746507406,1.529900,1.520000,900,1.530000,10000,7.740000,0.109900
1479746509397,1.529900,1.520000,900,1.530000,10000,7.740000,0.109900
1479746511907,1.529900,1.520000,900,1.530000,10000,7.740000,0.109900
1479746513913,1.529900,1.520000,900,1.530000,10000,7.740000,0.109900
1479746515918,1.529900,1.520000,900,1.530000,10000,7.740000,0.109900
1479746517390,1.529900,1.520000,900,1.530000,10000,7.740000,0.109900
1479746519932,1.529900,1.520000,900,1.530000,10000,7.740000,0.109900
1479746521898,1.529900,1.520000,900,1.530000,10000,7.740000,0.109900
1479746523925,1.529900,1.520000,900,1.530000,10000,7.740000,0.109900
1479746525916,1.529900,1.520000,1800,1.530000,10000,7.740000,0.109900
1479746528436,1.529900,1.520000,1800,1.530000,10000,7.740000,0.109900
1479746530463,1.529900,1.520000,1800,1.530000,10000,7.740000,0.109900
1479746532430,1.529900,1.520000,1800,1.530000,10000,7.740000,0.109900
1479746534413,1.529900,1.520000,1800,1.530000,10000,7.740000,0.109900
1479746536447,1.529900,1.520000,1800,1.530000,10000,7.740000,0.109900
1479746538416,1.529900,1.520000,1800,1.530000,10000,7.740000,0.109900
1479746540444,1.529900,1.520000,1800,1.530000,10000,7.740000,0.109900
1479746542442,1.529900,1.520000,1800,1.530000,10000,7.740000,0.109900
1479746543929,1.529600,1.520000,1800,1.530000,10000,7.720000,0.109600
1479746546419,1.529600,1.520000,1800,1.530000,10000,7.720000,0.109600
1479746548466,1.529600,1.520000,1800,1.530000,10000,7.720000,0.109600
1479746550911,1.529600,1.520000,1800,1.530000,10000,7.720000,0.109600
1479746552911,1.529600,1.520000,1800,1.530000,10000,7.720000,0.109600
1479746554919,1.529600,1.520000,1800,1.530000,10000,7.720000,0.109600
1479746556914,1.529600,1.520000,1800,1.530000,10000,7.720000,0.109600
1479746558474,1.529600,1.520000,1800,1.530000,10000,7.720000,0.109600
1479746560961,1.529600,1.520000,1800,1.530000,10000,7.720000,0.109600
1479746562931,1.529600,1.520000,1800,1.530000,10000,7.720000,0.109600
1479746564950,1.529600,1.520000,1800,1.530000,10000,7.720000,0.109600
1479746566943,1.529600,1.520000,1800,1.530000,10000,7.720000,0.109600
1479746568447,1.529600,1.520000,1800,1.530000,10000,7.720000,0.109600
1479746570945,1.529600,1.520000,1800,1.530000,10000,7.720000,0.109600
1479746572977,1.520000,1.520000,1700,1.530000,10000,7.040000,0.100000
1479746575469,1.520000,1.520000,1700,1.530000,10000,7.040000,0.100000
1479746577440,1.520000,1.520000,1700,1.530000,10000,7.040000,0.100000
1479746579461,1.520000,1.520000,1700,1.530000,10000,7.040000,0.100000
1479746580930,1.520000,1.520000,1700,1.530000,10000,7.040000,0.100000
1479746583416,1.520000,1.520000,1700,1.530000,10000,7.040000,0.100000
1479746585502,1.520000,1.520000,1700,1.530000,10000,7.040000,0.100000
1479746587495,1.520000,1.520000,1700,1.530000,10000,7.040000,0.100000
1479746589441,1.520000,1.520000,1700,1.530000,10000,7.040000,0.100000
1479746591470,1.520000,1.520000,1700,1.530000,10000,7.040000,0.100000
1479746593470,1.520000,1.520000,1700,1.530000,10000,7.040000,0.100000
1479746595456,1.520000,1.520000,1700,1.530000,10000,7.040000,0.100000
1479746597956,1.520000,1.520000,1700,1.530000,10000,7.040000,0.100000
1479746599464,1.520000,1.520000,1700,1.530000,10000,7.040000,0.100000
1479746601973,1.520000,1.520000,1700,1.530000,10000,7.040000,0.100000
1479746603958,1.520000,1.520000,1700,1.530000,10000,7.040000,0.100000
1479746605978,1.520000,1.520000,1700,1.530000,10000,7.040000,0.100000
1479746607973,1.520000,1.520000,1700,1.530000,10000,7.040000,0.100000
1479746609967,1.520000,1.520000,1700,1.530000,10000,7.040000,0.100000
1479746612008,1.520000,1.520000,1700,1.530000,10000,7.040000,0.100000
1479746613978,1.520000,1.520000,1700,1.530000,10000,7.040000,0.100000
1479746615968,1.520000,1.520000,1700,1.530000,10000,7.040000,0.100000
1479746618032,1.520000,1.520000,1700,1.530000,10000,7.040000,0.100000
1479746620469,1.520000,1.520000,1700,1.530000,10000,7.040000,0.100000
1479746622460,1.520000,1.520000,1700,1.530000,10000,7.040000,0.100000
1479746624460,1.520000,1.520000,1700,1.530000,10000,7.040000,0.100000
1479746626465,1.520000,1.520000,1700,1.530000,10000,7.040000,0.100000
1479746628474,1.520000,1.520000,1700,1.530000,10000,7.040000,0.100000
1479746630476,1.520000,1.520000,1700,1.530000,10000,7.040000,0.100000
1479746632451,1.520000,1.520000,1700,1.530000,10000,7.040000,0.100000
1479746634526,1.520000,1.520000,1700,1.530000,10000,7.040000,0.100000
1479746636481,1.520000,1.520000,1700,1.530000,10000,7.040000,0.100000
1479746638485,1.520000,1.520000,1700,1.530000,10000,7.040000,0.100000
1479746640482,1.520000,1.520000,1700,1.530000,10000,7.040000,0.100000
1479746642974,1.520000,1.520000,1700,1.530000,10000,7.040000,0.100000
1479746645008,1.520000,1.520000,1700,1.530000,10000,7.040000,0.100000
1479746645475,1.520000,1.520000,1700,1.530000,10000,7.040000,0.100000
1479746648555,1.520000,1.520000,1700,1.530000,10000,7.040000,0.100000
1479746650977,1.520000,1.520000,1700,1.530000,10000,7.040000,0.100000
1479746652992,1.520000,1.520000,1700,1.530000,10000,7.040000,0.100000
1479746654990,1.520000,1.520000,1700,1.530000,10000,7.040000,0.100000
1479746656986,1.520000,1.520000,1700,1.530000,10000,7.040000,0.100000
1479746658499,1.520000,1.520000,1700,1.530000,10000,7.040000,0.100000
1479746660991,1.520000,1.520000,1700,1.530000,10000,7.040000,0.100000
1479746663026,1.520000,1.520000,1700,1.530000,10000,7.040000,0.100000
1479746665014,1.525000,1.520000,1700,1.530000,10000,7.390000,0.105000
1479746667496,1.525000,1.520000,1700,1.530000,10000,7.390000,0.105000
1479746668996,1.525000,1.520000,1700,1.530000,10000,7.390000,0.105000
1479746671508,1.525000,1.520000,1700,1.530000,10000,7.390000,0.105000
1479746673505,1.525000,1.520000,1700,1.530000,10000,7.390000,0.105000
1479746675518,1.525000,1.520000,1700,1.530000,10000,7.390000,0.105000
1479746677497,1.525000,1.520000,1700,1.530000,10000,7.390000,0.105000
1479746679507,1.525000,1.520000,1700,1.530000,10000,7.390000,0.105000
1479746681545,1.525000,1.520000,1700,1.530000,10000,7.390000,0.105000
1479746683517,1.525000,1.520000,1700,1.530000,10000,7.390000,0.105000
1479746686030,1.525000,1.520000,1700,1.530000,10000,7.390000,0.105000
1479746688021,1.525000,1.520000,1700,1.530000,10000,7.390000,0.105000
1479746689003,1.525000,1.520000,1700,1.530000,10000,7.390000,0.105000
1479746692077,1.525000,1.520000,1700,1.530000,10000,7.390000,0.105000
1479746694040,1.525000,1.520000,1700,1.530000,10000,7.390000,0.105000
1479746695998,1.525000,1.520000,1700,1.530000,10000,7.390000,0.105000
1479746698017,1.525000,1.520000,1700,1.530000,10000,7.390000,0.105000
1479746700040,1.525000,1.520000,1700,1.530000,10000,7.390000,0.105000
1479746702029,1.525000,1.520000,1700,1.530000,10000,7.390000,0.105000
1479746704547,1.525000,1.520000,1700,1.530000,10000,7.390000,0.105000
1479746706589,1.520000,1.510000,8500,1.530000,10000,7.040000,0.100000
1479746708553,1.520000,1.510000,8500,1.530000,10000,7.040000,0.100000
1479746710547,1.520000,1.510000,8500,1.530000,10000,7.040000,0.100000
1479746712540,1.520000,1.510000,8500,1.530000,10000,7.040000,0.100000
1479746714542,1.520000,1.510000,8500,1.530000,10000,7.040000,0.100000
1479746716526,1.520000,1.510000,8500,1.530000,10000,7.040000,0.100000
1479746717544,1.520000,1.510000,8500,1.530000,10000,7.040000,0.100000
1479746719541,1.520000,1.510000,8500,1.530000,10000,7.040000,0.100000
1479746722592,1.520000,1.510000,8500,1.530000,10000,7.040000,0.100000
1479746725055,1.520000,1.510000,8500,1.530000,10000,7.040000,0.100000
1479746727044,1.520000,1.510000,8500,1.530000,10000,7.040000,0.100000
1479746728565,1.520000,1.510000,8500,1.530000,10000,7.040000,0.100000
1479746731041,1.520000,1.510000,8500,1.530000,10000,7.040000,0.100000
1479746733046,1.520000,1.510000,8500,1.530000,10000,7.040000,0.100000
1479746735048,1.520000,1.510000,8500,1.530000,10000,7.040000,0.100000
1479746737091,1.520000,1.510000,8500,1.530000,10000,7.040000,0.100000
1479746739064,1.520000,1.510000,8500,1.530000,10000,7.040000,0.100000
1479746741049,1.520000,1.510000,8500,1.530000,10000,7.040000,0.100000
1479746743054,1.520000,1.510000,8500,1.530000,10000,7.040000,0.100000
1479746745558,1.520000,1.510000,8500,1.530000,10000,7.040000,0.100000
1479746747072,1.520000,1.510000,8500,1.530000,10000,7.040000,0.100000
1479746749554,1.520000,1.510000,8500,1.530000,10000,7.040000,0.100000
1479746751620,1.520000,1.510000,8500,1.530000,10000,7.040000,0.100000
1479746753040,1.520000,1.510000,8500,1.530000,10000,7.040000,0.100000
1479746755890,1.520000,1.510000,8500,1.530000,10000,7.040000,0.100000
1479746757395,1.520000,1.510000,8500,1.530000,10000,7.040000,0.100000
1479746759896,1.520000,1.510000,8500,1.530000,10000,7.040000,0.100000
1479746761417,1.520000,1.510000,8500,1.530000,10000,7.040000,0.100000
1479746763886,1.520000,1.510000,8500,1.530000,10000,7.040000,0.100000
1479746765896,1.520000,1.510000,8500,1.530000,10000,7.040000,0.100000
1479746767909,1.520000,1.510000,8500,1.530000,10000,7.040000,0.100000
1479746769927,1.520000,1.510000,8500,1.530000,10000,7.040000,0.100000
1479746771962,1.520000,1.510000,8500,1.530000,10000,7.040000,0.100000
1479746773895,1.520000,1.510000,8500,1.530000,10000,7.040000,0.100000
1479746776443,1.520000,1.510000,8500,1.530000,10000,7.040000,0.100000
1479746778445,1.520000,1.510000,8500,1.530000,10000,7.040000,0.100000
1479746780449,1.520000,1.510000,8500,1.530000,10000,7.040000,0.100000
1479746782420,1.520000,1.510000,8500,1.530000,10000,7.040000,0.100000
1479746784436,1.520000,1.510000,8500,1.530000,10000,7.040000,0.100000
1479746786423,1.520000,1.510000,8500,1.530000,10000,7.040000,0.100000
1479746788461,1.520000,1.510000,8500,1.530000,10000,7.040000,0.100000
1479746790472,1.520000,1.510000,8500,1.530000,10000,7.040000,0.100000
1479746792401,1.520000,1.510000,8500,1.530000,10000,7.040000,0.100000
1479746793919,1.520000,1.510000,8500,1.530000,10000,7.040000,0.100000
1479746796399,1.520000,1.510000,8500,1.530000,10000,7.040000,0.100000
1479746798931,1.520000,1.510000,8500,1.530000,10000,7.040000,0.100000
1479746800954,1.520000,1.510000,8500,1.530000,10000,7.040000,0.100000
1479746802944,1.520000,1.510000,8500,1.530000,10000,7.040000,0.100000
1479746804950,1.520000,1.510000,8500,1.530000,10000,7.040000,0.100000
1479746805437,1.520000,1.510000,8500,1.530000,10000,7.040000,0.100000
1479746808938,1.520000,1.510000,8500,1.530000,10000,7.040000,0.100000
1479746810949,1.520000,1.510000,8500,1.530000,10000,7.040000,0.100000
1479746812950,1.520000,1.510000,8500,1.530000,10000,7.040000,0.100000
1479746814964,1.520000,1.510000,8500,1.530000,10000,7.040000,0.100000
1479746817418,1.520000,1.510000,8500,1.530000,10000,7.040000,0.100000
1479746819431,1.520000,1.510000,8500,1.530000,10000,7.040000,0.100000
1479746821493,1.520000,1.510000,8500,1.530000,10000,7.040000,0.100000
1479746823458,1.520000,1.510000,8500,1.530000,10000,7.040000,0.100000
1479746825482,1.520000,1.510000,8500,1.530000,10000,7.040000,0.100000
1479746827452,1.520000,1.510000,8500,1.530000,10000,7.040000,0.100000
1479746829466,1.520000,1.510000,8500,1.530000,10000,7.040000,0.100000
1479746831417,1.520000,1.510000,8500,1.530000,10000,7.040000,0.100000
1479746833517,1.520000,1.510000,8500,1.530000,10000,7.040000,0.100000
1479746835519,1.520000,1.510000,8500,1.530000,10000,7.040000,0.100000
1479746837455,1.520000,1.510000,8500,1.530000,10000,7.040000,0.100000
1479746839497,1.520000,1.510000,8500,1.530000,10000,7.040000,0.100000
1479746841981,1.520000,1.510000,8500,1.530000,10000,7.040000,0.100000
1479746843947,1.520000,1.510000,8500,1.530000,10000,7.040000,0.100000
1479746845944,1.520000,1.510000,8500,1.530000,10000,7.040000,0.100000
1479746847976,1.520000,1.510000,8500,1.530000,10000,7.040000,0.100000
1479746849958,1.520000,1.510000,8500,1.530000,10000,7.040000,0.100000
1479746851961,1.520000,1.510000,8500,1.530000,10000,7.040000,0.100000
1479746854003,1.520000,1.510000,8500,1.530000,10000,7.040000,0.100000
1479746855974,1.520000,1.510000,8500,1.530000,10000,7.040000,0.100000
1479746857471,1.520000,1.510000,8500,1.530000,10000,7.040000,0.100000
1479746860491,1.520000,1.510000,8500,1.530000,10000,7.040000,0.100000
1479746862471,1.520000,1.510000,8500,1.530000,10000,7.040000,0.100000
1479746864476,1.520000,1.510000,8500,1.530000,10000,7.040000,0.100000
1479746866490,1.520000,1.510000,8500,1.530000,10000,7.040000,0.100000
1479746868472,1.520000,1.510000,8500,1.530000,10000,7.040000,0.100000
1479746870003,1.520000,1.510000,8500,1.530000,10000,7.040000,0.100000
1479746872482,1.520000,1.510000,8500,1.530000,10000,7.040000,0.100000
1479746874493,1.520000,1.510000,8500,1.530000,10000,7.040000,0.100000
1479746877041,1.520000,1.510000,8500,1.530000,10000,7.040000,0.100000
1479746878486,1.520000,1.510000,8500,1.530000,10000,7.040000,0.100000
1479746880954,1.520000,1.510000,8500,1.530000,10000,7.040000,0.100000
1479746882481,1.520000,1.510000,8500,1.530000,10000,7.040000,0.100000
1479746885029,1.520000,1.510000,8500,1.530000,10000,7.040000,0.100000
1479746886985,1.520000,1.510000,8500,1.530000,10000,7.040000,0.100000
1479746888962,1.520000,1.510000,8500,1.530000,10000,7.040000,0.100000
1479746890981,1.520000,1.510000,8500,1.530000,10000,7.040000,0.100000
1479746892995,1.520000,1.510000,8500,1.530000,10000,7.040000,0.100000
1479746894970,1.520000,1.510000,8500,1.530000,10000,7.040000,0.100000
1479746897007,1.520000,1.510000,8500,1.530000,10000,7.040000,0.100000
1479746898602,1.520000,1.510000,8500,1.530000,10000,7.040000,0.100000
1479746901499,1.520000,1.510000,8500,1.530000,10000,7.040000,0.100000
1479746903510,1.520000,1.510000,8500,1.530000,10000,7.040000,0.100000
1479746905504,1.520000,1.510000,8500,1.530000,10000,7.040000,0.100000
1479746907513,1.520000,1.510000,8500,1.530000,10000,7.040000,0.100000
1479746909528,1.510000,1.510000,8500,1.530000,10000,6.340000,0.090000
1479746911537,1.510000,1.510000,8500,1.530000,10000,6.340000,0.090000
1479746913526,1.510000,1.510000,8500,1.530000,10000,6.340000,0.090000
1479746915524,1.510000,1.510000,8500,1.530000,10000,6.340000,0.090000
1479746917523,1.510000,1.510000,8500,1.530000,10000,6.340000,0.090000
1479746919520,1.510000,1.510000,8500,1.530000,10000,6.340000,0.090000
1479746922025,1.510000,1.510000,8500,1.530000,10000,6.340000,0.090000
1479746924007,1.510000,1.510000,8500,1.530000,10000,6.340000,0.090000
1479746926067,1.510000,1.510000,8500,1.530000,10000,6.340000,0.090000
1479746927502,1.510000,1.510000,8500,1.530000,10000,6.340000,0.090000
1479746930023,1.510000,1.510000,8500,1.530000,10000,6.340000,0.090000
1479746931997,1.530000,1.510000,8500,1.530000,10000,7.750000,0.110000
1479746933510,1.530000,1.510000,8500,1.530000,10000,7.750000,0.110000
1479746936021,1.530000,1.510000,8500,1.530000,10000,7.750000,0.110000
1479746938015,1.530000,1.510000,8500,1.530000,10000,7.750000,0.110000
1479746939522,1.530000,1.510000,8500,1.530000,10000,7.750000,0.110000
1479746941989,1.530000,1.510000,8500,1.530000,10000,7.750000,0.110000
1479746944511,1.530000,1.510000,8500,1.530000,10000,7.750000,0.110000
1479746946551,1.530000,1.510000,8500,1.530000,10000,7.750000,0.110000
1479746948033,1.530000,1.510000,8500,1.530000,10000,7.750000,0.110000
1479746950534,1.530000,1.510000,8500,1.530000,10000,7.750000,0.110000
1479746952530,1.530000,1.510000,8500,1.530000,10000,7.750000,0.110000
1479746954594,1.530000,1.510000,8500,1.530000,10000,7.750000,0.110000
1479746956510,1.530000,1.510000,8500,1.530000,10000,7.750000,0.110000
1479746958579,1.530000,1.510000,8500,1.530000,10000,7.750000,0.110000
1479746960527,1.530000,1.510000,8500,1.530000,10000,7.750000,0.110000
1479746963063,1.530000,1.510000,8500,1.530000,10000,7.750000,0.110000
1479746964554,1.530000,1.510000,8500,1.530000,10000,7.750000,0.110000
1479746967059,1.530000,1.510000,8500,1.530000,10000,7.750000,0.110000
1479746968547,1.530000,1.510000,8500,1.530000,10000,7.750000,0.110000
1479746971035,1.530000,1.510000,8500,1.530000,10000,7.750000,0.110000
1479746973091,1.530000,1.510000,8500,1.530000,10000,7.750000,0.110000
1479746975067,1.530000,1.510000,8500,1.530000,10000,7.750000,0.110000
1479746977053,1.530000,1.510000,8500,1.530000,10000,7.750000,0.110000
1479746979046,1.530000,1.510000,8500,1.530000,10000,7.750000,0.110000
1479746981529,1.530000,1.510000,8500,1.530000,10000,7.750000,0.110000
1479746983529,1.530000,1.510000,8500,1.530000,10000,7.750000,0.110000
1479746985555,1.530000,1.510000,8500,1.530000,10000,7.750000,0.110000
1479746987614,1.530000,1.510000,8500,1.530000,10000,7.750000,0.110000
1479746989063,1.530000,1.510000,8500,1.530000,10000,7.750000,0.110000
1479746991058,1.530000,1.510000,8500,1.530000,10000,7.750000,0.110000
1479746993549,1.530000,1.510000,8500,1.530000,10000,7.750000,0.110000
1479746995548,1.530000,1.510000,8500,1.530000,10000,7.750000,0.110000
1479746997643,1.520000,1.510000,8500,1.530000,10000,7.040000,0.100000
1479746999642,1.520000,1.510000,8500,1.530000,10000,7.040000,0.100000
1479747001095,1.520000,1.510000,8500,1.530000,10000,7.040000,0.100000
1479747004052,1.520000,1.510000,8500,1.530000,10000,7.040000,0.100000
1479747005569,1.530000,1.510000,8500,1.530000,10000,7.750000,0.110000
1479747007903,1.530000,1.510000,8500,1.530000,10000,7.750000,0.110000
1479747009405,1.530000,1.510000,8500,1.530000,10000,7.750000,0.110000
1479747012401,1.530000,1.510000,8500,1.530000,10000,7.750000,0.110000
1479747014413,1.530000,1.510000,8500,1.530000,10000,7.750000,0.110000
1479747016428,1.530000,1.510000,8500,1.530000,10000,7.750000,0.110000
1479747018429,1.530000,1.510000,8500,1.530000,10000,7.750000,0.110000
1479747020398,1.530000,1.510000,8500,1.530000,10000,7.750000,0.110000
1479747022404,1.530000,1.510000,8500,1.530000,10000,7.750000,0.110000
1479747024422,1.530000,1.510000,8500,1.530000,10000,7.750000,0.110000
1479747026416,1.530000,1.510000,8500,1.530000,10000,7.750000,0.110000
1479747028465,1.530000,1.510000,8500,1.530000,10000,7.750000,0.110000
1479747030407,1.530000,1.510000,8500,1.530000,10000,7.750000,0.110000
1479747032909,1.530000,1.510000,8500,1.530000,10000,7.750000,0.110000
1479747034932,1.530000,1.510000,8500,1.530000,10000,7.750000,0.110000
1479747036928,1.530000,1.510000,8500,1.530000,10000,7.750000,0.110000
1479747038919,1.530000,1.510000,8500,1.530000,10000,7.750000,0.110000
1479747040910,1.530000,1.510000,8500,1.530000,10000,7.750000,0.110000
1479747043005,1.520000,1.510000,8500,1.530000,10000,7.040000,0.100000
1479747044446,1.520000,1.510000,8500,1.530000,10000,7.040000,0.100000
1479747045420,1.520000,1.510000,8500,1.530000,10000,7.040000,0.100000
1479747048411,1.520000,1.510000,8500,1.530000,10000,7.040000,0.100000
1479747050434,1.520000,1.510000,8500,1.530000,10000,7.040000,0.100000
1479747052946,1.520000,1.510000,8500,1.530000,10000,7.040000,0.100000
1479747054910,1.520000,1.510000,8500,1.530000,10000,7.040000,0.100000
1479747056467,1.520000,1.510000,8500,1.530000,10000,7.040000,0.100000
1479747059468,1.520000,1.510000,8500,1.530000,10000,7.040000,0.100000
1479747060922,1.520000,1.510000,8500,1.530000,10000,7.040000,0.100000
1479747063474,1.520000,1.510000,8500,1.530000,10000,7.040000,0.100000
1479747065464,1.520000,1.510000,8500,1.530000,10000,7.040000,0.100000
1479747067931,1.520000,1.510000,8500,1.530000,10000,7.040000,0.100000
1479747069441,1.520000,1.510000,8500,1.530000,10000,7.040000,0.100000
1479747071959,1.520000,1.510000,8500,1.530000,10000,7.040000,0.100000
1479747073946,1.520000,1.510000,8500,1.530000,10000,7.040000,0.100000
1479747075481,1.520000,1.510000,8500,1.530000,10000,7.040000,0.100000
1479747077940,1.520000,1.510000,8500,1.530000,10000,7.040000,0.100000
1479747079962,1.520000,1.510000,8500,1.530000,10000,7.040000,0.100000
1479747081959,1.520000,1.510000,8500,1.530000,10000,7.040000,0.100000
1479747083965,1.520000,1.510000,8500,1.530000,10000,7.040000,0.100000
1479747085950,1.520000,1.510000,8500,1.530000,10000,7.040000,0.100000
1479747088464,1.520000,1.510000,8500,1.530000,10000,7.040000,0.100000
1479747090478,1.520000,1.510000,8500,1.530000,10000,7.040000,0.100000
1479747092456,1.520000,1.510000,8500,1.530000,10000,7.040000,0.100000
1479747094490,1.520000,1.510000,8500,1.530000,10000,7.040000,0.100000
1479747096455,1.520000,1.510000,8500,1.530000,10000,7.040000,0.100000
1479747098479,1.520000,1.510000,8500,1.530000,10000,7.040000,0.100000
1479747100472,1.520000,1.510000,8500,1.530000,10000,7.040000,0.100000
1479747101951,1.520000,1.510000,8500,1.530000,10000,7.040000,0.100000
1479747104482,1.520000,1.510000,8500,1.530000,10000,7.040000,0.100000
1479747106969,1.520000,1.510000,8500,1.530000,10000,7.040000,0.100000
1479747108956,1.520000,1.510000,8500,1.530000,10000,7.040000,0.100000
1479747110990,1.520000,1.510000,8500,1.530000,10000,7.040000,0.100000
1479747112967,1.520000,1.510000,8500,1.530000,10000,7.040000,0.100000
1479747114937,1.520000,1.510000,8500,1.530000,10000,7.040000,0.100000
1479747116526,1.520000,1.510000,8500,1.530000,10000,7.040000,0.100000
1479747118498,1.520000,1.510000,8500,1.530000,10000,7.040000,0.100000
1479747120991,1.520000,1.510000,8500,1.530000,10000,7.040000,0.100000
1479747122954,1.520000,1.510000,8500,1.530000,10000,7.040000,0.100000
1479747124466,1.520000,1.510000,8500,1.530000,10000,7.040000,0.100000
1479747127480,1.520000,1.510000,8500,1.530000,10000,7.040000,0.100000
1479747129502,1.520000,1.510000,8500,1.530000,10000,7.040000,0.100000
1479747131478,1.520000,1.510000,8500,1.530000,10000,7.040000,0.100000
1479747133504,1.520000,1.510000,8500,1.530000,10000,7.040000,0.100000
1479747135503,1.520000,1.510000,8500,1.530000,10000,7.040000,0.100000
1479747137479,1.520000,1.510000,8500,1.530000,10000,7.040000,0.100000
1479747139482,1.520000,1.510000,8500,1.530000,10000,7.040000,0.100000
1479747141476,1.520000,1.520000,5800,1.530000,10000,7.040000,0.100000
1479747143495,1.520000,1.520000,5800,1.530000,10000,7.040000,0.100000
1479747144534,1.520000,1.520000,5800,1.530000,10000,7.040000,0.100000
1479747147985,1.520000,1.520000,5800,1.530000,10000,7.040000,0.100000
1479747149994,1.520000,1.520000,5800,1.530000,10000,7.040000,0.100000
1479747151983,1.520000,1.520000,5800,1.530000,10000,7.040000,0.100000
1479747153997,1.520000,1.520000,5800,1.530000,10000,7.040000,0.100000
1479747155988,1.520000,1.520000,5800,1.530000,10000,7.040000,0.100000
1479747158062,1.520000,1.520000,5800,1.530000,10000,7.040000,0.100000
1479747160044,1.520000,1.520000,5800,1.530000,10000,7.040000,0.100000
1479747161997,1.520000,1.520000,5800,1.530000,10000,7.040000,0.100000
1479747163987,1.520000,1.520000,5800,1.530000,10000,7.040000,0.100000
1479747166007,1.520000,1.520000,5800,1.530000,10000,7.040000,0.100000
1479747168499,1.520000,1.520000,5800,1.530000,10000,7.040000,0.100000
1479747170487,1.520000,1.520000,5800,1.530000,10000,7.040000,0.100000
1479747170487,1.520000,1.520000,5800,1.530000,10000,7.040000,0.100000
1479747174514,1.520000,1.520000,5800,1.530000,10000,7.040000,0.100000
1479747176517,1.520000,1.520000,5800,1.530000,10000,7.040000,0.100000
1479747177971,1.520000,1.520000,5800,1.530000,10000,7.040000,0.100000
1479747180542,1.520000,1.520000,5800,1.530000,10000,7.040000,0.100000
1479747181550,1.520000,1.520000,5800,1.530000,10000,7.040000,0.100000
1479747184541,1.520000,1.520000,5800,1.530000,10000,7.040000,0.100000
1479747186609,1.520000,1.520000,5800,1.530000,10000,7.040000,0.100000
1479747188513,1.520000,1.520000,5800,1.530000,10000,7.040000,0.100000
1479747190525,1.520000,1.520000,5800,1.530000,10000,7.040000,0.100000
1479747192995,1.520000,1.520000,5800,1.530000,10000,7.040000,0.100000
1479747195009,1.520000,1.520000,5800,1.530000,10000,7.040000,0.100000
1479747197016,1.520000,1.520000,5800,1.530000,10000,7.040000,0.100000
1479747199011,1.520000,1.520000,5800,1.530000,10000,7.040000,0.100000
1479747201004,1.520000,1.520000,5800,1.530000,10000,7.040000,0.100000
1479747201004,1.520000,1.520000,5800,1.530000,10000,7.040000,0.100000
1479747204523,1.520000,1.520000,5800,1.530000,10000,7.040000,0.100000
1479747206986,1.520000,1.520000,5800,1.530000,10000,7.040000,0.100000
1479747209031,1.520000,1.520000,5800,1.530000,10000,7.040000,0.100000
1479747211022,1.520000,1.520000,5800,1.530000,10000,7.040000,0.100000
1479747213515,1.520000,1.520000,5800,1.530000,10000,7.040000,0.100000
1479747215591,1.520000,1.520000,5800,1.530000,10000,7.040000,0.100000
1479747217545,1.520000,1.520000,5800,1.530000,10000,7.040000,0.100000
1479747219513,1.520000,1.520000,5800,1.530000,10000,7.040000,0.100000
1479747221521,1.520000,1.520000,5800,1.530000,10000,7.040000,0.100000
1479747223516,1.520000,1.520000,5800,1.530000,10000,7.040000,0.100000
1479747225487,1.520000,1.520000,5800,1.530000,10000,7.040000,0.100000
1479747227529,1.520000,1.520000,5800,1.530000,10000,7.040000,0.100000
1479747229520,1.520000,1.520000,5800,1.530000,10000,7.040000,0.100000
1479747231517,1.520000,1.520000,5800,1.530000,10000,7.040000,0.100000
1479747234007,1.520000,1.520000,5800,1.530000,10000,7.040000,0.100000
1479747236076,1.520000,1.520000,5800,1.530000,10000,7.040000,0.100000
1479747237526,1.520000,1.520000,5800,1.530000,10000,7.040000,0.100000
1479747239558,1.530000,1.520000,5800,1.530000,10000,7.750000,0.110000
1479747242040,1.530000,1.520000,5800,1.530000,10000,7.750000,0.110000
1479747244021,1.530000,1.520000,5800,1.530000,10000,7.750000,0.110000
1479747246052,1.530000,1.520000,5800,1.530000,10000,7.750000,0.110000
1479747248061,1.530000,1.520000,5800,1.530000,10000,7.750000,0.110000
1479747249571,1.530000,1.520000,5800,1.530000,10000,7.750000,0.110000
1479747252019,1.530000,1.520000,5800,1.530000,10000,7.750000,0.110000
1479747254526,1.530000,1.520000,5800,1.530000,10000,7.750000,0.110000
1479747256505,1.530000,1.520000,5800,1.530000,10000,7.750000,0.110000
1479747258545,1.530000,1.520000,5800,1.530000,10000,7.750000,0.110000
1479747260539,1.530000,1.520000,5800,1.530000,10000,7.750000,0.110000
1479747262571,1.530000,1.520000,5800,1.530000,10000,7.750000,0.110000
1479747263552,1.530000,1.520000,5800,1.530000,10000,7.750000,0.110000
1479747266580,1.530000,1.520000,5800,1.530000,10000,7.750000,0.110000
1479747268904,1.530000,1.520000,5800,1.530000,10000,7.750000,0.110000
1479747270895,1.530000,1.520000,5800,1.530000,10000,7.750000,0.110000
1479747272885,1.530000,1.520000,5800,1.530000,10000,7.750000,0.110000
1479747274387,1.530000,1.520000,5800,1.530000,10000,7.750000,0.110000
1479747276901,1.530000,1.520000,5800,1.530000,10000,7.750000,0.110000
1479747278900,1.530000,1.520000,5800,1.530000,10000,7.750000,0.110000
1479747281392,1.530000,1.520000,5800,1.530000,10000,7.750000,0.110000
1479747283396,1.530000,1.520000,5800,1.530000,10000,7.750000,0.110000
1479747285403,1.530000,1.520000,5800,1.530000,10000,7.750000,0.110000
1479747287396,1.530000,1.520000,5800,1.530000,10000,7.750000,0.110000
1479747289399,1.530000,1.520000,5800,1.530000,10000,7.750000,0.110000
1479747291413,1.530000,1.520000,5800,1.530000,10000,7.750000,0.110000
1479747293395,1.530000,1.520000,5800,1.530000,10000,7.750000,0.110000
1479747295396,1.530000,1.520000,5800,1.530000,10000,7.750000,0.110000
1479747296938,1.530000,1.520000,5800,1.530000,10000,7.750000,0.110000
1479747299430,1.530000,1.520000,5800,1.530000,10000,7.750000,0.110000
1479747301425,1.530000,1.520000,5800,1.530000,10000,7.750000,0.110000
1479747303916,1.530000,1.520000,5800,1.530000,10000,7.750000,0.110000
1479747305904,1.530000,1.520000,5800,1.530000,10000,7.750000,0.110000
1479747307932,1.530000,1.520000,5800,1.530000,10000,7.750000,0.110000
1479747309902,1.530000,1.520000,5800,1.530000,10000,7.750000,0.110000
1479747311921,1.530000,1.520000,5800,1.530000,10000,7.750000,0.110000
1479747313920,1.530000,1.520000,5800,1.530000,10000,7.750000,0.110000
1479747315957,1.530000,1.520000,5800,1.530000,10000,7.750000,0.110000
1479747317941,1.530000,1.520000,5800,1.530000,10000,7.750000,0.110000
1479747319925,1.520000,1.520000,5800,1.530000,10000,7.040000,0.100000
1479747321900,1.520000,1.520000,5800,1.530000,10000,7.040000,0.100000
1479747323404,1.525000,1.520000,5800,1.530000,10000,7.390000,0.105000
1479747325937,1.525000,1.520000,5800,1.530000,10000,7.390000,0.105000
1479747327915,1.525000,1.520000,5800,1.530000,10000,7.390000,0.105000
1479747329922,1.525000,1.520000,5800,1.530000,10000,7.390000,0.105000
1479747332440,1.520100,1.520000,5800,1.530000,10000,7.050000,0.100100
1479747334426,1.520100,1.520000,5800,1.530000,10000,7.050000,0.100100
1479747336430,1.520100,1.520000,5800,1.530000,10000,7.050000,0.100100
1479747338472,1.520100,1.520000,5800,1.530000,10000,7.050000,0.100100
1479747340460,1.520100,1.520000,5800,1.530000,10000,7.050000,0.100100
1479747342429,1.520100,1.520000,5800,1.530000,10000,7.050000,0.100100
1479747343944,1.520100,1.520000,5800,1.530000,10000,7.050000,0.100100
1479747346443,1.520100,1.520000,5800,1.530000,10000,7.050000,0.100100
1479747348485,1.520100,1.520000,5800,1.530000,10000,7.050000,0.100100
1479747350433,1.520100,1.520000,5800,1.530000,10000,7.050000,0.100100
1479747352445,1.520100,1.520000,5800,1.530000,10000,7.050000,0.100100
1479747354956,1.520100,1.520000,5800,1.530000,10000,7.050000,0.100100
1479747356934,1.520100,1.520000,5800,1.530000,10000,7.050000,0.100100
1479747358948,1.520100,1.520000,5800,1.530000,10000,7.050000,0.100100
1479747360953,1.520100,1.520000,5800,1.530000,10000,7.050000,0.100100
1479747362948,1.520100,1.520000,5800,1.530000,10000,7.050000,0.100100
1479747364958,1.520100,1.520000,5800,1.530000,10000,7.050000,0.100100
1479747366970,1.520100,1.520000,5800,1.530000,10000,7.050000,0.100100
1479747368450,1.520100,1.520000,5800,1.530000,10000,7.050000,0.100100
1479747371445,1.520100,1.520000,5800,1.530000,10000,7.050000,0.100100
1479747373486,1.520100,1.520000,5800,1.530000,10000,7.050000,0.100100
1479747375450,1.520100,1.520000,5800,1.530000,10000,7.050000,0.100100
1479747377477,1.520100,1.520000,5800,1.530000,10000,7.050000,0.100100
1479747378943,1.520100,1.520000,5800,1.530000,10000,7.050000,0.100100
1479747381492,1.520100,1.520000,5800,1.530000,10000,7.050000,0.100100
1479747383452,1.520100,1.520000,5800,1.530000,10000,7.050000,0.100100
1479747385498,1.520100,1.520000,5800,1.530000,10000,7.050000,0.100100
1479747386949,1.520100,1.520000,5800,1.530000,10000,7.050000,0.100100
1479747389475,1.520100,1.520000,5800,1.530000,10000,7.050000,0.100100
1479747391013,1.520100,1.520000,5800,1.530000,10000,7.050000,0.100100
1479747393965,1.520100,1.520000,5800,1.530000,10000,7.050000,0.100100
1479747395465,1.520100,1.520000,5800,1.530000,10000,7.050000,0.100100
1479747397981,1.520100,1.520000,5800,1.530000,10000,7.050000,0.100100
1479747399962,1.520100,1.520000,5800,1.530000,10000,7.050000,0.100100
1479747401942,1.520100,1.520000,5800,1.530000,10000,7.050000,0.100100
1479747403465,1.520100,1.520000,5800,1.530000,10000,7.050000,0.100100
1479747406035,1.520100,1.520000,5800,1.530000,10000,7.050000,0.100100
1479747407983,1.520100,1.520000,5800,1.530000,10000,7.050000,0.100100
1479747409480,1.520100,1.520000,5800,1.530000,10000,7.050000,0.100100
1479747411984,1.520100,1.520000,5800,1.530000,10000,7.050000,0.100100
1479747413992,1.520100,1.520000,5800,1.530000,10000,7.050000,0.100100
1479747416444,1.520100,1.520000,5800,1.530000,10000,7.050000,0.100100
1479747418494,1.520100,1.520000,5800,1.530000,10000,7.050000,0.100100
1479747419525,1.520100,1.520000,5800,1.530000,10000,7.050000,0.100100
1479747422488,1.520100,1.520000,5800,1.530000,10000,7.050000,0.100100
1479747424498,1.520100,1.520000,5800,1.530000,10000,7.050000,0.100100
1479747426492,1.520100,1.520000,5800,1.530000,10000,7.050000,0.100100
1479747428472,1.520100,1.520000,5800,1.530000,10000,7.050000,0.100100
1479747430499,1.520100,1.520000,5800,1.530000,10000,7.050000,0.100100
1479747431999,1.520100,1.520000,5800,1.530000,10000,7.050000,0.100100
1479747432980,1.520100,1.520000,5800,1.530000,10000,7.050000,0.100100
1479747436007,1.520100,1.520000,5800,1.530000,10000,7.050000,0.100100
1479747438990,1.520100,1.520000,5800,1.530000,10000,7.050000,0.100100
1479747440975,1.520100,1.520000,5800,1.530000,10000,7.050000,0.100100
1479747443021,1.520100,1.520000,5800,1.530000,10000,7.050000,0.100100
1479747445002,1.520100,1.520000,5800,1.530000,10000,7.050000,0.100100
1479747447005,1.520100,1.520000,5800,1.530000,10000,7.050000,0.100100
1479747448996,1.520100,1.520000,5800,1.530000,10000,7.050000,0.100100
1479747451024,1.520100,1.520000,5800,1.530000,10000,7.050000,0.100100
1479747453000,1.520100,1.520000,5800,1.530000,10000,7.050000,0.100100
1479747454489,1.520100,1.520000,5800,1.530000,10000,7.050000,0.100100
1479747457014,1.520100,1.520000,5800,1.530000,10000,7.050000,0.100100
1479747459512,1.510000,1.510000,8500,1.530000,10000,6.340000,0.090000
1479747461480,1.510000,1.510000,800,1.530000,10000,6.340000,0.090000
1479747463584,1.510000,1.510000,800,1.530000,10000,6.340000,0.090000
1479747465522,1.510000,1.510000,800,1.520000,100,6.340000,0.090000
1479747467496,1.510000,1.510000,800,1.520000,100,6.340000,0.090000
1479747467496,1.510000,1.510000,800,1.520000,100,6.340000,0.090000
1479747471503,1.510000,1.510000,800,1.520000,100,6.340000,0.090000
1479747473508,1.515000,1.510000,800,1.520000,100,6.690000,0.095000
1479747475533,1.515000,1.510000,800,1.520000,100,6.690000,0.095000
1479747477528,1.515000,1.510000,800,1.520000,100,6.690000,0.095000
1479747480015,1.515000,1.510000,800,1.520000,100,6.690000,0.095000
1479747482046,1.515000,1.510000,800,1.520000,100,6.690000,0.095000
1479747484005,1.515000,1.510000,800,1.520000,100,6.690000,0.095000
1479747486029,1.515000,1.510000,800,1.520000,100,6.690000,0.095000
1479747488042,1.515000,1.510000,800,1.520000,100,6.690000,0.095000
1479747490043,1.515000,1.510000,800,1.520000,100,6.690000,0.095000
1479747492086,1.515000,1.510000,800,1.520000,6300,6.690000,0.095000
1479747493058,1.515000,1.510000,800,1.520000,6300,6.690000,0.095000
1479747496069,1.515000,1.510000,800,1.520000,6300,6.690000,0.095000
1479747498018,1.515000,1.510000,800,1.520000,6300,6.690000,0.095000
1479747500038,1.515000,1.510000,800,1.520000,6300,6.690000,0.095000
1479747502514,1.515000,1.510000,800,1.520000,6300,6.690000,0.095000
1479747504558,1.510000,1.510000,800,1.520000,6300,6.340000,0.090000
1479747506026,1.510000,1.510000,800,1.520000,6300,6.340000,0.090000
1479747508041,1.510000,1.510000,700,1.520000,6300,6.340000,0.090000
1479747511022,1.510100,1.500000,9100,1.510000,4300,6.350000,0.090100
1479747513030,1.510100,1.500000,9100,1.510000,4300,6.350000,0.090100
1479747515027,1.500000,1.500000,7300,1.510000,4300,5.630000,0.080000
1479747517056,1.505000,1.500000,7300,1.510000,4300,5.990000,0.085000
1479747518531,1.505000,1.500000,7300,1.510000,4300,5.990000,0.085000
1479747522067,1.505000,1.500000,7300,1.510000,4300,5.990000,0.085000
1479747524525,1.505000,1.500000,7300,1.510000,4300,5.990000,0.085000
1479747526551,1.505000,1.500000,7300,1.510000,4300,5.990000,0.085000
1479747528013,1.505000,1.500000,7300,1.510000,4300,5.990000,0.085000
1479747530033,1.505000,1.500000,7300,1.510000,4300,5.990000,0.085000
1479747532533,1.505000,1.500000,7300,1.510000,4300,5.990000,0.085000
1479747534568,1.505000,1.500000,7300,1.510000,4300,5.990000,0.085000
1479747536158,1.505000,1.500000,7300,1.510000,4300,5.990000,0.085000
1479747538942,1.505000,1.500000,7300,1.510000,4300,5.990000,0.085000
1479747540898,1.505000,1.500000,7300,1.510000,4300,5.990000,0.085000
1479747542906,1.505000,1.500000,7300,1.510000,4300,5.990000,0.085000
1479747544883,1.505000,1.500000,7300,1.510000,4300,5.990000,0.085000
1479747546894,1.505000,1.500000,7300,1.510000,4300,5.990000,0.085000
1479747548939,1.505000,1.500000,7300,1.510000,4300,5.990000,0.085000
1479747550387,1.505000,1.500000,7300,1.510000,4300,5.990000,0.085000
1479747552915,1.505000,1.500000,7300,1.510000,4300,5.990000,0.085000
1479747554925,1.505000,1.500000,7300,1.510000,4300,5.990000,0.085000
1479747556897,1.505000,1.500000,7300,1.510000,4300,5.990000,0.085000
1479747558947,1.505000,1.500000,7300,1.510000,4400,5.990000,0.085000
1479747561401,1.505000,1.500000,7300,1.510000,4400,5.990000,0.085000
1479747563400,1.505000,1.500000,7300,1.510000,4400,5.990000,0.085000
1479747564912,1.505000,1.500000,7300,1.510000,4400,5.990000,0.085000
1479747566899,1.505000,1.500000,7300,1.510000,4400,5.990000,0.085000
1479747569411,1.505000,1.500000,7300,1.510000,4400,5.990000,0.085000
1479747571432,1.505000,1.500000,7300,1.510000,4400,5.990000,0.085000
1479747573457,1.505000,1.500000,7300,1.510000,4400,5.990000,0.085000
1479747575934,1.500000,1.500000,7200,1.510000,4400,5.630000,0.080000
1479747577431,1.500000,1.500000,7200,1.510000,4400,5.630000,0.080000
1479747579941,1.500000,1.500000,7200,1.510000,4400,5.630000,0.080000
1479747581925,1.500000,1.500000,7200,1.510000,4400,5.630000,0.080000
1479747583957,1.500000,1.500000,7200,1.510000,4400,5.630000,0.080000
1479747585935,1.500000,1.500000,7200,1.510000,4400,5.630000,0.080000
1479747587927,1.500000,1.500000,7200,1.510000,4400,5.630000,0.080000
1479747589909,1.500000,1.500000,7200,1.510000,4400,5.630000,0.080000
1479747591946,1.500000,1.500000,7200,1.510000,4400,5.630000,0.080000
1479747593953,1.500000,1.500000,7200,1.510000,4400,5.630000,0.080000
1479747595454,1.500000,1.500000,7200,1.510000,4400,5.630000,0.080000
1479747598426,1.500000,1.500000,7200,1.510000,4400,5.630000,0.080000
1479747600448,1.500000,1.500000,7200,1.510000,4400,5.630000,0.080000
1479747601928,1.500000,1.500000,7200,1.510000,4400,5.630000,0.080000
1479747605433,1.500000,1.500000,7200,1.510000,4400,5.630000,0.080000
1479747606928,1.500000,1.500000,7200,1.510000,4400,5.630000,0.080000
1479747608981,1.500000,1.500000,7200,1.510000,4400,5.630000,0.080000
1479747611443,1.500000,1.500000,7200,1.510000,4400,5.630000,0.080000
1479747613431,1.500000,1.500000,7200,1.510000,4400,5.630000,0.080000
1479747615450,1.500000,1.500000,7200,1.510000,4400,5.630000,0.080000
1479747617927,1.500000,1.500000,7200,1.510000,4400,5.630000,0.080000
1479747619947,1.500000,1.500000,7200,1.510000,4400,5.630000,0.080000
1479747621931,1.500000,1.500000,7200,1.510000,4400,5.630000,0.080000
1479747624004,1.500000,1.500000,7200,1.510000,4400,5.630000,0.080000
1479747625963,1.500000,1.500000,7200,1.510000,4400,5.630000,0.080000
1479747627955,1.500000,1.500000,7200,1.510000,4400,5.630000,0.080000
1479747629954,1.500000,1.500000,7200,1.510000,4400,5.630000,0.080000
1479747631952,1.500000,1.500000,7200,1.510000,4400,5.630000,0.080000
1479747633455,1.500000,1.500000,7200,1.510000,4400,5.630000,0.080000
1479747634952,1.500000,1.500000,7200,1.510000,4400,5.630000,0.080000
1479747637977,1.500000,1.500000,7200,1.510000,4400,5.630000,0.080000
1479747640462,1.500000,1.500000,7200,1.510000,4400,5.630000,0.080000
1479747642962,1.500000,1.500000,7200,1.510000,4400,5.630000,0.080000
1479747644986,1.500000,1.500000,7200,1.510000,4400,5.630000,0.080000
1479747646941,1.500000,1.500000,7200,1.510000,4400,5.630000,0.080000
1479747648968,1.500000,1.500000,7200,1.510000,4400,5.630000,0.080000
1479747650990,1.500000,1.500000,7200,1.510000,4400,5.630000,0.080000
1479747652984,1.509300,1.500000,7200,1.510000,4400,6.290000,0.089300
1479747654992,1.509300,1.500000,7200,1.510000,4400,6.290000,0.089300
1479747656956,1.509300,1.500000,7200,1.510000,4400,6.290000,0.089300
1479747658981,1.509300,1.500000,7200,1.510000,4400,6.290000,0.089300
1479747660973,1.509300,1.500000,7200,1.510000,4400,6.290000,0.089300
1479747662966,1.509300,1.500000,7200,1.510000,4400,6.290000,0.089300
1479747664986,1.509300,1.500000,7200,1.510000,4400,6.290000,0.089300
1479747667479,1.509300,1.500000,7200,1.510000,4400,6.290000,0.089300
1479747669471,1.509300,1.500000,7200,1.510000,4400,6.290000,0.089300
1479747671453,1.509300,1.500000,7200,1.510000,4400,6.290000,0.089300
1479747673484,1.509300,1.500000,7200,1.510000,4400,6.290000,0.089300
1479747675546,1.509300,1.500000,7200,1.510000,4400,6.290000,0.089300
1479747677486,1.509300,1.500000,7200,1.510000,4400,6.290000,0.089300
1479747679474,1.509300,1.500000,7200,1.510000,4400,6.290000,0.089300
1479747681477,1.509300,1.500000,7200,1.510000,200,6.290000,0.089300
1479747683477,1.509300,1.500000,7200,1.510000,200,6.290000,0.089300
1479747685511,1.509300,1.500000,7200,1.510000,200,6.290000,0.089300
1479747687474,1.509300,1.500000,7200,1.510000,200,6.290000,0.089300
1479747689505,1.509300,1.500000,7200,1.510000,200,6.290000,0.089300
1479747692010,1.509300,1.500000,7200,1.510000,200,6.290000,0.089300
1479747692521,1.509300,1.500000,7200,1.510000,200,6.290000,0.089300
1479747696013,1.509300,1.500000,7200,1.510000,200,6.290000,0.089300
1479747697028,1.509300,1.500000,7200,1.510000,200,6.290000,0.089300
1479747699998,1.509300,1.500000,5400,1.510000,200,6.290000,0.089300
1479747701986,1.509300,1.500000,5400,1.510000,200,6.290000,0.089300
1479747703492,1.509300,1.500000,5400,1.510000,200,6.290000,0.089300
1479747706019,1.509300,1.500000,5400,1.510000,200,6.290000,0.089300
1479747707999,1.509300,1.500000,5400,1.510000,200,6.290000,0.089300
1479747709496,1.509300,1.500000,5400,1.510000,200,6.290000,0.089300
1479747712006,1.509300,1.500000,5400,1.510000,200,6.290000,0.089300
1479747714504,1.509300,1.500000,5400,1.510000,200,6.290000,0.089300
1479747716514,1.509300,1.500000,5400,1.510000,200,6.290000,0.089300
1479747718505,1.509300,1.500000,5400,1.510000,200,6.290000,0.089300
1479747720515,1.509300,1.500000,5400,1.510000,200,6.290000,0.089300
1479747722557,1.509300,1.500000,5400,1.510000,200,6.290000,0.089300
1479747724531,1.509300,1.500000,5400,1.510000,200,6.290000,0.089300
1479747726540,1.509300,1.500000,5400,1.510000,200,6.290000,0.089300
1479747728519,1.509300,1.500000,5400,1.510000,200,6.290000,0.089300
1479747730521,1.509300,1.500000,5400,1.510000,200,6.290000,0.089300
1479747732545,1.509300,1.500000,5400,1.510000,200,6.290000,0.089300
1479747734518,1.509300,1.500000,5400,1.510000,200,6.290000,0.089300
1479747737025,1.509300,1.500000,5400,1.510000,200,6.290000,0.089300
1479747739034,1.509300,1.500000,5400,1.510000,200,6.290000,0.089300
1479747741040,1.509300,1.500000,5400,1.510000,200,6.290000,0.089300
1479747743102,1.509300,1.500000,5400,1.510000,200,6.290000,0.089300
1479747745053,1.509300,1.500000,5400,1.510000,200,6.290000,0.089300
1479747747030,1.509300,1.500000,5400,1.510000,200,6.290000,0.089300
1479747749064,1.509300,1.500000,5400,1.510000,200,6.290000,0.089300
1479747750031,1.509300,1.500000,5400,1.510000,200,6.290000,0.089300
1479747752545,1.509300,1.500000,5400,1.510000,200,6.290000,0.089300
1479747755038,1.500000,1.500000,5400,1.510000,200,5.630000,0.080000
1479747757591,1.500000,1.500000,5400,1.510000,200,5.630000,0.080000
1479747758637,1.500000,1.500000,5400,1.510000,200,5.630000,0.080000
1479747761025,1.500000,1.500000,5400,1.510000,200,5.630000,0.080000
1479747763552,1.500000,1.500000,5400,1.510000,200,5.630000,0.080000
1479747765543,1.500000,1.500000,5400,1.510000,200,5.630000,0.080000
1479747767528,1.500000,1.500000,5400,1.510000,200,5.630000,0.080000
1479747769531,1.500000,1.500000,5400,1.510000,200,5.630000,0.080000
1479747771534,1.500000,1.500000,5400,1.510000,200,5.630000,0.080000
1479747774046,1.500000,1.500000,5400,1.510000,200,5.630000,0.080000
1479747776044,1.500000,1.500000,5400,1.510000,200,5.630000,0.080000
1479747778061,1.500000,1.500000,5400,1.510000,200,5.630000,0.080000
1479747780082,1.500000,1.500000,5400,1.510000,200,5.630000,0.080000
1479747782046,1.500000,1.500000,5400,1.510000,200,5.630000,0.080000
1479747783061,1.500000,1.500000,5400,1.510000,200,5.630000,0.080000
1479747786067,1.500000,1.500000,5400,1.510000,200,5.630000,0.080000
1479747788034,1.500000,1.500000,5400,1.510000,200,5.630000,0.080000
1479747790090,1.500000,1.500000,5400,1.510000,200,5.630000,0.080000
1479747791040,1.500000,1.500000,5400,1.510000,200,5.630000,0.080000
1479747794079,1.505000,1.500000,5200,1.510000,200,5.990000,0.085000
1479747795568,1.505000,1.500000,5200,1.510000,200,5.990000,0.085000
1479747798530,1.505000,1.500000,5200,1.510000,200,5.990000,0.085000
1479747799537,1.505000,1.500000,5200,1.510000,200,5.990000,0.085000
1479747802039,1.505000,1.500000,5200,1.510000,200,5.990000,0.085000
1479747804910,1.505000,1.500000,5200,1.510000,200,5.990000,0.085000
1479747806892,1.505000,1.500000,5200,1.510000,200,5.990000,0.085000
1479747808900,1.505000,1.500000,5200,1.510000,200,5.990000,0.085000
1479747810922,1.505000,1.500000,5200,1.510000,200,5.990000,0.085000
1479747812904,1.505000,1.500000,5200,1.510000,200,5.990000,0.085000
1479747814396,1.505000,1.500000,5200,1.510000,200,5.990000,0.085000
1479747816419,1.505000,1.500000,5200,1.510000,200,5.990000,0.085000
1479747818922,1.505000,1.500000,5200,1.510000,200,5.990000,0.085000
1479747820910,1.509300,1.500000,5200,1.510000,200,6.290000,0.089300
1479747822920,1.509300,1.500000,5200,1.510000,200,6.290000,0.089300
1479747825420,1.509300,1.500000,5200,1.510000,200,6.290000,0.089300
1479747827426,1.509300,1.500000,5200,1.510000,200,6.290000,0.089300
1479747828906,1.500000,1.500000,5200,1.510000,200,5.630000,0.080000
1479747829925,1.500000,1.500000,5200,1.510000,200,5.630000,0.080000
1479747833406,1.500000,1.500000,5200,1.510000,200,5.630000,0.080000
1479747834922,1.500000,1.500000,5200,1.510000,200,5.630000,0.080000
1479747837411,1.500000,1.500000,5200,1.510000,200,5.630000,0.080000
1479747839458,1.500000,1.500000,5200,1.510000,200,5.630000,0.080000
1479747841418,1.505200,1.500000,5200,1.510000,200,6.000000,0.085200
1479747843423,1.505200,1.500000,5200,1.510000,200,6.000000,0.085200
1479747845914,1.505200,1.500000,5200,1.510000,200,6.000000,0.085200
1479747847931,1.505200,1.500000,5200,1.510000,200,6.000000,0.085200
1479747849918,1.505200,1.500000,5200,1.510000,200,6.000000,0.085200
1479747851934,1.505200,1.500000,5200,1.510000,200,6.000000,0.085200
1479747853965,1.505200,1.500000,5200,1.510000,200,6.000000,0.085200
1479747855969,1.505000,1.500000,5200,1.510000,200,5.990000,0.085000
1479747857465,1.505000,1.500000,5200,1.510000,200,5.990000,0.085000
1479747859946,1.509200,1.500000,5200,1.510000,200,6.280000,0.089200
1479747861937,1.509200,1.500000,5200,1.510000,200,6.280000,0.089200
1479747863940,1.509200,1.500000,5200,1.510000,200,6.280000,0.089200
1479747865941,1.509200,1.500000,5200,1.510000,200,6.280000,0.089200
1479747868440,1.509200,1.500000,5200,1.510000,200,6.280000,0.089200
1479747870467,1.509200,1.500000,5200,1.510000,200,6.280000,0.089200
1479747872434,1.509200,1.500000,5200,1.510000,200,6.280000,0.089200
1479747873949,1.509200,1.500000,5200,1.510000,200,6.280000,0.089200
1479747876440,1.509200,1.500000,5200,1.510000,200,6.280000,0.089200
1479747878423,1.509200,1.500000,5200,1.510000,200,6.280000,0.089200
1479747880470,1.509200,1.500000,5200,1.510000,200,6.280000,0.089200
1479747882468,1.509200,1.500000,5200,1.510000,200,6.280000,0.089200
1479747884415,1.509200,1.500000,5200,1.510000,200,6.280000,0.089200
1479747886472,1.509200,1.500000,5200,1.510000,200,6.280000,0.089200
1479747888914,1.509200,1.500000,5200,1.510000,200,6.280000,0.089200
1479747891006,1.509200,1.500000,5200,1.510000,200,6.280000,0.089200
1479747892466,1.509200,1.500000,5200,1.510000,200,6.280000,0.089200
1479747894960,1.509200,1.500000,5200,1.510000,200,6.280000,0.089200
1479747897010,1.509200,1.500000,5200,1.510000,200,6.280000,0.089200
1479747898970,1.509200,1.500000,5200,1.510000,200,6.280000,0.089200
1479747901468,1.509200,1.500000,5200,1.510000,200,6.280000,0.089200
1479747903463,1.509200,1.500000,5200,1.510000,200,6.280000,0.089200
1479747905466,1.509200,1.500000,5200,1.510000,200,6.280000,0.089200
1479747907467,1.509200,1.500000,5200,1.510000,200,6.280000,0.089200
1479747908470,1.509200,1.500000,5200,1.510000,200,6.280000,0.089200
1479747911461,1.509200,1.500000,5200,1.510000,200,6.280000,0.089200
1479747913471,1.509200,1.500000,5200,1.510000,200,6.280000,0.089200
1479747915478,1.509200,1.500000,5200,1.510000,200,6.280000,0.089200
1479747916964,1.509200,1.500000,5200,1.510000,200,6.280000,0.089200
1479747919516,1.509200,1.500000,5200,1.510000,200,6.280000,0.089200
1479747921502,1.509200,1.500000,5200,1.510000,200,6.280000,0.089200
1479747923975,1.500000,1.500000,5200,1.510000,100,5.630000,0.080000
1479747925966,1.500000,1.500000,5200,1.510000,100,5.630000,0.080000
1479747927993,1.500000,1.500000,5200,1.510000,100,5.630000,0.080000
1479747929993,1.500000,1.500000,5200,1.510000,100,5.630000,0.080000
1479747931982,1.500000,1.500000,5200,1.510000,100,5.630000,0.080000
1479747933975,1.500000,1.500000,5200,1.510000,100,5.630000,0.080000
1479747936017,1.500000,1.500000,5200,1.510000,100,5.630000,0.080000
1479747937982,1.502500,1.500000,5200,1.510000,100,5.810000,0.082500
1479747939992,1.509200,1.500000,5200,1.510000,100,6.280000,0.089200
1479747941983,1.509200,1.500000,5200,1.510000,100,6.280000,0.089200
1479747943980,1.509200,1.500000,5200,1.510000,100,6.280000,0.089200
1479747946498,1.509200,1.500000,5200,1.510000,100,6.280000,0.089200
1479747948545,1.509200,1.500000,5200,1.510000,100,6.280000,0.089200
1479747950492,1.509200,1.500000,5200,1.510000,100,6.280000,0.089200
1479747952490,1.509200,1.500000,5200,1.510000,100,6.280000,0.089200
1479747954483,1.509200,1.500000,5200,1.510000,100,6.280000,0.089200
1479747956500,1.509200,1.500000,5200,1.510000,100,6.280000,0.089200
1479747958530,1.509200,1.500000,5200,1.510000,100,6.280000,0.089200
1479747960510,1.509200,1.500000,5200,1.510000,100,6.280000,0.089200
1479747962542,1.509200,1.500000,5200,1.510000,100,6.280000,0.089200
1479747964539,1.509200,1.500000,5200,1.510000,100,6.280000,0.089200
1479747966534,1.509200,1.500000,5200,1.510000,100,6.280000,0.089200
1479747969021,1.509200,1.500000,5200,1.510000,100,6.280000,0.089200
1479747971017,1.509200,1.500000,5200,1.510000,100,6.280000,0.089200
1479747972518,1.509200,1.500000,5200,1.510000,100,6.280000,0.089200
1479747975024,1.509200,1.500000,5200,1.510000,100,6.280000,0.089200
1479747977021,1.509200,1.500000,5200,1.510000,100,6.280000,0.089200
1479747979036,1.509200,1.500000,5200,1.510000,100,6.280000,0.089200
1479747981070,1.509200,1.500000,5200,1.510000,100,6.280000,0.089200
1479747983006,1.509200,1.500000,5200,1.510000,100,6.280000,0.089200
1479747984998,1.509200,1.500000,5200,1.510000,100,6.280000,0.089200
1479747987030,1.509200,1.500000,5200,1.510000,100,6.280000,0.089200
1479747989031,1.509200,1.500000,5200,1.510000,100,6.280000,0.089200
1479747991523,1.509200,1.500000,5200,1.510000,100,6.280000,0.089200
1479747992555,1.509200,1.500000,5200,1.510000,100,6.280000,0.089200
1479747995520,1.509200,1.500000,5200,1.510000,100,6.280000,0.089200
1479747997521,1.509200,1.500000,5200,1.510000,100,6.280000,0.089200
1479747999528,1.509200,1.500000,5200,1.510000,100,6.280000,0.089200
1479748001504,1.509200,1.500000,5200,1.510000,100,6.280000,0.089200
1479748003509,1.509200,1.500000,5200,1.510000,100,6.280000,0.089200
1479748006046,1.509200,1.500000,5200,1.510000,100,6.280000,0.089200
1479748008168,1.509200,1.500000,5200,1.510000,100,6.280000,0.089200
1479748010048,1.509200,1.500000,5200,1.510000,100,6.280000,0.089200
1479748012038,1.509200,1.500000,5200,1.510000,100,6.280000,0.089200
1479748014048,1.509200,1.500000,5200,1.510000,100,6.280000,0.089200
1479748016056,1.509200,1.500000,5200,1.510000,100,6.280000,0.089200
1479748018534,1.509200,1.500000,5200,1.510000,100,6.280000,0.089200
1479748020609,1.509200,1.500000,5200,1.510000,100,6.280000,0.089200
1479748022099,1.509200,1.500000,5200,1.510000,100,6.280000,0.089200
1479748024056,1.509200,1.500000,5200,1.510000,100,6.280000,0.089200
1479748026528,1.509200,1.500000,5200,1.510000,100,6.280000,0.089200
1479748029021,1.505000,1.500000,5200,1.510000,100,5.990000,0.085000
1479748031029,1.505000,1.500000,5200,1.510000,100,5.990000,0.085000
1479748032523,1.505000,1.500000,5200,1.510000,100,5.990000,0.085000
1479748035077,1.505000,1.500000,5200,1.510000,100,5.990000,0.085000
1479748037040,1.505000,1.500000,5200,1.510000,100,5.990000,0.085000
1479748037549,1.505000,1.500000,5200,1.510000,100,5.990000,0.085000
1479748041062,1.505000,1.500000,5200,1.510000,100,5.990000,0.085000
1479748043023,1.505000,1.500000,5200,1.510000,100,5.990000,0.085000
1479748045025,1.505000,1.500000,5200,1.510000,100,5.990000,0.085000
1479748047065,1.505000,1.500000,5200,1.510000,100,5.990000,0.085000
1479748049051,1.505000,1.500000,5200,1.510000,100,5.990000,0.085000
1479748051069,1.505000,1.500000,5200,1.510000,100,5.990000,0.085000
1479748053545,1.505000,1.500000,5200,1.510000,100,5.990000,0.085000
1479748055566,1.505000,1.500000,5200,1.510000,100,5.990000,0.085000
1479748057561,1.505000,1.500000,5200,1.510000,100,5.990000,0.085000
1479748059539,1.505000,1.500000,5200,1.510000,100,5.990000,0.085000
1479748061553,1.505000,1.500000,5200,1.510000,100,5.990000,0.085000
1479748063616,1.505000,1.500000,5200,1.510000,100,5.990000,0.085000
1479748065578,1.505000,1.500000,5200,1.510000,100,5.990000,0.085000
1479748067522,1.505000,1.500000,5200,1.510000,100,5.990000,0.085000
1479748069076,1.505000,1.500000,5200,1.510000,100,5.990000,0.085000
1479748071914,1.505000,1.500000,5200,1.510000,100,5.990000,0.085000
1479748073901,1.505000,1.500000,5200,1.510000,100,5.990000,0.085000
1479748075411,1.505000,1.500000,5200,1.510000,100,5.990000,0.085000
1479748077902,1.505000,1.500000,5200,1.510000,100,5.990000,0.085000
1479748079903,1.505000,1.500000,5200,1.510000,100,5.990000,0.085000
1479748082464,1.505000,1.500000,5200,1.510000,100,5.990000,0.085000
1479748084405,1.505000,1.500000,5200,1.510000,100,5.990000,0.085000
1479748086406,1.505000,1.500000,5200,1.510000,100,5.990000,0.085000
1479748088417,1.505000,1.500000,5200,1.510000,100,5.990000,0.085000
1479748090415,1.505000,1.500000,5200,1.510000,100,5.990000,0.085000
1479748092449,1.505000,1.500000,5200,1.510000,100,5.990000,0.085000
1479748094400,1.505000,1.500000,5200,1.510000,100,5.990000,0.085000
1479748096939,1.505000,1.500000,5200,1.510000,100,5.990000,0.085000
1479748098928,1.505000,1.500000,5200,1.510000,100,5.990000,0.085000
1479748100941,1.505000,1.500000,5200,1.510000,100,5.990000,0.085000
1479748102906,1.505000,1.500000,5200,1.510000,100,5.990000,0.085000
1479748104931,1.505000,1.500000,5200,1.510000,100,5.990000,0.085000
1479748106482,1.505000,1.500000,5200,1.510000,100,5.990000,0.085000
1479748108980,1.505000,1.500000,5200,1.510000,100,5.990000,0.085000
1479748110442,1.505000,1.500000,5200,1.510000,100,5.990000,0.085000
1479748112419,1.505000,1.500000,5200,1.510000,100,5.990000,0.085000
1479748114408,1.505000,1.500000,5200,1.510000,100,5.990000,0.085000
1479748116948,1.505000,1.500000,5200,1.510000,100,5.990000,0.085000
1479748118954,1.505000,1.500000,5200,1.510000,100,5.990000,0.085000
1479748121429,1.505000,1.500000,5200,1.510000,100,5.990000,0.085000
1479748123434,1.505000,1.500000,5200,1.510000,100,5.990000,0.085000
1479748125410,1.505000,1.500000,5200,1.510000,100,5.990000,0.085000
1479748127445,1.505000,1.500000,5200,1.510000,100,5.990000,0.085000
1479748129429,1.505000,1.500000,5200,1.510000,100,5.990000,0.085000
1479748131463,1.505000,1.500000,5200,1.510000,100,5.990000,0.085000
1479748133449,1.505000,1.500000,5200,1.510000,100,5.990000,0.085000
1479748135449,1.505000,1.500000,5200,1.510000,100,5.990000,0.085000
1479748136944,1.505000,1.500000,5200,1.510000,100,5.990000,0.085000
1479748139935,1.505000,1.500000,5200,1.510000,100,5.990000,0.085000
1479748141955,1.505000,1.500000,5200,1.510000,100,5.990000,0.085000
1479748143960,1.505000,1.500000,5200,1.510000,100,5.990000,0.085000
1479748145937,1.505000,1.500000,5200,1.510000,100,5.990000,0.085000
1479748147968,1.505000,1.500000,5200,1.510000,100,5.990000,0.085000
1479748149436,1.505000,1.500000,5200,1.510000,200,5.990000,0.085000
1479748151935,1.505000,1.500000,5200,1.510000,200,5.990000,0.085000
1479748153977,1.505000,1.500000,5200,1.510000,200,5.990000,0.085000
1479748156010,1.505000,1.500000,5200,1.510000,200,5.990000,0.085000
1479748157942,1.505000,1.500000,5200,1.510000,200,5.990000,0.085000
1479748159944,1.505000,1.500000,5200,1.510000,200,5.990000,0.085000
1479748162469,1.505000,1.500000,5200,1.510000,200,5.990000,0.085000
1479748164491,1.505000,1.500000,5200,1.510000,200,5.990000,0.085000
1479748166026,1.505000,1.500000,5200,1.510000,200,5.990000,0.085000
1479748168513,1.505000,1.500000,5200,1.510000,200,5.990000,0.085000
1479748170472,1.505000,1.500000,5200,1.510000,200,5.990000,0.085000
1479748172476,1.505000,1.500000,5200,1.510000,200,5.990000,0.085000
1479748174480,1.505000,1.500000,5200,1.510000,200,5.990000,0.085000
1479748176487,1.505000,1.500000,5200,1.510000,200,5.990000,0.085000
1479748178496,1.505000,1.500000,5200,1.510000,200,5.990000,0.085000
1479748180500,1.505000,1.500000,5200,1.510000,200,5.990000,0.085000
1479748182971,1.505000,1.500000,5200,1.510000,200,5.990000,0.085000
1479748184956,1.505000,1.500000,5200,1.510000,200,5.990000,0.085000
1479748186991,1.505000,1.500000,5200,1.510000,200,5.990000,0.085000
1479748188983,1.505000,1.500000,5200,1.510000,200,5.990000,0.085000
1479748191039,1.505000,1.500000,5200,1.510000,200,5.990000,0.085000
1479748192952,1.505000,1.500000,5200,1.510000,200,5.990000,0.085000
1479748194981,1.505000,1.500000,5200,1.510000,200,5.990000,0.085000
1479748196994,1.505000,1.500000,5200,1.510000,200,5.990000,0.085000
1479748199481,1.505000,1.500000,5200,1.510000,200,5.990000,0.085000
1479748201504,1.505000,1.500000,5200,1.510000,200,5.990000,0.085000
1479748203465,1.505000,1.500000,5200,1.510000,200,5.990000,0.085000
1479748205490,1.505000,1.500000,5200,1.510000,200,5.990000,0.085000
1479748207487,1.505000,1.500000,5200,1.510000,200,5.990000,0.085000
1479748209495,1.505000,1.500000,5200,1.510000,200,5.990000,0.085000
1479748211504,1.505000,1.500000,5200,1.510000,200,5.990000,0.085000
1479748213988,1.505000,1.500000,5200,1.510000,200,5.990000,0.085000
1479748216007,1.505000,1.500000,5200,1.510000,200,5.990000,0.085000
1479748217997,1.505000,1.500000,5200,1.510000,200,5.990000,0.085000
1479748219990,1.505000,1.500000,5200,1.510000,200,5.990000,0.085000
1479748222026,1.505000,1.500000,5200,1.510000,200,5.990000,0.085000
1479748224009,1.505000,1.500000,5200,1.510000,200,5.990000,0.085000
1479748225483,1.505000,1.500000,5200,1.510000,200,5.990000,0.085000
1479748228007,1.505000,1.500000,5200,1.510000,200,5.990000,0.085000
1479748229990,1.505000,1.500000,5200,1.510000,200,5.990000,0.085000
1479748232014,1.505000,1.500000,5200,1.510000,200,5.990000,0.085000
1479748233991,1.505000,1.500000,5200,1.510000,200,5.990000,0.085000
1479748236508,1.505000,1.500000,5200,1.510000,200,5.990000,0.085000
1479748238032,1.505000,1.500000,5200,1.510000,200,5.990000,0.085000
1479748240499,1.505000,1.500000,5200,1.510000,200,5.990000,0.085000
1479748242514,1.505000,1.500000,5200,1.510000,200,5.990000,0.085000
1479748244512,1.505000,1.500000,5200,1.510000,200,5.990000,0.085000
1479748246585,1.508500,1.500000,5200,1.510000,200,6.230000,0.088500
1479748248515,1.508500,1.500000,5200,1.510000,200,6.230000,0.088500
1479748250514,1.505000,1.500000,5200,1.510000,100,5.990000,0.085000
1479748252516,1.505000,1.500000,5200,1.510000,100,5.990000,0.085000
1479748254507,1.505000,1.500000,5200,1.510000,100,5.990000,0.085000
1479748256511,1.505000,1.500000,5200,1.510000,100,5.990000,0.085000
1479748258512,1.505000,1.500000,5200,1.510000,100,5.990000,0.085000
1479748261016,1.505000,1.500000,5200,1.510000,100,5.990000,0.085000
1479748263007,1.505000,1.500000,5200,1.510000,100,5.990000,0.085000
1479748265051,1.505000,1.500000,5200,1.510000,100,5.990000,0.085000
1479748266543,1.505000,1.500000,5200,1.510000,100,5.990000,0.085000
1479748269008,1.505000,1.500000,5200,1.510000,100,5.990000,0.085000
1479748271072,1.505000,1.500000,5200,1.510000,100,5.990000,0.085000
1479748273050,1.505000,1.500000,5200,1.510000,100,5.990000,0.085000
1479748274528,1.505000,1.500000,5200,1.510000,100,5.990000,0.085000
1479748277008,1.505000,1.500000,5200,1.510000,100,5.990000,0.085000
1479748278573,1.505000,1.500000,5200,1.510000,100,5.990000,0.085000
1479748281571,1.505000,1.500000,5200,1.510000,100,5.990000,0.085000
1479748283541,1.505000,1.500000,5200,1.510000,100,5.990000,0.085000
1479748285534,1.505000,1.500000,5200,1.510000,100,5.990000,0.085000
1479748287528,1.505000,1.500000,5200,1.510000,100,5.990000,0.085000
1479748289532,1.505000,1.500000,5200,1.510000,100,5.990000,0.085000
1479748291586,1.505000,1.500000,5200,1.510000,100,5.990000,0.085000
1479748293550,1.509300,1.500000,5200,1.510000,100,6.290000,0.089300
1479748295602,1.509300,1.500000,5200,1.510000,100,6.290000,0.089300
1479748297551,1.509300,1.500000,5200,1.510000,100,6.290000,0.089300
1479748299526,1.509300,1.500000,5200,1.510000,100,6.290000,0.089300
1479748302041,1.509300,1.500000,5200,1.510000,100,6.290000,0.089300
1479748304048,1.509300,1.500000,5200,1.510000,100,6.290000,0.089300
1479748306049,1.509300,1.500000,5200,1.510000,100,6.290000,0.089300
1479748308070,1.509300,1.500000,5200,1.510000,100,6.290000,0.089300
1479748310090,1.509300,1.500000,5200,1.510000,100,6.290000,0.089300
1479748312058,1.509300,1.500000,5200,1.510000,100,6.290000,0.089300
1479748314062,1.509300,1.500000,5200,1.510000,100,6.290000,0.089300
1479748316058,1.509300,1.500000,5200,1.510000,100,6.290000,0.089300
1479748318063,1.509300,1.500000,5200,1.510000,100,6.290000,0.089300
1479748320548,1.509300,1.500000,5200,1.510000,100,6.290000,0.089300
1479748322560,1.509300,1.500000,5200,1.510000,100,6.290000,0.089300
1479748324549,1.509300,1.500000,5200,1.510000,100,6.290000,0.089300
1479748326540,1.509300,1.500000,5200,1.510000,100,6.290000,0.089300
1479748328561,1.509300,1.500000,5200,1.510000,100,6.290000,0.089300
1479748330562,1.509300,1.500000,5200,1.510000,100,6.290000,0.089300
1479748332609,1.509300,1.500000,5200,1.510000,100,6.290000,0.089300
1479748333557,1.509300,1.500000,5200,1.510000,100,6.290000,0.089300
1479748336577,1.509300,1.500000,5200,1.510000,100,6.290000,0.089300
1479748338041,1.509300,1.500000,5200,1.510000,100,6.290000,0.089300
1479748340737,1.509300,1.500000,5200,1.510000,100,6.290000,0.089300
1479748342908,1.509300,1.500000,5200,1.510000,100,6.290000,0.089300
1479748344908,1.509300,1.500000,5200,1.510000,100,6.290000,0.089300
1479748346397,1.509300,1.500000,5200,1.510000,100,6.290000,0.089300
1479748348905,1.509300,1.500000,5200,1.510000,100,6.290000,0.089300
1479748351417,1.509300,1.500000,5200,1.510000,100,6.290000,0.089300
1479748353423,1.509300,1.500000,5200,1.510000,100,6.290000,0.089300
1479748355415,1.509300,1.500000,5200,1.510000,100,6.290000,0.089300
1479748356910,1.509300,1.500000,5200,1.510000,100,6.290000,0.089300
1479748359410,1.509300,1.500000,5200,1.510000,100,6.290000,0.089300
1479748361405,1.509300,1.500000,5200,1.510000,100,6.290000,0.089300
1479748363414,1.509300,1.500000,5200,1.510000,100,6.290000,0.089300
1479748365435,1.509300,1.500000,5200,1.510000,100,6.290000,0.089300
1479748367435,1.509300,1.500000,5200,1.510000,100,6.290000,0.089300
1479748369429,1.509300,1.500000,5200,1.510000,100,6.290000,0.089300
1479748371927,1.509300,1.500000,5200,1.510000,100,6.290000,0.089300
1479748373942,1.509300,1.500000,5200,1.510000,100,6.290000,0.089300
1479748375409,1.509300,1.500000,5200,1.510000,100,6.290000,0.089300
1479748377922,1.509300,1.500000,5200,1.510000,100,6.290000,0.089300
1479748379964,1.509300,1.500000,5200,1.510000,100,6.290000,0.089300
1479748381460,1.509300,1.500000,5200,1.510000,100,6.290000,0.089300
1479748383956,1.509300,1.500000,5200,1.510000,100,6.290000,0.089300
1479748385925,1.509300,1.500000,5200,1.510000,100,6.290000,0.089300
1479748387927,1.509300,1.500000,5200,1.510000,100,6.290000,0.089300
1479748389949,1.509300,1.500000,5200,1.510000,100,6.290000,0.089300
1479748391914,1.509300,1.500000,5200,1.510000,100,6.290000,0.089300
1479748393958,1.509300,1.500000,5200,1.510000,100,6.290000,0.089300
1479748396427,1.509300,1.500000,5200,1.510000,100,6.290000,0.089300
1479748398419,1.509300,1.500000,5200,1.510000,100,6.290000,0.089300
1479748400421,1.509300,1.500000,5200,1.510000,100,6.290000,0.089300
1479748402447,1.509300,1.500000,5200,1.510000,100,6.290000,0.089300
1479748404414,1.509300,1.500000,5200,1.510000,100,6.290000,0.089300
1479748406419,1.509300,1.500000,5200,1.510000,100,6.290000,0.089300
1479748408445,1.509300,1.500000,5200,1.510000,100,6.290000,0.089300
1479748410424,1.509300,1.500000,5200,1.510000,100,6.290000,0.089300
1479748412477,1.509300,1.500000,5200,1.510000,100,6.290000,0.089300
1479748414448,1.509300,1.500000,5200,1.510000,100,6.290000,0.089300
1479748416465,1.509300,1.500000,5200,1.510000,100,6.290000,0.089300
1479748418925,1.509300,1.500000,5200,1.510000,100,6.290000,0.089300
1479748420953,1.509300,1.500000,5200,1.510000,100,6.290000,0.089300
1479748422976,1.509300,1.500000,5200,1.510000,100,6.290000,0.089300
1479748425000,1.509300,1.500000,5200,1.510000,100,6.290000,0.089300
1479748426977,1.509300,1.500000,5200,1.510000,100,6.290000,0.089300
1479748428968,1.509300,1.500000,5200,1.510000,100,6.290000,0.089300
1479748430989,1.509300,1.500000,5200,1.510000,100,6.290000,0.089300
1479748432945,1.509300,1.500000,5200,1.510000,100,6.290000,0.089300
1479748434944,1.509300,1.500000,5200,1.510000,100,6.290000,0.089300
1479748436962,1.509300,1.500000,5200,1.510000,100,6.290000,0.089300
1479748438955,1.509300,1.500000,5200,1.510000,100,6.290000,0.089300
1479748441472,1.509300,1.500000,5200,1.510000,100,6.290000,0.089300
1479748443454,1.509300,1.500000,5200,1.510000,100,6.290000,0.089300
1479748445522,1.509300,1.500000,5200,1.510000,100,6.290000,0.089300
1479748447453,1.505000,1.500000,5200,1.510000,100,5.990000,0.085000
1479748449451,1.505000,1.500000,5200,1.510000,100,5.990000,0.085000
1479748450986,1.505000,1.500000,5200,1.510000,100,5.990000,0.085000
1479748453491,1.505000,1.500000,5200,1.510000,100,5.990000,0.085000
1479748455464,1.505000,1.500000,5200,1.510000,100,5.990000,0.085000
1479748457462,1.505000,1.500000,5200,1.510000,100,5.990000,0.085000
1479748459496,1.505000,1.500000,5200,1.510000,100,5.990000,0.085000
1479748461471,1.505000,1.500000,5200,1.510000,100,5.990000,0.085000
1479748463500,1.505000,1.500000,5200,1.510000,100,5.990000,0.085000
1479748465998,1.505000,1.500000,5200,1.510000,100,5.990000,0.085000
1479748467977,1.505000,1.500000,5200,1.510000,100,5.990000,0.085000
1479748469964,1.505000,1.500000,5200,1.510000,100,5.990000,0.085000
1479748471977,1.505000,1.500000,5200,1.510000,100,5.990000,0.085000
1479748473948,1.505000,1.500000,5200,1.510000,100,5.990000,0.085000
1479748475977,1.505000,1.500000,5200,1.510000,100,5.990000,0.085000
1479748477983,1.505000,1.500000,5200,1.510000,100,5.990000,0.085000
1479748479484,1.505000,1.500000,5200,1.510000,100,5.990000,0.085000
1479748481478,1.505000,1.500000,5200,1.510000,100,5.990000,0.085000
1479748483987,1.505000,1.500000,5200,1.510000,100,5.990000,0.085000
1479748485965,1.505000,1.500000,5200,1.510000,100,5.990000,0.085000
1479748488465,1.500000,1.500000,5200,1.510000,100,5.630000,0.080000
1479748490476,1.500000,1.500000,5200,1.510000,100,5.630000,0.080000
1479748492454,1.500000,1.500000,5200,1.510000,100,5.630000,0.080000
1479748494475,1.500000,1.500000,5200,1.510000,100,5.630000,0.080000
1479748496510,1.500000,1.500000,5200,1.510000,100,5.630000,0.080000
1479748498488,1.500000,1.500000,5200,1.510000,100,5.630000,0.080000
1479748500506,1.500000,1.500000,5200,1.510000,100,5.630000,0.080000
1479748502481,1.500000,1.500000,5200,1.510000,100,5.630000,0.080000
1479748504507,1.500000,1.500000,5200,1.510000,100,5.630000,0.080000
1479748506487,1.500000,1.500000,5200,1.510000,100,5.630000,0.080000
1479748509000,1.500000,1.500000,5200,1.510000,100,5.630000,0.080000
1479748510998,1.500000,1.500000,5200,1.510000,100,5.630000,0.080000
1479748512000,1.500000,1.500000,5200,1.510000,100,5.630000,0.080000
1479748514998,1.500000,1.500000,5200,1.510000,100,5.630000,0.080000
1479748517026,1.500000,1.500000,5200,1.510000,100,5.630000,0.080000
1479748518999,1.500000,1.500000,5200,1.510000,100,5.630000,0.080000
1479748520999,1.500000,1.500000,5200,1.510000,100,5.630000,0.080000
1479748523020,1.500000,1.500000,5200,1.510000,100,5.630000,0.080000
1479748525044,1.500000,1.500000,5200,1.510000,100,5.630000,0.080000
1479748526521,1.500000,1.500000,5200,1.510000,100,5.630000,0.080000
1479748529018,1.500000,1.500000,5200,1.510000,100,5.630000,0.080000
1479748531480,1.500000,1.500000,5200,1.510000,100,5.630000,0.080000
1479748533502,1.500000,1.500000,5200,1.510000,100,5.630000,0.080000
1479748535506,1.500000,1.500000,5200,1.510000,100,5.630000,0.080000
1479748537534,1.500000,1.500000,5200,1.510000,100,5.630000,0.080000
1479748539048,1.500000,1.500000,5200,1.510000,100,5.630000,0.080000
1479748541517,1.500000,1.500000,5200,1.510000,100,5.630000,0.080000
1479748543494,1.500000,1.500000,5200,1.510000,100,5.630000,0.080000
1479748545520,1.500000,1.500000,5200,1.510000,100,5.630000,0.080000
1479748547518,1.500000,1.500000,5200,1.510000,100,5.630000,0.080000
1479748549028,1.500000,1.500000,5200,1.510000,100,5.630000,0.080000
1479748551526,1.500000,1.500000,5200,1.510000,100,5.630000,0.080000
1479748553639,1.500000,1.500000,5200,1.510000,100,5.630000,0.080000
1479748555562,1.500000,1.500000,5200,1.510000,100,5.630000,0.080000
1479748558030,1.500000,1.500000,5200,1.510000,100,5.630000,0.080000
1479748559524,1.500000,1.500000,5200,1.510000,100,5.630000,0.080000
1479748562051,1.500000,1.500000,5200,1.510000,100,5.630000,0.080000
1479748563524,1.500000,1.500000,5200,1.510000,100,5.630000,0.080000
1479748566040,1.500000,1.500000,5200,1.510000,100,5.630000,0.080000
1479748568031,1.500000,1.500000,5200,1.510000,100,5.630000,0.080000
1479748570016,1.500000,1.500000,5200,1.510000,100,5.630000,0.080000
1479748572049,1.500000,1.500000,5200,1.510000,100,5.630000,0.080000
1479748574028,1.500000,1.500000,5200,1.510000,100,5.630000,0.080000
1479748576532,1.500000,1.500000,5200,1.510000,100,5.630000,0.080000
1479748578030,1.500000,1.500000,5200,1.510000,100,5.630000,0.080000
1479748580522,1.500000,1.500000,5200,1.510000,100,5.630000,0.080000
1479748582558,1.500000,1.500000,5200,1.510000,100,5.630000,0.080000
1479748584554,1.500700,1.500000,5200,1.510000,100,5.680000,0.080700
1479748586566,1.500700,1.500000,5200,1.510000,100,5.680000,0.080700
1479748588551,1.500700,1.500000,5200,1.510000,100,5.680000,0.080700
1479748590533,1.500700,1.500000,5200,1.510000,100,5.680000,0.080700
1479748592555,1.500700,1.500000,5200,1.510000,100,5.680000,0.080700
1479748594603,1.500700,1.500000,5200,1.510000,100,5.680000,0.080700
1479748597064,1.510000,1.500000,5200,1.510000,100,6.340000,0.090000
1479748599105,1.505000,1.500000,5200,1.510000,100,5.990000,0.085000
1479748601056,1.505000,1.500000,5200,1.510000,100,5.990000,0.085000
1479748603059,1.500000,1.500000,5200,1.510000,100,5.630000,0.080000
1479748604551,1.505000,1.500000,5200,1.510000,100,5.990000,0.085000
1479748607061,1.505000,1.500000,5200,1.510000,100,5.990000,0.085000
1479748609067,1.505000,1.500000,5200,1.510000,100,5.990000,0.085000
1479748611066,1.500000,1.500000,5200,1.510000,100,5.630000,0.080000
1479748612613,1.500000,1.500000,5200,1.510000,100,5.630000,0.080000
1479748615393,1.500000,1.500000,5200,1.510000,100,5.630000,0.080000
1479748617398,1.500000,1.500000,5200,1.510000,100,5.630000,0.080000
1479748618906,1.500000,1.500000,5200,1.510000,100,5.630000,0.080000
1479748621395,1.500000,1.500000,5200,1.510000,100,5.630000,0.080000
1479748623911,1.500000,1.500000,5200,1.510000,100,5.630000,0.080000
1479748625926,1.500000,1.500000,5200,1.510000,100,5.630000,0.080000
1479748627918,1.500000,1.500000,5200,1.510000,100,5.630000,0.080000
1479748629911,1.500000,1.500000,5200,1.510000,100,5.630000,0.080000
1479748631903,1.500000,1.500000,5200,1.510000,100,5.630000,0.080000
1479748633909,1.500000,1.500000,5200,1.510000,100,5.630000,0.080000
1479748635911,1.500000,1.500000,5200,1.510000,100,5.630000,0.080000
1479748637407,1.500000,1.500000,5200,1.510000,100,5.630000,0.080000
1479748639408,1.500000,1.500000,5200,1.510000,100,5.630000,0.080000
1479748641922,1.500000,1.500000,5200,1.510000,100,5.630000,0.080000
1479748644416,1.500000,1.500000,5200,1.510000,100,5.630000,0.080000
1479748646446,1.500000,1.500000,5200,1.510000,100,5.630000,0.080000
1479748647929,1.500000,1.500000,5200,1.510000,100,5.630000,0.080000
1479748649931,1.500000,1.500000,5200,1.510000,100,5.630000,0.080000
1479748652410,1.500000,1.500000,5200,1.510000,100,5.630000,0.080000
1479748654453,1.500000,1.500000,5200,1.510000,100,5.630000,0.080000
1479748655935,1.500000,1.500000,5200,1.510000,100,5.630000,0.080000
1479748658446,1.500000,1.500000,5200,1.510000,100,5.630000,0.080000
1479748660435,1.500000,1.500000,5200,1.510000,100,5.630000,0.080000
1479748662921,1.500000,1.500000,5200,1.510000,100,5.630000,0.080000
1479748664921,1.500000,1.500000,5200,1.510000,100,5.630000,0.080000
1479748666946,1.500000,1.500000,5200,1.510000,100,5.630000,0.080000
1479748668948,1.500000,1.500000,5200,1.510000,100,5.630000,0.080000
1479748670929,1.500000,1.500000,5200,1.510000,100,5.630000,0.080000
1479748672947,1.500000,1.500000,5200,1.510000,100,5.630000,0.080000
1479748674931,1.500000,1.500000,5200,1.510000,100,5.630000,0.080000
1479748676944,1.500000,1.500000,5200,1.510000,100,5.630000,0.080000
1479748679431,1.500000,1.500000,5200,1.510000,100,5.630000,0.080000
1479748680943,1.500000,1.500000,5200,1.510000,100,5.630000,0.080000
1479748683445,1.509300,1.500000,5200,1.510000,100,6.290000,0.089300
1479748685424,1.509300,1.500000,5200,1.510000,100,6.290000,0.089300
1479748687453,1.509700,1.500000,5200,1.510000,100,6.320000,0.089700
1479748689480,1.505000,1.500000,5200,1.510000,100,5.990000,0.085000
1479748691434,1.505000,1.500000,5200,1.510000,100,5.990000,0.085000
1479748693451,1.505000,1.500000,5200,1.510000,100,5.990000,0.085000
1479748695417,1.505000,1.500000,5200,1.510000,100,5.990000,0.085000
1479748697483,1.505000,1.500000,5200,1.510000,100,5.990000,0.085000
1479748699458,1.505000,1.500000,5200,1.510000,100,5.990000,0.085000
1479748701440,1.505000,1.500000,5200,1.510000,100,5.990000,0.085000
1479748703991,1.505000,1.500000,5200,1.510000,100,5.990000,0.085000
1479748705949,1.505000,1.500000,5200,1.510000,100,5.990000,0.085000
1479748707959,1.505000,1.500000,5200,1.510000,100,5.990000,0.085000
1479748709944,1.505000,1.500000,5200,1.510000,100,5.990000,0.085000
1479748712025,1.505000,1.500000,5200,1.510000,100,5.990000,0.085000
1479748713944,1.510000,1.500000,5200,1.510000,100,6.340000,0.090000
1479748715983,1.510000,1.500000,5200,1.510000,100,6.340000,0.090000
1479748717955,1.510000,1.500000,5200,1.510000,100,6.340000,0.090000
1479748719965,1.510000,1.500000,5200,1.510000,100,6.340000,0.090000
1479748721973,1.510000,1.500000,5200,1.510000,100,6.340000,0.090000
1479748723984,1.510000,1.500000,5200,1.510000,100,6.340000,0.090000
1479748725979,1.510000,1.500000,5200,1.510000,100,6.340000,0.090000
1479748728448,1.510000,1.500000,5200,1.510000,100,6.340000,0.090000
1479748730458,1.510000,1.500000,5200,1.510000,100,6.340000,0.090000
1479748732454,1.510000,1.500000,5200,1.510000,100,6.340000,0.090000
1479748734473,1.510000,1.500000,5200,1.510000,100,6.340000,0.090000
1479748736455,1.510000,1.500000,5200,1.510000,100,6.340000,0.090000
1479748738468,1.507700,1.500000,5200,1.510000,100,6.180000,0.087700
1479748740996,1.507700,1.500000,5200,1.510000,100,6.180000,0.087700
1479748742457,1.507700,1.500000,5200,1.510000,100,6.180000,0.087700
1479748744963,1.507700,1.500000,5200,1.510000,100,6.180000,0.087700
1479748746984,1.507700,1.500000,5200,1.510000,100,6.180000,0.087700
1479748748954,1.507700,1.500000,5200,1.510000,100,6.180000,0.087700
1479748750978,1.507700,1.500000,5200,1.510000,100,6.180000,0.087700
1479748752955,1.507700,1.500000,5200,1.510000,100,6.180000,0.087700
1479748755039,1.507700,1.500000,5200,1.510000,100,6.180000,0.087700
1479748756992,1.507700,1.500000,5200,1.510000,100,6.180000,0.087700
1479748758985,1.507700,1.500000,5200,1.510000,100,6.180000,0.087700
1479748761502,1.504000,1.500000,5200,1.520000,2200,5.920000,0.084000
1479748763477,1.510000,1.500000,5200,1.520000,2200,6.340000,0.090000
1479748765467,1.510000,1.500000,5200,1.520000,2200,6.340000,0.090000
1479748767472,1.510000,1.500000,5200,1.520000,2200,6.340000,0.090000
1479748768995,1.510000,1.500000,5200,1.520000,2200,6.340000,0.090000
1479748771499,1.510000,1.500000,5200,1.520000,2200,6.340000,0.090000
1479748773509,1.510000,1.500000,5200,1.520000,2200,6.340000,0.090000
1479748775468,1.510000,1.500000,5200,1.520000,2200,6.340000,0.090000
1479748777493,1.510000,1.500000,5200,1.520000,2200,6.340000,0.090000
1479748779988,1.510000,1.500000,5200,1.520000,2200,6.340000,0.090000
1479748781988,1.510000,1.500000,5200,1.520000,2200,6.340000,0.090000
1479748783508,1.510000,1.500000,5200,1.520000,2200,6.340000,0.090000
1479748785993,1.510000,1.500000,5200,1.520000,2200,6.340000,0.090000
1479748788013,1.510000,1.500000,5200,1.520000,2200,6.340000,0.090000
1479748789988,1.510000,1.500000,5200,1.520000,2200,6.340000,0.090000
1479748791999,1.510000,1.500000,5200,1.520000,2200,6.340000,0.090000
1479748794023,1.510000,1.500000,5200,1.520000,2200,6.340000,0.090000
1479748795512,1.510000,1.500000,5200,1.520000,2200,6.340000,0.090000
1479748798483,1.510000,1.500000,5200,1.520000,2200,6.340000,0.090000
1479748800503,1.510000,1.500000,5200,1.520000,2200,6.340000,0.090000
1479748802514,1.510000,1.500000,5200,1.520000,2200,6.340000,0.090000
1479748804511,1.510000,1.500000,5200,1.520000,2200,6.340000,0.090000
1479748806502,1.510000,1.500000,5200,1.520000,2200,6.340000,0.090000
1479748808516,1.510000,1.500000,5200,1.520000,2200,6.340000,0.090000
1479748810533,1.510000,1.500000,5200,1.520000,2200,6.340000,0.090000
1479748812039,1.510000,1.500000,5200,1.520000,2200,6.340000,0.090000
1479748814503,1.510000,1.500000,5200,1.520000,2200,6.340000,0.090000
1479748816514,1.510000,1.500000,5200,1.520000,2200,6.340000,0.090000
1479748818506,1.510000,1.500000,5200,1.520000,2200,6.340000,0.090000
1479748821011,1.510000,1.500000,5200,1.520000,2200,6.340000,0.090000
1479748823067,1.510000,1.500000,5200,1.520000,2200,6.340000,0.090000
1479748824525,1.510000,1.500000,5200,1.520000,2200,6.340000,0.090000
1479748827036,1.510000,1.500000,5200,1.520000,2200,6.340000,0.090000
1479748829026,1.510000,1.500000,5200,1.520000,2200,6.340000,0.090000
1479748831012,1.510000,1.500000,5200,1.520000,2200,6.340000,0.090000
1479748833032,1.510000,1.500000,5200,1.520000,2200,6.340000,0.090000
1479748835039,1.510000,1.500000,5200,1.520000,2200,6.340000,0.090000
1479748837534,1.510000,1.500000,5200,1.520000,2200,6.340000,0.090000
1479748839042,1.510000,1.500000,5200,1.520000,2200,6.340000,0.090000
1479748841544,1.510000,1.500000,5200,1.520000,2200,6.340000,0.090000
1479748843535,1.510000,1.500000,5200,1.520000,2200,6.340000,0.090000
1479748845544,1.510000,1.500000,5200,1.520000,2200,6.340000,0.090000
1479748847529,1.510000,1.500000,5200,1.520000,2200,6.340000,0.090000
1479748849550,1.510000,1.500000,5200,1.520000,2200,6.340000,0.090000
1479748851549,1.510000,1.500000,5200,1.520000,2200,6.340000,0.090000
1479748853556,1.510000,1.500000,5200,1.520000,2200,6.340000,0.090000
1479748855054,1.510000,1.500000,5200,1.520000,2200,6.340000,0.090000
1479748858042,1.510000,1.500000,5200,1.520000,2200,6.340000,0.090000
1479748860017,1.510000,1.500000,5200,1.520000,2200,6.340000,0.090000
1479748862051,1.510000,1.500000,5200,1.520000,2200,6.340000,0.090000
1479748864059,1.510000,1.500000,5200,1.520000,2200,6.340000,0.090000
1479748865555,1.510000,1.500000,5200,1.520000,2200,6.340000,0.090000
1479748868059,1.510000,1.500000,5200,1.520000,2200,6.340000,0.090000
1479748869537,1.510000,1.500000,5200,1.520000,2200,6.340000,0.090000
1479748872038,1.510000,1.500000,5200,1.520000,2200,6.340000,0.090000
1479748874551,1.510000,1.500000,5200,1.520000,2200,6.340000,0.090000
1479748876530,1.510000,1.500000,5200,1.520000,2200,6.340000,0.090000
1479748878550,1.510000,1.500000,5200,1.520000,2200,6.340000,0.090000
1479748880553,1.510000,1.500000,5200,1.520000,2200,6.340000,0.090000
1479748882529,1.510000,1.500000,5200,1.520000,2200,6.340000,0.090000
1479748884578,1.510000,1.500000,5200,1.520000,2200,6.340000,0.090000
1479748886090,1.510000,1.500000,5200,1.520000,2200,6.340000,0.090000
1479748888560,1.510000,1.500000,5200,1.520000,2200,6.340000,0.090000
1479748890547,1.510000,1.500000,5200,1.520000,2200,6.340000,0.090000
1479748892116,1.510000,1.500000,5200,1.520000,2200,6.340000,0.090000
1479748894909,1.510000,1.500000,5200,1.520000,2200,6.340000,0.090000
1479748896894,1.510000,1.500000,5200,1.520000,2200,6.340000,0.090000
1479748898933,1.510000,1.500000,5200,1.520000,2200,6.340000,0.090000
1479748900895,1.510000,1.500000,5200,1.520000,2200,6.340000,0.090000
1479748902931,1.510000,1.500000,5200,1.520000,2200,6.340000,0.090000
1479748905438,1.510000,1.500000,5200,1.520000,2200,6.340000,0.090000
1479748907396,1.510000,1.500000,5200,1.520000,2200,6.340000,0.090000
1479748909408,1.510000,1.500000,5200,1.520000,2200,6.340000,0.090000
1479748911392,1.510000,1.500000,5200,1.520000,2200,6.340000,0.090000
1479748913464,1.510000,1.500000,5200,1.520000,2200,6.340000,0.090000
1479748915443,1.510000,1.500000,5200,1.520000,2200,6.340000,0.090000
1479748917405,1.510000,1.500000,5200,1.520000,2200,6.340000,0.090000
1479748919403,1.510000,1.500000,5200,1.520000,2200,6.340000,0.090000
1479748921418,1.510000,1.500000,5200,1.520000,2200,6.340000,0.090000
1479748923935,1.510000,1.500000,5200,1.520000,2200,6.340000,0.090000
1479748925950,1.510000,1.500000,5200,1.520000,2200,6.340000,0.090000
1479748927947,1.510000,1.500000,5200,1.520000,2200,6.340000,0.090000
1479748929410,1.510000,1.500000,5200,1.520000,2200,6.340000,0.090000
1479748931969,1.510000,1.500000,5200,1.520000,2200,6.340000,0.090000
1479748933924,1.510000,1.500000,5200,1.520000,2200,6.340000,0.090000
1479748935968,1.510000,1.500000,5200,1.520000,2200,6.340000,0.090000
1479748937922,1.510000,1.500000,5200,1.520000,2200,6.340000,0.090000
1479748939923,1.510000,1.500000,5200,1.520000,2200,6.340000,0.090000
1479748941966,1.510000,1.500000,5200,1.520000,2200,6.340000,0.090000
1479748943945,1.510000,1.500000,5200,1.520000,2200,6.340000,0.090000
1479748946430,1.510000,1.500000,5200,1.520000,2200,6.340000,0.090000
1479748948438,1.510000,1.500000,5200,1.520000,2200,6.340000,0.090000
1479748950438,1.510000,1.500000,5200,1.520000,2200,6.340000,0.090000
1479748952443,1.510000,1.500000,5200,1.520000,2200,6.340000,0.090000
1479748953975,1.510000,1.500000,5200,1.520000,2200,6.340000,0.090000
1479748956469,1.510000,1.500000,5200,1.520000,2200,6.340000,0.090000
1479748958451,1.510000,1.500000,5200,1.520000,2200,6.340000,0.090000
1479748960436,1.510000,1.500000,5200,1.520000,2200,6.340000,0.090000
1479748961914,1.510000,1.500000,5200,1.520000,2200,6.340000,0.090000
1479748964470,1.510000,1.500000,5200,1.520000,2200,6.340000,0.090000
1479748966437,1.510000,1.500000,5200,1.520000,2200,6.340000,0.090000
1479748968456,1.510000,1.500000,5200,1.520000,2200,6.340000,0.090000
1479748970464,1.510000,1.500000,5200,1.520000,2200,6.340000,0.090000
1479748972932,1.510000,1.500000,5200,1.520000,2200,6.340000,0.090000
1479748974959,1.510000,1.500000,5200,1.520000,2200,6.340000,0.090000
1479748976938,1.510000,1.500000,5200,1.520000,2100,6.340000,0.090000
1479748978965,1.510000,1.500000,5200,1.520000,2100,6.340000,0.090000
1479748980971,1.510000,1.500000,5200,1.520000,2100,6.340000,0.090000
1479748982947,1.510000,1.500000,5200,1.520000,2100,6.340000,0.090000
1479748984971,1.510000,1.500000,5200,1.520000,2100,6.340000,0.090000
1479748987479,1.510000,1.500000,5200,1.520000,2100,6.340000,0.090000
1479748989459,1.510000,1.500000,5200,1.520000,2100,6.340000,0.090000
1479748991468,1.510000,1.500000,5200,1.520000,2100,6.340000,0.090000
1479748992937,1.510000,1.500000,5200,1.520000,2100,6.340000,0.090000
1479748995464,1.510000,1.500000,5200,1.520000,2100,6.340000,0.090000
1479748996951,1.510000,1.500000,5200,1.520000,2100,6.340000,0.090000
1479748999503,1.510000,1.500000,5200,1.520000,2100,6.340000,0.090000
1479749001507,1.510000,1.500000,5200,1.520000,2100,6.340000,0.090000
1479749003469,1.510000,1.500000,5200,1.520000,2100,6.340000,0.090000
1479749005437,1.510000,1.500000,5200,1.520000,2100,6.340000,0.090000
1479749007991,1.510000,1.500000,5200,1.520000,2100,6.340000,0.090000
1479749009977,1.510000,1.500000,5200,1.520000,2100,6.340000,0.090000
1479749012022,1.510000,1.500000,5200,1.520000,2100,6.340000,0.090000
1479749013986,1.510000,1.500000,5200,1.520000,2100,6.340000,0.090000
1479749015974,1.510000,1.500000,5200,1.520000,2100,6.340000,0.090000
1479749017978,1.510000,1.500000,5200,1.520000,2100,6.340000,0.090000
1479749019988,1.510000,1.500000,5200,1.520000,2100,6.340000,0.090000
1479749021985,1.510000,1.500000,5200,1.520000,2100,6.340000,0.090000
1479749024459,1.510000,1.500000,5200,1.520000,2100,6.340000,0.090000
1479749026453,1.510000,1.500000,5200,1.520000,2100,6.340000,0.090000
1479749028000,1.510000,1.500000,5200,1.520000,2100,6.340000,0.090000
1479749030505,1.510000,1.500000,5200,1.520000,2100,6.340000,0.090000
1479749032493,1.510000,1.500000,5200,1.520000,2100,6.340000,0.090000
1479749034485,1.510000,1.500000,5200,1.520000,2100,6.340000,0.090000
1479749036502,1.510000,1.500000,5200,1.520000,2100,6.340000,0.090000
1479749038496,1.510000,1.500000,5200,1.520000,2100,6.340000,0.090000
1479749040498,1.510000,1.500000,5200,1.520000,2100,6.340000,0.090000
1479749042476,1.510000,1.500000,5200,1.520000,2100,6.340000,0.090000
1479749044522,1.510000,1.500000,5200,1.520000,2100,6.340000,0.090000
1479749046496,1.510000,1.500000,5200,1.520000,2100,6.340000,0.090000
1479749049030,1.510000,1.500000,5200,1.520000,2100,6.340000,0.090000
1479749050476,1.510000,1.500000,5200,1.520000,2100,6.340000,0.090000
1479749053017,1.510000,1.500000,5200,1.520000,2100,6.340000,0.090000
1479749054464,1.510000,1.500000,5200,1.520000,2100,6.340000,0.090000
1479749057000,1.510000,1.500000,5200,1.520000,2100,6.340000,0.090000
1479749059002,1.510000,1.500000,5200,1.520000,2100,6.340000,0.090000
1479749060521,1.510000,1.500000,5200,1.520000,2100,6.340000,0.090000
1479749062501,1.510000,1.500000,5200,1.520000,2100,6.340000,0.090000
1479749065516,1.510000,1.500000,5200,1.520000,2100,6.340000,0.090000
1479749067479,1.510000,1.500000,5200,1.520000,2100,6.340000,0.090000
1479749069539,1.510000,1.500000,5200,1.520000,2100,6.340000,0.090000
1479749071454,1.510000,1.500000,5200,1.520000,2100,6.340000,0.090000
1479749073505,1.510000,1.500000,5200,1.520000,2100,6.340000,0.090000
1479749075550,1.510000,1.500000,5200,1.520000,2100,6.340000,0.090000
1479749077495,1.510000,1.500000,5200,1.520000,2100,6.340000,0.090000
1479749079493,1.510000,1.500000,5200,1.520000,2100,6.340000,0.090000
1479749081514,1.510000,1.500000,5200,1.520000,2100,6.340000,0.090000
1479749083027,1.510000,1.500000,5200,1.520000,2100,6.340000,0.090000
1479749085499,1.510000,1.500000,5200,1.520000,2100,6.340000,0.090000
1479749088029,1.510000,1.500000,5200,1.520000,2100,6.340000,0.090000
1479749090032,1.510000,1.500000,5200,1.520000,2100,6.340000,0.090000
1479749092010,1.510000,1.500000,5200,1.520000,2100,6.340000,0.090000
1479749094024,1.510000,1.500000,5200,1.520000,2100,6.340000,0.090000
1479749096017,1.510000,1.500000,5200,1.520000,2100,6.340000,0.090000
1479749098038,1.510000,1.500000,5200,1.520000,2100,6.340000,0.090000
1479749099991,1.510000,1.500000,5200,1.520000,2100,6.340000,0.090000
1479749102009,1.510000,1.500000,5200,1.520000,2100,6.340000,0.090000
1479749104053,1.510000,1.500000,5200,1.520000,2100,6.340000,0.090000
1479749106032,1.510000,1.500000,5200,1.520000,2100,6.340000,0.090000
1479749108529,1.510000,1.500000,5200,1.520000,2100,6.340000,0.090000
1479749110529,1.510000,1.500000,5200,1.520000,2100,6.340000,0.090000
1479749112533,1.510000,1.500000,5200,1.520000,2100,6.340000,0.090000
1479749114535,1.510000,1.500000,5200,1.520000,2100,6.340000,0.090000
1479749116037,1.510000,1.500000,5200,1.520000,2100,6.340000,0.090000
1479749118526,1.510000,1.500000,5200,1.520000,2100,6.340000,0.090000
1479749120561,1.510000,1.500000,5200,1.520000,2100,6.340000,0.090000
1479749122555,1.510000,1.500000,5200,1.520000,2100,6.340000,0.090000
1479749124586,1.510000,1.500000,5200,1.520000,2100,6.340000,0.090000
1479749126529,1.510000,1.500000,5200,1.520000,2100,6.340000,0.090000
1479749129034,1.510000,1.500000,5200,1.520000,2100,6.340000,0.090000
1479749130538,1.510000,1.500000,5200,1.520000,2100,6.340000,0.090000
1479749133058,1.510000,1.500000,5200,1.520000,2100,6.340000,0.090000
1479749135037,1.510000,1.500000,5200,1.520000,2100,6.340000,0.090000
1479749137060,1.510000,1.500000,5200,1.520000,2100,6.340000,0.090000
1479749138554,1.510000,1.500000,5200,1.520000,2100,6.340000,0.090000
1479749141042,1.510000,1.500000,5200,1.520000,2100,6.340000,0.090000
1479749143094,1.510000,1.500000,5200,1.520000,2100,6.340000,0.090000
1479749145072,1.510000,1.500000,5200,1.520000,2100,6.340000,0.090000
1479749147619,1.510000,1.500000,5200,1.520000,2100,6.340000,0.090000
1479749149585,1.510000,1.500000,5200,1.520000,2100,6.340000,0.090000
1479749151587,1.510000,1.500000,5200,1.520000,2100,6.340000,0.090000
1479749153589,1.510000,1.500000,5200,1.520000,2100,6.340000,0.090000
1479749155558,1.510000,1.500000,5200,1.520000,2100,6.340000,0.090000
1479749157531,1.510000,1.500000,5200,1.520000,2100,6.340000,0.090000
1479749159565,1.510000,1.500000,5200,1.520000,2100,6.340000,0.090000
1479749161572,1.510000,1.500000,5200,1.520000,2100,6.340000,0.090000
1479749163060,1.510000,1.500000,5200,1.520000,2100,6.340000,0.090000
1479749166073,1.510000,1.500000,5200,1.520000,2100,6.340000,0.090000
1479749168117,1.510000,1.500000,5200,1.520000,2100,6.340000,0.090000
1479749170433,1.510000,1.500000,5200,1.520000,2100,6.340000,0.090000
1479749172415,1.510000,1.500000,5200,1.520000,2100,6.340000,0.090000
1479749174385,1.510000,1.500000,5200,1.520000,2100,6.340000,0.090000
1479749176425,1.510000,1.500000,5200,1.520000,2100,6.340000,0.090000
1479749178400,1.510000,1.500000,5200,1.520000,2100,6.340000,0.090000
1479749179903,1.510000,1.500000,5200,1.520000,2100,6.340000,0.090000
1479749181909,1.510000,1.500000,5200,1.520000,200,6.340000,0.090000
1479749184411,1.510000,1.500000,5200,1.520000,200,6.340000,0.090000
1479749186395,1.510000,1.500000,5200,1.520000,200,6.340000,0.090000
1479749188395,1.510000,1.500000,5200,1.520000,200,6.340000,0.090000
1479749190426,1.510000,1.500000,5200,1.520000,200,6.340000,0.090000
1479749192905,1.510000,1.500000,5200,1.520000,200,6.340000,0.090000
1479749194909,1.510000,1.500000,5200,1.520000,200,6.340000,0.090000
1479749196910,1.510000,1.500000,5200,1.520000,200,6.340000,0.090000
1479749198902,1.510000,1.500000,5200,1.520000,200,6.340000,0.090000
1479749200953,1.510000,1.500000,5200,1.520000,200,6.340000,0.090000
1479749202938,1.510000,1.500000,5200,1.520000,200,6.340000,0.090000
1479749204433,1.510000,1.500000,5200,1.520000,200,6.340000,0.090000
1479749206920,1.510000,1.500000,5200,1.520000,200,6.340000,0.090000
1479749208926,1.510000,1.500000,5200,1.520000,200,6.340000,0.090000
1479749210928,1.510000,1.500000,5200,1.520000,200,6.340000,0.090000
1479749213405,1.510000,1.500000,5200,1.520000,200,6.340000,0.090000
1479749215434,1.510000,1.500000,5200,1.520000,200,6.340000,0.090000
1479749217426,1.510000,1.500000,5200,1.520000,200,6.340000,0.090000
1479749219413,1.510000,1.500000,5200,1.520000,200,6.340000,0.090000
1479749221474,1.510000,1.500000,5200,1.520000,200,6.340000,0.090000
1479749223417,1.510000,1.500000,5200,1.520000,200,6.340000,0.090000
1479749225415,1.510000,1.500000,5200,1.520000,200,6.340000,0.090000
1479749227446,1.510000,1.500000,5200,1.520000,200,6.340000,0.090000
1479749229432,1.510000,1.500000,5200,1.520000,200,6.340000,0.090000
1479749231927,1.510000,1.500000,5200,1.520000,200,6.340000,0.090000
1479749233963,1.510000,1.500000,5200,1.520000,200,6.340000,0.090000
1479749235426,1.510000,1.500000,5200,1.520000,200,6.340000,0.090000
1479749237942,1.510000,1.500000,5200,1.520000,200,6.340000,0.090000
1479749239935,1.510000,1.500000,5200,1.520000,200,6.340000,0.090000
1479749241930,1.510000,1.500000,5200,1.520000,200,6.340000,0.090000
1479749243983,1.510000,1.500000,5200,1.520000,200,6.340000,0.090000
1479749245995,1.510000,1.500000,5200,1.520000,200,6.340000,0.090000
1479749247969,1.510000,1.500000,5200,1.520000,200,6.340000,0.090000
1479749249979,1.500000,1.500000,5200,1.520000,200,5.630000,0.080000
1479749251934,1.500000,1.500000,5200,1.520000,200,5.630000,0.080000
1479749254499,1.500000,1.500000,5200,1.520000,200,5.630000,0.080000
1479749256482,1.500000,1.500000,5200,1.520000,200,5.630000,0.080000
1479749258511,1.500000,1.500000,5200,1.520000,200,5.630000,0.080000
1479749260450,1.500000,1.500000,5200,1.520000,200,5.630000,0.080000
1479749262459,1.500000,1.500000,5200,1.520000,200,5.630000,0.080000
1479749264480,1.500000,1.500000,5200,1.520000,200,5.630000,0.080000
1479749266479,1.500000,1.500000,5200,1.520000,200,5.630000,0.080000
1479749267976,1.500000,1.500000,5200,1.520000,200,5.630000,0.080000
1479749270465,1.500000,1.500000,5200,1.520000,200,5.630000,0.080000
1479749272970,1.500000,1.500000,5200,1.520000,200,5.630000,0.080000
1479749274956,1.500000,1.500000,5200,1.520000,200,5.630000,0.080000
1479749276947,1.500000,1.500000,5200,1.520000,200,5.630000,0.080000
1479749278456,1.500000,1.500000,5200,1.520000,200,5.630000,0.080000
1479749280940,1.500000,1.500000,5200,1.520000,200,5.630000,0.080000
1479749282993,1.500000,1.500000,5200,1.520000,200,5.630000,0.080000
1479749284961,1.500000,1.500000,5200,1.520000,200,5.630000,0.080000
1479749286954,1.500000,1.500000,5200,1.520000,200,5.630000,0.080000
1479749288981,1.500000,1.500000,5200,1.520000,200,5.630000,0.080000
1479749290978,1.500000,1.500000,5200,1.520000,200,5.630000,0.080000
1479749293491,1.500000,1.500000,5200,1.520000,200,5.630000,0.080000
1479749295476,1.500000,1.500000,5200,1.520000,200,5.630000,0.080000
1479749297000,1.500000,1.500000,5200,1.520000,200,5.630000,0.080000
1479749299482,1.500000,1.500000,5200,1.520000,200,5.630000,0.080000
1479749301462,1.500000,1.500000,5200,1.520000,200,5.630000,0.080000
1479749303484,1.500000,1.500000,5200,1.520000,200,5.630000,0.080000
1479749305476,1.500000,1.500000,5200,1.520000,200,5.630000,0.080000
1479749307544,1.500000,1.500000,5200,1.520000,200,5.630000,0.080000
1479749309479,1.500000,1.500000,5200,1.520000,200,5.630000,0.080000
1479749311995,1.500000,1.500000,5200,1.520000,200,5.630000,0.080000
1479749313978,1.500000,1.500000,5200,1.520000,200,5.630000,0.080000
1479749315970,1.500000,1.500000,5200,1.520000,200,5.630000,0.080000
1479749318003,1.500000,1.500000,5200,1.520000,200,5.630000,0.080000
1479749320071,1.500000,1.500000,5200,1.520000,200,5.630000,0.080000
1479749321507,1.500000,1.500000,5200,1.520000,200,5.630000,0.080000
1479749323983,1.510000,1.500000,5200,1.520000,200,6.340000,0.090000
1479749326007,1.510000,1.500000,5200,1.520000,200,6.340000,0.090000
1479749328004,1.510000,1.500000,5200,1.520000,200,6.340000,0.090000
1479749329487,1.510000,1.500000,5200,1.520000,200,6.340000,0.090000
1479749332501,1.510000,1.500000,5200,1.520000,200,6.340000,0.090000
1479749334044,1.510000,1.500000,5200,1.520000,200,6.340000,0.090000
1479749336067,1.510000,1.500000,5200,1.520000,200,6.340000,0.090000
1479749338485,1.510000,1.500000,5200,1.520000,200,6.340000,0.090000
1479749340480,1.510000,1.500000,5200,1.520000,200,6.340000,0.090000
1479749342552,1.510000,1.500000,5200,1.520000,200,6.340000,0.090000
1479749344504,1.510000,1.500000,5200,1.520000,200,6.340000,0.090000
1479749346501,1.510000,1.500000,5200,1.520000,200,6.340000,0.090000
1479749348038,1.510000,1.500000,5200,1.510000,400,6.340000,0.090000
1479749350979,1.510000,1.500000,5200,1.510000,400,6.340000,0.090000
1479749352500,1.510000,1.500000,5200,1.510000,400,6.340000,0.090000
1479749355002,1.510000,1.500000,5200,1.510000,400,6.340000,0.090000
1479749356975,1.510000,1.500000,5200,1.510000,400,6.340000,0.090000
1479749359003,1.510000,1.500000,5200,1.510000,400,6.340000,0.090000
1479749361031,1.510000,1.500000,5200,1.510000,400,6.340000,0.090000
1479749363054,1.510000,1.500000,5200,1.510000,400,6.340000,0.090000
1479749365023,1.510000,1.500000,5200,1.510000,400,6.340000,0.090000
1479749367031,1.510000,1.500000,5200,1.510000,400,6.340000,0.090000
1479749368977,1.510000,1.500000,5200,1.510000,400,6.340000,0.090000
1479749371012,1.510000,1.500000,5200,1.510000,400,6.340000,0.090000
1479749372541,1.510000,1.500000,5200,1.510000,400,6.340000,0.090000
1479749375535,1.510000,1.500000,5200,1.510000,400,6.340000,0.090000
1479749377539,1.510000,1.500000,5200,1.510000,400,6.340000,0.090000
1479749379535,1.510000,1.500000,5200,1.510000,400,6.340000,0.090000
1479749381577,1.510000,1.500000,5200,1.510000,400,6.340000,0.090000
1479749383523,1.510000,1.500000,5200,1.510000,400,6.340000,0.090000
1479749385534,1.510000,1.500000,5200,1.510000,400,6.340000,0.090000
1479749387516,1.510000,1.500000,5200,1.510000,400,6.340000,0.090000
1479749389542,1.510000,1.500000,5200,1.510000,400,6.340000,0.090000
1479749391530,1.510000,1.500000,5200,1.510000,400,6.340000,0.090000
1479749393558,1.510000,1.500000,5200,1.510000,400,6.340000,0.090000
1479749395539,1.510000,1.500000,5200,1.510000,400,6.340000,0.090000
1479749398027,1.510000,1.500000,5200,1.510000,400,6.340000,0.090000
1479749400033,1.510000,1.500000,5200,1.510000,400,6.340000,0.090000
1479749402102,1.510000,1.500000,5200,1.510000,400,6.340000,0.090000
1479749404044,1.510000,1.500000,5200,1.510000,200,6.340000,0.090000
1479749406105,1.510000,1.500000,5200,1.510000,200,6.340000,0.090000
1479749407089,1.510000,1.500000,5200,1.510000,200,6.340000,0.090000
1479749410082,1.510000,1.500000,5200,1.510000,200,6.340000,0.090000
1479749412042,1.510000,1.500000,5200,1.510000,200,6.340000,0.090000
1479749414023,1.510000,1.500000,5200,1.510000,200,6.340000,0.090000
1479749416533,1.510000,1.500000,5200,1.510000,200,6.340000,0.090000
1479749418520,1.510000,1.500000,5200,1.510000,200,6.340000,0.090000
1479749420539,1.510000,1.500000,5200,1.510000,200,6.340000,0.090000
1479749422589,1.510000,1.500000,5200,1.510000,200,6.340000,0.090000
1479749424599,1.510000,1.500000,5200,1.510000,200,6.340000,0.090000
1479749426540,1.510000,1.500000,5200,1.510000,200,6.340000,0.090000
1479749428534,1.510000,1.500000,5200,1.510000,200,6.340000,0.090000
1479749430548,1.510000,1.500000,5200,1.510000,200,6.340000,0.090000
1479749432554,1.510000,1.500000,5200,1.510000,200,6.340000,0.090000
1479749434539,1.510000,1.500000,5200,1.510000,200,6.340000,0.090000
1479749436514,1.510000,1.500000,5200,1.510000,200,6.340000,0.090000
1479749439087,1.510000,1.500000,5200,1.510000,200,6.340000,0.090000
1479749441045,1.510000,1.500000,5200,1.510000,200,6.340000,0.090000
1479749443068,1.510000,1.500000,5200,1.510000,200,6.340000,0.090000
1479749445057,1.510000,1.500000,5200,1.510000,200,6.340000,0.090000
1479749447402,1.510000,1.500000,5200,1.510000,200,6.340000,0.090000
1479749449396,1.510000,1.500000,5200,1.510000,200,6.340000,0.090000
1479749451405,1.510000,1.500000,5200,1.510000,200,6.340000,0.090000
1479749453395,1.510000,1.500000,5200,1.510000,200,6.340000,0.090000
1479749455389,1.510000,1.500000,5200,1.510000,200,6.340000,0.090000
1479749457424,1.510000,1.500000,5200,1.510000,200,6.340000,0.090000
1479749459406,1.510000,1.500000,5200,1.510000,200,6.340000,0.090000
1479749461400,1.510000,1.500000,5200,1.510000,200,6.340000,0.090000
1479749462910,1.510000,1.500000,5200,1.510000,200,6.340000,0.090000
1479749465401,1.510000,1.500000,5200,1.510000,200,6.340000,0.090000
1479749466911,1.510000,1.500000,5200,1.510000,200,6.340000,0.090000
1479749469911,1.510000,1.500000,5200,1.510000,200,6.340000,0.090000
1479749471901,1.510000,1.500000,5200,1.510000,200,6.340000,0.090000
1479749473422,1.510000,1.500000,5200,1.510000,200,6.340000,0.090000
1479749475916,1.510000,1.500000,5200,1.510000,200,6.340000,0.090000
1479749477902,1.510000,1.500000,5200,1.510000,200,6.340000,0.090000
1479749479901,1.510000,1.500000,5200,1.510000,200,6.340000,0.090000
1479749482425,1.510000,1.500000,5200,1.510000,200,6.340000,0.090000
1479749484403,1.510000,1.500000,5200,1.510000,200,6.340000,0.090000
1479749486436,1.510000,1.500000,5200,1.510000,200,6.340000,0.090000
1479749488459,1.505400,1.500000,5200,1.510000,200,6.010000,0.085400
1479749490402,1.505400,1.500000,5200,1.510000,200,6.010000,0.085400
1479749492440,1.505400,1.500000,5200,1.510000,200,6.010000,0.085400
1479749494446,1.505400,1.500000,5200,1.510000,200,6.010000,0.085400
1479749496434,1.505400,1.500000,5200,1.510000,200,6.010000,0.085400
1479749498428,1.505400,1.500000,5200,1.510000,200,6.010000,0.085400
1479749500908,1.505400,1.500000,5200,1.510000,200,6.010000,0.085400
1479749502943,1.505400,1.500000,5200,1.510000,200,6.010000,0.085400
1479749504934,1.505400,1.500000,5200,1.510000,200,6.010000,0.085400
1479749506980,1.505400,1.500000,5200,1.510000,200,6.010000,0.085400
1479749508452,1.505400,1.500000,5200,1.510000,200,6.010000,0.085400
1479749510485,1.505400,1.500000,5200,1.510000,200,6.010000,0.085400
1479749512946,1.505400,1.500000,5200,1.510000,200,6.010000,0.085400
1479749514961,1.505400,1.500000,5200,1.510000,200,6.010000,0.085400
1479749516941,1.505400,1.500000,5200,1.510000,200,6.010000,0.085400
1479749519428,1.505400,1.500000,5200,1.510000,200,6.010000,0.085400
1479749520477,1.505400,1.500000,5200,1.510000,200,6.010000,0.085400
1479749523464,1.505400,1.500000,5200,1.510000,200,6.010000,0.085400
1479749525454,1.505400,1.500000,5200,1.510000,200,6.010000,0.085400
1479749527483,1.505400,1.500000,5200,1.510000,200,6.010000,0.085400
1479749529463,1.505400,1.500000,5200,1.510000,200,6.010000,0.085400
1479749531460,1.505400,1.500000,5200,1.510000,200,6.010000,0.085400
1479749533507,1.505400,1.500000,5200,1.510000,200,6.010000,0.085400
1479749535432,1.505400,1.500000,5200,1.510000,200,6.010000,0.085400
1479749537468,1.505400,1.500000,5200,1.510000,200,6.010000,0.085400
1479749539467,1.505400,1.500000,5200,1.510000,200,6.010000,0.085400
1479749541963,1.505400,1.500000,5200,1.510000,200,6.010000,0.085400
1479749543968,1.505400,1.500000,5200,1.510000,200,6.010000,0.085400
1479749545973,1.505400,1.500000,5200,1.510000,200,6.010000,0.085400
1479749547979,1.505400,1.500000,5200,1.510000,200,6.010000,0.085400
1479749549981,1.501400,1.500000,5200,1.510000,200,5.730000,0.081400
1479749551990,1.501400,1.500000,5200,1.510000,200,5.730000,0.081400
1479749553478,1.501400,1.500000,5200,1.510000,200,5.730000,0.081400
1479749555983,1.501400,1.500000,5200,1.510000,200,5.730000,0.081400
1479749557983,1.501400,1.500000,5200,1.510000,200,5.730000,0.081400
1479749559957,1.501400,1.500000,5200,1.510000,200,5.730000,0.081400
1479749562487,1.501400,1.500000,5200,1.510000,200,5.730000,0.081400
1479749564485,1.501400,1.500000,5200,1.510000,200,5.730000,0.081400
1479749566507,1.503300,1.500000,5200,1.510000,200,5.870000,0.083300
1479749568477,1.500000,1.500000,5200,1.510000,200,5.630000,0.080000
1479749570539,1.500000,1.500000,5200,1.510000,200,5.630000,0.080000
1479749572432,1.500000,1.500000,5200,1.510000,200,5.630000,0.080000
1479749574509,1.500000,1.500000,5200,1.510000,200,5.630000,0.080000
1479749576477,1.500000,1.500000,5200,1.510000,200,5.630000,0.080000
1479749578514,1.500000,1.500000,5200,1.510000,200,5.630000,0.080000
1479749580483,1.500000,1.500000,5200,1.510000,200,5.630000,0.080000
1479749582006,1.500000,1.500000,5200,1.510000,200,5.630000,0.080000
1479749584512,1.500000,1.500000,5200,1.510000,200,5.630000,0.080000
1479749587008,1.500000,1.500000,5200,1.510000,200,5.630000,0.080000
1479749589001,1.500000,1.500000,5200,1.510000,200,5.630000,0.080000
1479749590993,1.500000,1.500000,5200,1.510000,200,5.630000,0.080000
1479749592983,1.500000,1.500000,5200,1.510000,200,5.630000,0.080000
1479749595055,1.500000,1.500000,5200,1.510000,200,5.630000,0.080000
1479749596550,1.500000,1.500000,5200,1.510000,200,5.630000,0.080000
1479749599009,1.505000,1.500000,5200,1.510000,100,5.990000,0.085000
1479749601008,1.505000,1.500000,5200,1.510000,100,5.990000,0.085000
1479749602995,1.505000,1.500000,5200,1.510000,100,5.990000,0.085000
1479749604999,1.505000,1.500000,5200,1.510000,100,5.990000,0.085000
1479749607046,1.505000,1.500000,5200,1.510000,100,5.990000,0.085000
1479749607999,1.505000,1.500000,5200,1.510000,100,5.990000,0.085000
1479749611524,1.505000,1.500000,5200,1.510000,100,5.990000,0.085000
1479749613509,1.505000,1.500000,5400,1.510000,100,5.990000,0.085000
1479749615508,1.505000,1.500000,5400,1.510000,100,5.990000,0.085000
1479749617517,1.505000,1.500000,5400,1.510000,100,5.990000,0.085000
1479749619518,1.505000,1.500000,5400,1.510000,100,5.990000,0.085000
1479749621547,1.505000,1.500000,5400,1.510000,100,5.990000,0.085000
1479749623512,1.505000,1.500000,5400,1.510000,100,5.990000,0.085000
1479749625557,1.505000,1.500000,5400,1.510000,100,5.990000,0.085000
1479749627501,1.505000,1.500000,5400,1.510000,100,5.990000,0.085000
1479749629517,1.505000,1.500000,5400,1.510000,100,5.990000,0.085000
1479749632037,1.505000,1.500000,5400,1.510000,100,5.990000,0.085000
1479749634034,1.505000,1.500000,5400,1.510000,100,5.990000,0.085000
1479749636070,1.505000,1.500000,5400,1.510000,100,5.990000,0.085000
1479749638016,1.505000,1.500000,5400,1.510000,100,5.990000,0.085000
1479749640036,1.505000,1.500000,5400,1.510000,100,5.990000,0.085000
1479749642028,1.505000,1.500000,5400,1.510000,100,5.990000,0.085000
1479749644039,1.505000,1.500000,5400,1.510000,100,5.990000,0.085000
1479749646032,1.505000,1.500000,5400,1.510000,100,5.990000,0.085000
1479749647050,1.505000,1.500000,5400,1.510000,100,5.990000,0.085000
1479749649528,1.505000,1.500000,5400,1.510000,100,5.990000,0.085000
1479749652589,1.505000,1.500000,5400,1.510000,100,5.990000,0.085000
1479749654572,1.505000,1.500000,5400,1.510000,100,5.990000,0.085000
1479749656547,1.505000,1.500000,5400,1.510000,100,5.990000,0.085000
1479749658542,1.505000,1.500000,5400,1.510000,100,5.990000,0.085000
1479749659539,1.505000,1.500000,5400,1.510000,100,5.990000,0.085000
1479749662564,1.505000,1.500000,5400,1.510000,100,5.990000,0.085000
1479749664573,1.505000,1.500000,5400,1.510000,100,5.990000,0.085000
1479749666577,1.505000,1.500000,5400,1.510000,100,5.990000,0.085000
1479749668582,1.505000,1.500000,5400,1.510000,100,5.990000,0.085000
1479749671049,1.505000,1.500000,5400,1.510000,100,5.990000,0.085000
1479749673063,1.505000,1.500000,5400,1.510000,100,5.990000,0.085000
1479749675080,1.505000,1.500000,5400,1.510000,100,5.990000,0.085000
1479749677063,1.505000,1.500000,5400,1.510000,100,5.990000,0.085000
1479749678553,1.505000,1.500000,5400,1.510000,100,5.990000,0.085000
1479749681060,1.505000,1.500000,5400,1.510000,100,5.990000,0.085000
1479749683124,1.505000,1.500000,5400,1.510000,100,5.990000,0.085000
1479749685061,1.505000,1.500000,5400,1.510000,100,5.990000,0.085000
1479749687056,1.505000,1.500000,5400,1.510000,100,5.990000,0.085000
1479749688066,1.505000,1.500000,5400,1.510000,100,5.990000,0.085000
1479749691077,1.505000,1.500000,5400,1.510000,100,5.990000,0.085000
1479749693056,1.505000,1.500000,5400,1.510000,100,5.990000,0.085000
1479749695595,1.505000,1.500000,5400,1.510000,100,5.990000,0.085000
1479749697574,1.505000,1.500000,5400,1.510000,100,5.990000,0.085000
1479749699566,1.505000,1.500000,5400,1.510000,100,5.990000,0.085000
1479749701555,1.510000,1.500000,5400,1.510000,700,6.340000,0.090000
1479749703553,1.510000,1.500000,5400,1.510000,700,6.340000,0.090000
1479749705588,1.510000,1.500000,5400,1.510000,700,6.340000,0.090000
1479749707912,1.510000,1.500000,5400,1.510000,700,6.340000,0.090000
1479749709908,1.510000,1.500000,5400,1.510000,700,6.340000,0.090000
1479749711956,1.510000,1.500000,5400,1.510000,700,6.340000,0.090000
1479749713401,1.510000,1.500000,5400,1.510000,700,6.340000,0.090000
1479749715894,1.510000,1.500000,5400,1.510000,700,6.340000,0.090000
1479749718412,1.510000,1.500000,5400,1.510000,700,6.340000,0.090000
1479749720417,1.510000,1.500000,5400,1.510000,700,6.340000,0.090000
1479749722403,1.510000,1.500000,5400,1.510000,700,6.340000,0.090000
1479749724399,1.510000,1.500000,5400,1.510000,700,6.340000,0.090000
1479749726462,1.510000,1.500000,5400,1.510000,700,6.340000,0.090000
1479749728439,1.510000,1.500000,5400,1.510000,700,6.340000,0.090000
1479749730397,1.510000,1.500000,5400,1.510000,700,6.340000,0.090000
1479749732413,1.510000,1.500000,5400,1.510000,700,6.340000,0.090000
1479749734406,1.510000,1.500000,5400,1.510000,700,6.340000,0.090000
1479749736924,1.510000,1.500000,5400,1.510000,700,6.340000,0.090000
1479749738961,1.510000,1.500000,5400,1.510000,700,6.340000,0.090000
1479749740915,1.510000,1.500000,5400,1.510000,700,6.340000,0.090000
1479749742920,1.510000,1.500000,5400,1.510000,700,6.340000,0.090000
1479749744929,1.510000,1.500000,5400,1.510000,700,6.340000,0.090000
1479749746902,1.510000,1.500000,5400,1.510000,700,6.340000,0.090000
1479749748931,1.510000,1.500000,5400,1.510000,700,6.340000,0.090000
1479749750932,1.510000,1.500000,5400,1.510000,700,6.340000,0.090000
1479749752924,1.510000,1.500000,5400,1.510000,700,6.340000,0.090000
1479749754953,1.510000,1.500000,5400,1.510000,700,6.340000,0.090000
1479749756907,1.510000,1.500000,5400,1.510000,700,6.340000,0.090000
1479749759449,1.510000,1.500000,5400,1.510000,700,6.340000,0.090000
1479749761449,1.510000,1.500000,5400,1.510000,700,6.340000,0.090000
1479749763434,1.510000,1.500000,5400,1.510000,700,6.340000,0.090000
1479749765447,1.510000,1.500000,5400,1.510000,700,6.340000,0.090000
1479749767450,1.510000,1.500000,5400,1.510000,700,6.340000,0.090000
1479749769463,1.510000,1.500000,5400,1.510000,700,6.340000,0.090000
1479749771433,1.510000,1.500000,5400,1.510000,700,6.340000,0.090000
1479749773981,1.510000,1.500000,5400,1.510000,700,6.340000,0.090000
1479749775934,1.510000,1.500000,5400,1.510000,700,6.340000,0.090000
1479749777934,1.510000,1.500000,5400,1.510000,700,6.340000,0.090000
1479749779937,1.510000,1.500000,5400,1.510000,700,6.340000,0.090000
1479749781963,1.510000,1.500000,5400,1.510000,700,6.340000,0.090000
1479749783929,1.510000,1.500000,5400,1.510000,700,6.340000,0.090000
1479749785456,1.510000,1.500000,5400,1.510000,700,6.340000,0.090000
1479749787486,1.510000,1.500000,5400,1.510000,700,6.340000,0.090000
1479749789953,1.510000,1.500000,5400,1.510000,700,6.340000,0.090000
1479749791959,1.510000,1.500000,5400,1.510000,700,6.340000,0.090000
1479749793977,1.510000,1.500000,5400,1.510000,700,6.340000,0.090000
1479749796476,1.510000,1.500000,5400,1.510000,700,6.340000,0.090000
1479749798477,1.510000,1.500000,5400,1.510000,700,6.340000,0.090000
1479749800479,1.510000,1.500000,5400,1.510000,700,6.340000,0.090000
1479749802452,1.510000,1.500000,5400,1.510000,700,6.340000,0.090000
1479749804442,1.510000,1.500000,5400,1.510000,700,6.340000,0.090000
1479749806483,1.510000,1.500000,5400,1.510000,700,6.340000,0.090000
1479749808482,1.500000,1.500000,5400,1.510000,700,5.630000,0.080000
1479749810463,1.500000,1.500000,5400,1.510000,700,5.630000,0.080000
1479749812492,1.500000,1.500000,5400,1.510000,700,5.630000,0.080000
1479749814469,1.500000,1.500000,5400,1.510000,700,5.630000,0.080000
1479749816481,1.500000,1.500000,5400,1.510000,700,5.630000,0.080000
1479749818467,1.500000,1.500000,5400,1.510000,700,5.630000,0.080000
1479749820975,1.500000,1.500000,5400,1.510000,700,5.630000,0.080000
1479749822963,1.500000,1.500000,5400,1.510000,700,5.630000,0.080000
1479749824547,1.510000,1.500000,5400,1.510000,700,6.340000,0.090000
1479749826503,1.510000,1.500000,5400,1.510000,700,6.340000,0.090000
1479749828965,1.510000,1.500000,5400,1.510000,700,6.340000,0.090000
1479749830990,1.510000,1.500000,5400,1.510000,700,6.340000,0.090000
1479749832983,1.510000,1.500000,5400,1.510000,700,6.340000,0.090000
1479749834995,1.510000,1.500000,5400,1.510000,700,6.340000,0.090000
1479749836972,1.510000,1.500000,5400,1.510000,700,6.340000,0.090000
1479749839002,1.510000,1.500000,5400,1.510000,700,6.340000,0.090000
1479749840977,1.505000,1.500000,5400,1.510000,700,5.990000,0.085000
1479749843539,1.505000,1.500000,5400,1.510000,700,5.990000,0.085000
1479749845515,1.505000,1.500000,5400,1.510000,700,5.990000,0.085000
1479749847468,1.505000,1.500000,5400,1.510000,700,5.990000,0.085000
1479749849485,1.505000,1.500000,5400,1.510000,700,5.990000,0.085000
1479749851509,1.505000,1.500000,5400,1.510000,700,5.990000,0.085000
1479749854011,1.505000,1.500000,5400,1.510000,700,5.990000,0.085000
1479749856971,1.505000,1.500000,5400,1.510000,700,5.990000,0.085000
1479749858991,1.505000,1.500000,5400,1.510000,700,5.990000,0.085000
1479749861047,1.505000,1.500000,5400,1.510000,700,5.990000,0.085000
1479749863004,1.505000,1.500000,5400,1.510000,700,5.990000,0.085000
1479749865495,1.505000,1.500000,5400,1.510000,700,5.990000,0.085000
1479749867518,1.505000,1.500000,5400,1.510000,700,5.990000,0.085000
1479749869524,1.505000,1.500000,5400,1.510000,700,5.990000,0.085000
1479749871506,1.505000,1.500000,5400,1.510000,700,5.990000,0.085000
1479749873073,1.505000,1.500000,5400,1.510000,700,5.990000,0.085000
1479749875538,1.505000,1.500000,5400,1.510000,700,5.990000,0.085000
1479749877510,1.505000,1.500000,5400,1.510000,700,5.990000,0.085000
1479749879513,1.505000,1.500000,5400,1.510000,700,5.990000,0.085000
1479749881517,1.505000,1.500000,5400,1.510000,700,5.990000,0.085000
1479749883006,1.505000,1.500000,5400,1.510000,700,5.990000,0.085000
1479749885497,1.505000,1.500000,5400,1.510000,700,5.990000,0.085000
1479749888008,1.505000,1.500000,5400,1.510000,700,5.990000,0.085000
1479749890068,1.505000,1.500000,5400,1.510000,700,5.990000,0.085000
1479749892022,1.505000,1.500000,5400,1.510000,700,5.990000,0.085000
1479749894000,1.505000,1.500000,5400,1.510000,700,5.990000,0.085000
1479749896001,1.505000,1.500000,5400,1.510000,700,5.990000,0.085000
1479749898033,1.505000,1.500000,5400,1.510000,700,5.990000,0.085000
1479749900013,1.505000,1.500000,5400,1.510000,700,5.990000,0.085000
1479749902009,1.505000,1.500000,5400,1.510000,1100,5.990000,0.085000
1479749904056,1.505000,1.500000,5400,1.510000,1100,5.990000,0.085000
1479749906517,1.505000,1.500000,5400,1.510000,1100,5.990000,0.085000
1479749908540,1.505000,1.500000,5400,1.510000,1100,5.990000,0.085000
1479749910516,1.505000,1.500000,5400,1.510000,1100,5.990000,0.085000
1479749912504,1.505000,1.500000,5400,1.510000,1100,5.990000,0.085000
1479749914505,1.505000,1.500000,5400,1.510000,1100,5.990000,0.085000
1479749916619,1.505000,1.500000,5400,1.510000,1100,5.990000,0.085000
1479749918562,1.505000,1.500000,5400,1.510000,1100,5.990000,0.085000
1479749920560,1.505000,1.500000,5400,1.510000,1100,5.990000,0.085000
1479749923030,1.505000,1.500000,5400,1.510000,1100,5.990000,0.085000
1479749924518,1.505000,1.500000,5400,1.510000,1100,5.990000,0.085000
1479749926531,1.505000,1.500000,5400,1.510000,1100,5.990000,0.085000
1479749929036,1.505000,1.500000,5400,1.510000,1100,5.990000,0.085000
1479749931052,1.505000,1.500000,5400,1.510000,1100,5.990000,0.085000
1479749932580,1.505000,1.500000,5400,1.510000,1100,5.990000,0.085000
1479749935039,1.505000,1.500000,5400,1.510000,1100,5.990000,0.085000
1479749937055,1.505000,1.500000,5400,1.510000,1100,5.990000,0.085000
1479749939039,1.505000,1.500000,5400,1.510000,1100,5.990000,0.085000
1479749941048,1.505000,1.500000,5400,1.510000,1100,5.990000,0.085000
1479749942561,1.505000,1.500000,5400,1.510000,1100,5.990000,0.085000
1479749945098,1.505000,1.500000,5400,1.510000,1100,5.990000,0.085000
1479749946547,1.505000,1.500000,5400,1.510000,1100,5.990000,0.085000
1479749949074,1.505000,1.500000,5400,1.510000,1100,5.990000,0.085000
1479749951563,1.505000,1.500000,5400,1.510000,1100,5.990000,0.085000
1479749953563,1.505000,1.500000,5400,1.510000,1100,5.990000,0.085000
1479749955047,1.505000,1.500000,5400,1.510000,1100,5.990000,0.085000
1479749957045,1.505000,1.500000,5400,1.510000,1100,5.990000,0.085000
1479749958560,1.505000,1.500000,5400,1.510000,1100,5.990000,0.085000
1479749961071,1.505000,1.500000,5400,1.510000,1100,5.990000,0.085000
1479749963576,1.505000,1.500000,5400,1.510000,1100,5.990000,0.085000
1479749965110,1.505000,1.500000,5400,1.510000,1100,5.990000,0.085000
1479749967922,1.505000,1.500000,5400,1.510000,1100,5.990000,0.085000
1479749969895,1.505000,1.500000,5400,1.510000,1100,5.990000,0.085000
1479749971904,1.505000,1.500000,5400,1.510000,1100,5.990000,0.085000
1479749973899,1.505000,1.500000,5400,1.510000,1100,5.990000,0.085000
1479749975885,1.505000,1.500000,5400,1.510000,1100,5.990000,0.085000
1479749978405,1.505000,1.500000,5400,1.510000,1100,5.990000,0.085000
1479749980410,1.505000,1.500000,5400,1.510000,1100,5.990000,0.085000
1479749982419,1.505000,1.500000,5400,1.510000,1100,5.990000,0.085000
1479749984420,1.505000,1.500000,5400,1.510000,1100,5.990000,0.085000
1479749986387,1.505000,1.500000,5400,1.510000,1100,5.990000,0.085000
1479749988389,1.505000,1.500000,5400,1.510000,1100,5.990000,0.085000
1479749990418,1.505000,1.500000,5400,1.510000,1100,5.990000,0.085000
1479749992467,1.505000,1.500000,5400,1.510000,1100,5.990000,0.085000
1479749994433,1.505000,1.500000,5400,1.510000,1100,5.990000,0.085000
1479749996428,1.505000,1.500000,5400,1.510000,1100,5.990000,0.085000
1479749998920,1.505000,1.500000,5400,1.510000,1100,5.990000,0.085000
1479750000907,1.505000,1.500000,5400,1.510000,1100,5.990000,0.085000
1479750002448,1.505000,1.500000,5400,1.510000,1100,5.990000,0.085000
1479750004946,1.505000,1.500000,5400,1.510000,1100,5.990000,0.085000
1479750006950,1.505000,1.500000,5400,1.510000,1100,5.990000,0.085000
1479750008920,1.505000,1.500000,5400,1.510000,1100,5.990000,0.085000
1479750010914,1.505000,1.500000,5400,1.510000,1100,5.990000,0.085000
1479750012922,1.500000,1.500000,5400,1.510000,1100,5.630000,0.080000
1479750014946,1.500000,1.500000,5400,1.510000,1100,5.630000,0.080000
1479750017434,1.500000,1.500000,5400,1.510000,1100,5.630000,0.080000
1479750019456,1.500000,1.500000,5400,1.510000,1100,5.630000,0.080000
1479750021416,1.500000,1.500000,5400,1.510000,1100,5.630000,0.080000
1479750022919,1.500000,1.500000,5400,1.510000,1100,5.630000,0.080000
1479750025435,1.500000,1.500000,5400,1.510000,1100,5.630000,0.080000
1479750027431,1.500000,1.500000,5400,1.510000,1100,5.630000,0.080000
1479750029446,1.500000,1.500000,5400,1.510000,1100,5.630000,0.080000
1479750031413,1.500000,1.500000,5400,1.510000,1100,5.630000,0.080000
1479750033451,1.500000,1.500000,5400,1.510000,1100,5.630000,0.080000
1479750035461,1.500000,1.500000,5400,1.510000,1100,5.630000,0.080000
1479750037439,1.500000,1.500000,5400,1.510000,1100,5.630000,0.080000
1479750039928,1.500000,1.500000,5400,1.510000,1100,5.630000,0.080000
1479750041969,1.500000,1.500000,5400,1.510000,1100,5.630000,0.080000
1479750043944,1.500000,1.500000,5400,1.510000,1100,5.630000,0.080000
1479750045983,1.500000,1.500000,5400,1.510000,1100,5.630000,0.080000
1479750047916,1.500000,1.500000,5400,1.510000,1100,5.630000,0.080000
1479750049967,1.500000,1.500000,5400,1.510000,1100,5.630000,0.080000
1479750052448,1.500000,1.500000,5400,1.510000,1100,5.630000,0.080000
1479750053971,1.500000,1.500000,5400,1.510000,1100,5.630000,0.080000
1479750056441,1.500000,1.500000,5400,1.510000,1100,5.630000,0.080000
1479750058457,1.500000,1.500000,5400,1.510000,1100,5.630000,0.080000
1479750060490,1.500000,1.500000,5400,1.510000,1100,5.630000,0.080000
1479750061468,1.500000,1.500000,5400,1.510000,1100,5.630000,0.080000
1479750064466,1.500000,1.500000,5400,1.510000,1100,5.630000,0.080000
1479750066452,1.500000,1.500000,5400,1.510000,1100,5.630000,0.080000
1479750068460,1.500000,1.500000,5400,1.510000,1100,5.630000,0.080000
1479750070454,1.500000,1.500000,5400,1.510000,1100,5.630000,0.080000
1479750072984,1.500000,1.500000,5400,1.510000,1100,5.630000,0.080000
1479750074979,1.500000,1.500000,5400,1.510000,1100,5.630000,0.080000
1479750076998,1.500000,1.500000,5400,1.510000,700,5.630000,0.080000
1479750078469,1.500000,1.500000,5400,1.510000,700,5.630000,0.080000
1479750080961,1.500000,1.500000,5400,1.510000,700,5.630000,0.080000
1479750082954,1.500000,1.500000,5400,1.510000,700,5.630000,0.080000
1479750084476,1.500000,1.500000,5400,1.510000,700,5.630000,0.080000
1479750086487,1.500000,1.500000,5400,1.510000,700,5.630000,0.080000
1479750089005,1.500000,1.500000,5400,1.510000,700,5.630000,0.080000
1479750090482,1.500000,1.500000,5400,1.510000,700,5.630000,0.080000
1479750093020,1.500000,1.500000,5400,1.510000,700,5.630000,0.080000
1479750095472,1.500000,1.500000,5400,1.510000,700,5.630000,0.080000
1479750097502,1.500000,1.500000,5400,1.510000,700,5.630000,0.080000
1479750099485,1.500000,1.500000,5400,1.510000,700,5.630000,0.080000
1479750101527,1.500000,1.500000,5400,1.510000,700,5.630000,0.080000
1479750103466,1.500000,1.500000,5400,1.510000,700,5.630000,0.080000
1479750105508,1.500000,1.500000,5400,1.510000,700,5.630000,0.080000
1479750107534,1.500000,1.500000,5400,1.510000,700,5.630000,0.080000
1479750109478,1.500000,1.500000,5400,1.510000,700,5.630000,0.080000
1479750111507,1.500000,1.500000,5400,1.510000,700,5.630000,0.080000
1479750113506,1.500000,1.500000,5400,1.510000,700,5.630000,0.080000
1479750115511,1.500000,1.500000,5400,1.510000,700,5.630000,0.080000
1479750117500,1.500000,1.500000,5400,1.510000,700,5.630000,0.080000
1479750120051,1.500000,1.500000,5400,1.510000,700,5.630000,0.080000
1479750122006,1.500000,1.500000,5400,1.510000,700,5.630000,0.080000
1479750124039,1.500000,1.500000,5400,1.510000,700,5.630000,0.080000
1479750126016,1.500000,1.500000,5400,1.510000,700,5.630000,0.080000
1479750128021,1.500000,1.500000,5400,1.510000,700,5.630000,0.080000
1479750129988,1.500000,1.500000,5400,1.510000,700,5.630000,0.080000
1479750132005,1.500000,1.500000,5400,1.510000,700,5.630000,0.080000
1479750134026,1.509300,1.500000,5400,1.510000,700,6.290000,0.089300
1479750135080,1.509300,1.500000,5400,1.510000,700,6.290000,0.089300
1479750137504,1.509300,1.500000,5400,1.510000,700,6.290000,0.089300
1479750140507,1.509300,1.500000,5400,1.510000,700,6.290000,0.089300
1479750142511,1.509300,1.500000,5400,1.510000,700,6.290000,0.089300
1479750144510,1.509300,1.500000,5400,1.510000,700,6.290000,0.089300
1479750146000,1.509300,1.500000,5400,1.510000,700,6.290000,0.089300
1479750148538,1.509300,1.500000,5400,1.510000,700,6.290000,0.089300
1479750150013,1.509300,1.500000,5400,1.510000,700,6.290000,0.089300
1479750152535,1.509300,1.500000,5400,1.510000,700,6.290000,0.089300
1479750154534,1.509300,1.500000,5400,1.510000,700,6.290000,0.089300
1479750156577,1.509300,1.500000,5400,1.510000,700,6.290000,0.089300
1479750158542,1.509300,1.500000,5400,1.510000,700,6.290000,0.089300
1479750160024,1.509300,1.500000,5400,1.510000,700,6.290000,0.089300
1479750162554,1.509300,1.500000,5400,1.510000,700,6.290000,0.089300
1479750165020,1.509300,1.500000,5400,1.510000,700,6.290000,0.089300
1479750167062,1.509300,1.500000,5400,1.510000,700,6.290000,0.089300
1479750168499,1.509300,1.500000,5400,1.510000,700,6.290000,0.089300
1479750170526,1.509300,1.500000,5400,1.510000,700,6.290000,0.089300
1479750173023,1.509300,1.500000,5400,1.510000,700,6.290000,0.089300
1479750175034,1.509300,1.500000,5400,1.510000,700,6.290000,0.089300
1479750176036,1.509300,1.500000,5400,1.510000,700,6.290000,0.089300
1479750179022,1.505000,1.500000,5400,1.510000,700,5.990000,0.085000
1479750181086,1.505000,1.500000,5400,1.510000,700,5.990000,0.085000
1479750183145,1.505000,1.500000,5400,1.510000,700,5.990000,0.085000
1479750185053,1.505000,1.500000,5400,1.510000,700,5.990000,0.085000
1479750187529,1.505000,1.500000,5400,1.510000,700,5.990000,0.085000
1479750189532,1.505000,1.500000,5400,1.510000,700,5.990000,0.085000
1479750191063,1.505000,1.500000,5400,1.510000,700,5.990000,0.085000
1479750192549,1.505000,1.500000,5400,1.510000,700,5.990000,0.085000
1479750195593,1.505000,1.500000,5400,1.510000,700,5.990000,0.085000
1479750197601,1.507000,1.500000,5400,1.510000,700,6.130000,0.087000
1479750198542,1.507000,1.500000,5400,1.510000,700,6.130000,0.087000
1479750201058,1.507000,1.500000,5400,1.510000,700,6.130000,0.087000
1479750203543,1.507000,1.500000,5400,1.510000,700,6.130000,0.087000
1479750205569,1.507000,1.500000,5400,1.510000,700,6.130000,0.087000
1479750208071,1.507000,1.500000,5400,1.510000,700,6.130000,0.087000
1479750210115,1.507000,1.500000,5400,1.510000,700,6.130000,0.087000
1479750212040,1.507000,1.500000,5400,1.510000,700,6.130000,0.087000
1479750214066,1.507000,1.500000,5400,1.510000,700,6.130000,0.087000
1479750216088,1.507000,1.500000,5400,1.510000,700,6.130000,0.087000
1479750217064,1.507000,1.500000,5400,1.510000,700,6.130000,0.087000
1479750219584,1.507000,1.500000,5400,1.510000,700,6.130000,0.087000
1479750222053,1.507000,1.500000,5400,1.510000,700,6.130000,0.087000
1479750224048,1.507000,1.500000,5400,1.510000,700,6.130000,0.087000
1479750225941,1.507000,1.500000,5400,1.510000,700,6.130000,0.087000
1479750228403,1.507000,1.500000,5400,1.510000,700,6.130000,0.087000
1479750230404,1.507000,1.500000,5400,1.510000,700,6.130000,0.087000
1479750232890,1.507000,1.500000,5400,1.510000,700,6.130000,0.087000
1479750234401,1.507000,1.500000,5400,1.510000,700,6.130000,0.087000
1479750236398,1.507000,1.500000,5400,1.510000,700,6.130000,0.087000
1479750238409,1.507000,1.500000,5400,1.510000,700,6.130000,0.087000
1479750240895,1.507000,1.500000,5400,1.510000,700,6.130000,0.087000
1479750242905,1.507000,1.500000,5400,1.510000,700,6.130000,0.087000
1479750244913,1.507000,1.500000,5400,1.510000,700,6.130000,0.087000
1479750246920,1.507000,1.500000,5400,1.510000,700,6.130000,0.087000
1479750248939,1.507000,1.500000,5400,1.510000,700,6.130000,0.087000
1479750250907,1.507000,1.500000,5400,1.510000,700,6.130000,0.087000
1479750253431,1.507000,1.500000,5400,1.510000,700,6.130000,0.087000
1479750255465,1.507000,1.500000,5400,1.510000,700,6.130000,0.087000
1479750257393,1.507000,1.500000,5400,1.510000,700,6.130000,0.087000
1479750259446,1.507000,1.500000,5400,1.510000,700,6.130000,0.087000
1479750261417,1.507000,1.500000,5400,1.510000,700,6.130000,0.087000
1479750263408,1.507000,1.500000,5400,1.510000,700,6.130000,0.087000
1479750264961,1.507000,1.500000,5400,1.510000,700,6.130000,0.087000
1479750267421,1.507000,1.500000,5400,1.510000,700,6.130000,0.087000
1479750269422,1.500000,1.500000,5400,1.510000,700,5.630000,0.080000
1479750271949,1.500000,1.500000,5400,1.510000,700,5.630000,0.080000
1479750273919,1.500000,1.500000,5400,1.510000,700,5.630000,0.080000
1479750275928,1.500000,1.500000,5400,1.510000,700,5.630000,0.080000
1479750277938,1.500000,1.500000,5400,1.510000,700,5.630000,0.080000
1479750279915,1.500000,1.500000,5400,1.510000,700,5.630000,0.080000
1479750281949,1.500000,1.500000,5400,1.510000,700,5.630000,0.080000
1479750283436,1.500000,1.500000,5400,1.510000,700,5.630000,0.080000
1479750286006,1.500000,1.500000,5400,1.510000,700,5.630000,0.080000
1479750287965,1.500000,1.500000,5400,1.510000,700,5.630000,0.080000
1479750289969,1.500000,1.500000,5400,1.510000,700,5.630000,0.080000
1479750290965,1.500000,1.500000,5400,1.510000,700,5.630000,0.080000
1479750294452,1.500000,1.500000,5400,1.510000,700,5.630000,0.080000
1479750296444,1.500000,1.500000,5400,1.510000,700,5.630000,0.080000
1479750298487,1.500000,1.500000,5400,1.510000,700,5.630000,0.080000
1479750300422,1.500000,1.500000,5400,1.510000,700,5.630000,0.080000
1479750302466,1.500000,1.500000,5400,1.510000,700,5.630000,0.080000
1479750304437,1.500000,1.500000,5400,1.510000,700,5.630000,0.080000
1479750305966,1.500000,1.500000,5400,1.510000,700,5.630000,0.080000
1479750308440,1.500000,1.500000,5400,1.510000,700,5.630000,0.080000
1479750310458,1.500000,1.500000,5400,1.510000,700,5.630000,0.080000
1479750312963,1.500000,1.500000,5400,1.510000,700,5.630000,0.080000
1479750314965,1.500000,1.500000,5400,1.510000,700,5.630000,0.080000
1479750316956,1.500000,1.500000,5400,1.510000,700,5.630000,0.080000
1479750318962,1.500000,1.500000,5400,1.510000,700,5.630000,0.080000
1479750320963,1.500000,1.500000,5400,1.510000,700,5.630000,0.080000
1479750323018,1.500000,1.500000,5400,1.510000,700,5.630000,0.080000
1479750324986,1.500000,1.500000,5400,1.510000,700,5.630000,0.080000
1479750328488,1.500000,1.500000,5400,1.510000,700,5.630000,0.080000
1479750330470,1.500000,1.500000,5400,1.510000,800,5.630000,0.080000
1479750332476,1.500000,1.500000,5400,1.510000,800,5.630000,0.080000
1479750334440,1.500000,1.500000,5400,1.510000,800,5.630000,0.080000
1479750336472,1.500000,1.500000,5400,1.510000,800,5.630000,0.080000
1479750338495,1.500000,1.500000,5400,1.510000,800,5.630000,0.080000
1479750340472,1.500000,1.500000,5400,1.510000,800,5.630000,0.080000
1479750342440,1.500000,1.500000,5400,1.510000,800,5.630000,0.080000
1479750344498,1.500000,1.500000,5400,1.510000,800,5.630000,0.080000
1479750346976,1.500000,1.500000,5400,1.510000,800,5.630000,0.080000
1479750348981,1.500000,1.500000,5400,1.510000,800,5.630000,0.080000
1479750350481,1.500000,1.500000,5400,1.510000,800,5.630000,0.080000
1479750353008,1.500000,1.500000,5400,1.510000,800,5.630000,0.080000
1479750353996,1.500000,1.500000,5400,1.510000,800,5.630000,0.080000
1479750357022,1.500000,1.500000,5400,1.510000,800,5.630000,0.080000
1479750359000,1.500000,1.500000,5400,1.510000,800,5.630000,0.080000
1479750360485,1.500000,1.500000,5400,1.510000,800,5.630000,0.080000
1479750363004,1.500000,1.500000,5400,1.510000,800,5.630000,0.080000
1479750364990,1.500000,1.500000,5400,1.510000,800,5.630000,0.080000
1479750367493,1.500000,1.500000,5400,1.510000,800,5.630000,0.080000
1479750369027,1.505000,1.500000,5400,1.510000,800,5.990000,0.085000
1479750371504,1.505000,1.500000,5400,1.510000,800,5.990000,0.085000
1479750373505,1.505000,1.500000,5400,1.510000,800,5.990000,0.085000
1479750375492,1.505000,1.500000,5400,1.510000,800,5.990000,0.085000
1479750377502,1.505000,1.500000,5400,1.510000,800,5.990000,0.085000
1479750379514,1.505000,1.500000,5400,1.510000,800,5.990000,0.085000
1479750380521,1.506000,1.500000,5400,1.510000,800,6.060000,0.086000
1479750383501,1.506000,1.500000,5400,1.510000,800,6.060000,0.086000
1479750385560,1.506000,1.500000,5400,1.510000,800,6.060000,0.086000
1479750387501,1.506000,1.500000,5400,1.510000,800,6.060000,0.086000
1479750390003,1.506000,1.500000,10400,1.510000,800,6.060000,0.086000
1479750392020,1.506000,1.500000,10400,1.510000,800,6.060000,0.086000
1479750394016,1.506000,1.500000,10400,1.510000,800,6.060000,0.086000
1479750396013,1.506000,1.500000,10400,1.510000,800,6.060000,0.086000
1479750398087,1.505000,1.500000,10200,1.510000,800,5.990000,0.085000
1479750400067,1.505000,1.500000,10200,1.510000,800,5.990000,0.085000
1479750402028,1.505000,1.500000,10200,1.510000,800,5.990000,0.085000
1479750404054,1.505000,1.500000,10200,1.510000,800,5.990000,0.085000
1479750406040,1.505000,1.500000,10200,1.510000,800,5.990000,0.085000
1479750408037,1.505000,1.500000,10200,1.510000,800,5.990000,0.085000
1479750410015,1.505000,1.500000,10200,1.510000,800,5.990000,0.085000
1479750412034,1.505000,1.500000,10200,1.510000,800,5.990000,0.085000
1479750414555,1.500000,1.500000,10200,1.510000,800,5.630000,0.080000
1479750416523,1.500000,1.500000,10200,1.510000,800,5.630000,0.080000
1479750418545,1.500000,1.500000,10200,1.510000,800,5.630000,0.080000
1479750420527,1.500000,1.500000,10200,1.510000,800,5.630000,0.080000
1479750422050,1.500000,1.500000,10200,1.510000,800,5.630000,0.080000
1479750424057,1.500000,1.500000,10200,1.510000,800,5.630000,0.080000
1479750426531,1.500000,1.500000,10200,1.510000,800,5.630000,0.080000
1479750428064,1.500000,1.500000,10200,1.510000,800,5.630000,0.080000
1479750430072,1.500000,1.500000,10200,1.510000,800,5.630000,0.080000
1479750433048,1.500000,1.500000,10200,1.510000,800,5.630000,0.080000
1479750435054,1.500000,1.500000,10200,1.510000,800,5.630000,0.080000
1479750437082,1.500000,1.500000,10200,1.510000,800,5.630000,0.080000
1479750439042,1.505600,1.500000,10200,1.510000,800,6.030000,0.085600
1479750441058,1.505600,1.500000,10200,1.510000,800,6.030000,0.085600
1479750442988,1.505600,1.500000,10200,1.510000,800,6.030000,0.085600
1479750445092,1.505600,1.500000,10200,1.510000,800,6.030000,0.085600
1479750447025,1.505600,1.500000,10200,1.510000,800,6.030000,0.085600
1479750449100,1.505600,1.500000,10200,1.510000,800,6.030000,0.085600
1479750451058,1.505600,1.500000,10200,1.510000,800,6.030000,0.085600
1479750453050,1.505600,1.500000,10200,1.510000,800,6.030000,0.085600
1479750455556,1.505600,1.500000,10200,1.510000,800,6.030000,0.085600
1479750457049,1.505600,1.500000,10200,1.510000,800,6.030000,0.085600
1479750459556,1.505600,1.500000,10200,1.510000,800,6.030000,0.085600
1479750461551,1.500000,1.500000,10200,1.510000,800,5.630000,0.080000
1479750463558,1.500000,1.500000,10200,1.510000,800,5.630000,0.080000
1479750465545,1.500000,1.500000,10200,1.510000,800,5.630000,0.080000
1479750467558,1.500000,1.500000,10200,1.510000,800,5.630000,0.080000
1479750469560,1.500000,1.500000,10200,1.510000,800,5.630000,0.080000
1479750471109,1.500000,1.500000,10200,1.510000,800,5.630000,0.080000
1479750473642,1.500000,1.500000,10200,1.510000,800,5.630000,0.080000
1479750475543,1.500000,1.500000,10200,1.510000,800,5.630000,0.080000
1479750478051,1.500000,1.500000,10200,1.510000,800,5.630000,0.080000
1479750480036,1.500000,1.500000,10200,1.510000,800,5.630000,0.080000
1479750482092,1.500000,1.500000,10200,1.510000,800,5.630000,0.080000
1479750484079,1.500000,1.500000,10200,1.510000,800,5.630000,0.080000
1479750486386,1.500000,1.500000,10200,1.510000,800,5.630000,0.080000
1479750488400,1.500000,1.500000,10200,1.510000,800,5.630000,0.080000
1479750490419,1.500000,1.500000,10200,1.510000,800,5.630000,0.080000
1479750492391,1.500000,1.500000,10200,1.510000,800,5.630000,0.080000
1479750494425,1.500000,1.500000,10200,1.510000,800,5.630000,0.080000
1479750496405,1.500000,1.500000,10200,1.510000,800,5.630000,0.080000
1479750498403,1.500000,1.500000,10200,1.510000,800,5.630000,0.080000
1479750500400,1.500000,1.500000,10200,1.510000,800,5.630000,0.080000
1479750502906,1.500000,1.500000,10200,1.510000,800,5.630000,0.080000
1479750504935,1.500000,1.500000,10200,1.510000,800,5.630000,0.080000
1479750506936,1.500000,1.500000,10200,1.510000,800,5.630000,0.080000
1479750508435,1.500000,1.500000,10200,1.510000,800,5.630000,0.080000
1479750510932,1.500000,1.500000,10200,1.510000,800,5.630000,0.080000
1479750512926,1.500000,1.500000,10200,1.510000,800,5.630000,0.080000
1479750514913,1.500000,1.500000,10200,1.510000,800,5.630000,0.080000
1479750516956,1.500000,1.500000,10200,1.510000,800,5.630000,0.080000
1479750518438,1.500000,1.500000,10200,1.510000,800,5.630000,0.080000
1479750520919,1.500000,1.500000,10200,1.510000,800,5.630000,0.080000
1479750523414,1.500000,1.500000,10200,1.510000,800,5.630000,0.080000
1479750525437,1.500000,1.500000,10200,1.510000,800,5.630000,0.080000
1479750527435,1.500000,1.500000,10200,1.510000,800,5.630000,0.080000
1479750529455,1.500000,1.500000,10200,1.510000,800,5.630000,0.080000
1479750531452,1.500000,1.500000,10200,1.510000,800,5.630000,0.080000
1479750533446,1.500000,1.500000,10200,1.510000,800,5.630000,0.080000
1479750535467,1.500000,1.500000,10200,1.510000,800,5.630000,0.080000
1479750537949,1.500000,1.500000,10200,1.510000,800,5.630000,0.080000
1479750539982,1.500000,1.500000,10200,1.510000,800,5.630000,0.080000
1479750541964,1.500000,1.500000,10200,1.510000,800,5.630000,0.080000
1479750543935,1.500000,1.500000,10200,1.510000,800,5.630000,0.080000
1479750545990,1.500000,1.500000,10200,1.510000,800,5.630000,0.080000
1479750547975,1.500000,1.500000,10200,1.510000,800,5.630000,0.080000
1479750549928,1.500000,1.500000,10200,1.510000,800,5.630000,0.080000
1479750551946,1.500000,1.500000,10200,1.510000,800,5.630000,0.080000
1479750554455,1.500000,1.500000,10200,1.510000,800,5.630000,0.080000
1479750556460,1.500000,1.500000,10200,1.510000,800,5.630000,0.080000
1479750557917,1.510000,1.500000,10200,1.510000,800,6.340000,0.090000
1479750560484,1.510000,1.500000,10200,1.510000,800,6.340000,0.090000
1479750562452,1.510000,1.500000,10200,1.510000,800,6.340000,0.090000
1479750564467,1.510000,1.500000,10200,1.510000,800,6.340000,0.090000
1479750566479,1.510000,1.500000,10200,1.510000,800,6.340000,0.090000
1479750568452,1.500000,1.500000,10200,1.510000,800,5.630000,0.080000
1479750570474,1.500000,1.500000,10200,1.510000,800,5.630000,0.080000
1479750572489,1.500000,1.500000,10200,1.510000,800,5.630000,0.080000
1479750574480,1.500000,1.500000,10200,1.510000,800,5.630000,0.080000
1479750577016,1.500000,1.500000,10200,1.510000,800,5.630000,0.080000
1479750579031,1.500000,1.500000,10200,1.510000,800,5.630000,0.080000
1479750580970,1.500000,1.500000,10200,1.510000,800,5.630000,0.080000
1479750583013,1.500000,1.500000,10200,1.510000,800,5.630000,0.080000
1479750584995,1.500000,1.500000,10200,1.510000,800,5.630000,0.080000
1479750586981,1.500000,1.500000,10200,1.510000,800,5.630000,0.080000
1479750588538,1.500000,1.500000,10200,1.510000,800,5.630000,0.080000
1479750591029,1.500000,1.500000,10200,1.510000,800,5.630000,0.080000
1479750593496,1.500000,1.500000,10200,1.510000,800,5.630000,0.080000
1479750595485,1.500000,1.500000,10200,1.510000,800,5.630000,0.080000
1479750597483,1.500000,1.500000,10200,1.510000,800,5.630000,0.080000
1479750599497,1.500000,1.500000,10200,1.510000,800,5.630000,0.080000
1479750601495,1.500000,1.500000,10200,1.510000,800,5.630000,0.080000
1479750603505,1.500000,1.500000,10200,1.510000,800,5.630000,0.080000
1479750604565,1.500000,1.500000,10200,1.510000,800,5.630000,0.080000
1479750607543,1.500000,1.500000,10200,1.510000,800,5.630000,0.080000
1479750609484,1.500000,1.500000,10200,1.510000,800,5.630000,0.080000
1479750611488,1.500000,1.500000,10200,1.510000,800,5.630000,0.080000
1479750613970,1.500000,1.500000,10200,1.510000,800,5.630000,0.080000
1479750616022,1.500000,1.500000,10200,1.510000,800,5.630000,0.080000
1479750617986,1.500000,1.500000,10200,1.510000,800,5.630000,0.080000
1479750619991,1.500000,1.500000,10200,1.510000,800,5.630000,0.080000
1479750621984,1.500000,1.500000,10200,1.510000,800,5.630000,0.080000
1479750624015,1.500000,1.500000,10200,1.510000,800,5.630000,0.080000
1479750626004,1.500000,1.500000,10200,1.510000,800,5.630000,0.080000
1479750628023,1.506900,1.500000,10200,1.510000,800,6.120000,0.086900
1479750629993,1.506900,1.500000,10200,1.510000,800,6.120000,0.086900
1479750632025,1.506900,1.500000,10200,1.510000,800,6.120000,0.086900
1479750633533,1.506900,1.500000,10200,1.510000,800,6.120000,0.086900
1479750636015,1.506900,1.500000,10200,1.510000,800,6.120000,0.086900
1479750638528,1.506900,1.500000,10200,1.510000,800,6.120000,0.086900
1479750640495,1.506900,1.500000,10200,1.510000,800,6.120000,0.086900
1479750642502,1.506900,1.500000,10200,1.510000,800,6.120000,0.086900
1479750644541,1.506900,1.500000,10200,1.510000,800,6.120000,0.086900
1479750646550,1.506900,1.500000,10200,1.510000,800,6.120000,0.086900
1479750648044,1.506900,1.500000,10200,1.510000,800,6.120000,0.086900
1479750650508,1.506900,1.500000,10200,1.510000,800,6.120000,0.086900
1479750652536,1.506900,1.500000,10200,1.510000,800,6.120000,0.086900
1479750654540,1.506900,1.500000,10200,1.510000,800,6.120000,0.086900
1479750657019,1.506900,1.500000,10200,1.510000,800,6.120000,0.086900
1479750659024,1.506900,1.500000,10200,1.510000,800,6.120000,0.086900
1479750661019,1.506900,1.500000,10200,1.510000,800,6.120000,0.086900
1479750663070,1.506900,1.500000,10200,1.510000,800,6.120000,0.086900
1479750664533,1.506900,1.500000,10200,1.510000,800,6.120000,0.086900
1479750667049,1.506900,1.500000,10200,1.510000,800,6.120000,0.086900
1479750668511,1.506900,1.500000,10200,1.510000,800,6.120000,0.086900
1479750671038,1.506900,1.500000,10200,1.510000,800,6.120000,0.086900
1479750673022,1.506900,1.500000,10200,1.510000,800,6.120000,0.086900
1479750675065,1.506900,1.500000,10200,1.510000,800,6.120000,0.086900
1479750677037,1.506900,1.500000,10200,1.510000,800,6.120000,0.086900
1479750679602,1.506900,1.500000,10200,1.510000,800,6.120000,0.086900
1479750681549,1.506900,1.500000,10200,1.510000,800,6.120000,0.086900
1479750683535,1.506900,1.500000,10200,1.510000,800,6.120000,0.086900
1479750685548,1.506900,1.500000,10200,1.510000,800,6.120000,0.086900
1479750687582,1.506900,1.500000,10200,1.510000,800,6.120000,0.086900
1479750689561,1.506900,1.500000,10200,1.510000,800,6.120000,0.086900
1479750691574,1.506900,1.500000,10200,1.510000,800,6.120000,0.086900
1479750693590,1.506900,1.500000,10200,1.510000,800,6.120000,0.086900
1479750695560,1.506900,1.500000,10200,1.510000,800,6.120000,0.086900
1479750697546,1.506900,1.500000,10200,1.510000,800,6.120000,0.086900
1479750700048,1.506900,1.500000,10200,1.510000,800,6.120000,0.086900
1479750702047,1.506900,1.500000,10200,1.510000,800,6.120000,0.086900
1479750704048,1.506900,1.500000,10200,1.510000,800,6.120000,0.086900
1479750706078,1.506900,1.500000,10200,1.510000,800,6.120000,0.086900
1479750708055,1.506900,1.500000,10200,1.510000,800,6.120000,0.086900
1479750710070,1.506900,1.500000,10200,1.510000,800,6.120000,0.086900
1479750712082,1.506900,1.500000,10200,1.510000,800,6.120000,0.086900
1479750714056,1.506900,1.500000,10200,1.510000,800,6.120000,0.086900
1479750716572,1.506900,1.500000,10200,1.510000,800,6.120000,0.086900
1479750718586,1.506900,1.500000,10200,1.510000,800,6.120000,0.086900
1479750720670,1.506900,1.500000,10200,1.510000,800,6.120000,0.086900
1479750722571,1.506900,1.500000,10200,1.510000,800,6.120000,0.086900
1479750724591,1.506900,1.500000,10200,1.510000,800,6.120000,0.086900
1479750726545,1.506900,1.500000,10200,1.510000,800,6.120000,0.086900
1479750728566,1.506900,1.500000,10200,1.510000,800,6.120000,0.086900
1479750729572,1.506900,1.500000,10200,1.510000,800,6.120000,0.086900
1479750732614,1.506900,1.500000,10200,1.510000,800,6.120000,0.086900
1479750734590,1.506900,1.500000,10200,1.510000,800,6.120000,0.086900
1479750736598,1.506900,1.500000,10200,1.510000,800,6.120000,0.086900
1479750739103,1.506900,1.500000,10200,1.510000,800,6.120000,0.086900
1479750740912,1.506900,1.500000,10200,1.510000,800,6.120000,0.086900
1479750742450,1.506900,1.500000,10200,1.510000,800,6.120000,0.086900
1479750745410,1.506900,1.500000,10200,1.510000,800,6.120000,0.086900
1479750747404,1.506900,1.500000,10200,1.510000,800,6.120000,0.086900
1479750749411,1.506900,1.500000,10200,1.510000,800,6.120000,0.086900
1479750751422,1.506900,1.500000,10200,1.510000,800,6.120000,0.086900
1479750753415,1.506900,1.500000,10200,1.510000,800,6.120000,0.086900
1479750755405,1.506900,1.500000,10200,1.510000,800,6.120000,0.086900
1479750757901,1.506900,1.500000,10200,1.510000,800,6.120000,0.086900
1479750759916,1.506900,1.500000,10200,1.510000,800,6.120000,0.086900
1479750761910,1.506900,1.500000,10200,1.510000,800,6.120000,0.086900
1479750763917,1.506900,1.500000,10200,1.510000,800,6.120000,0.086900
1479750765915,1.506900,1.500000,10200,1.510000,800,6.120000,0.086900
1479750767913,1.506900,1.500000,10200,1.510000,800,6.120000,0.086900
1479750769921,1.506900,1.500000,10200,1.510000,800,6.120000,0.086900
1479750771947,1.506900,1.500000,10200,1.510000,800,6.120000,0.086900
1479750773962,1.506900,1.500000,10200,1.510000,800,6.120000,0.086900
1479750775973,1.506900,1.500000,10200,1.510000,800,6.120000,0.086900
1479750777920,1.506900,1.500000,10200,1.510000,800,6.120000,0.086900
1479750780442,1.506900,1.500000,10200,1.510000,800,6.120000,0.086900
1479750782432,1.506900,1.500000,10200,1.510000,800,6.120000,0.086900
1479750784456,1.506900,1.500000,10200,1.510000,800,6.120000,0.086900
1479750786449,1.506900,1.500000,10200,1.510000,800,6.120000,0.086900
1479750788442,1.506900,1.500000,10200,1.510000,800,6.120000,0.086900
1479750790458,1.506900,1.500000,10200,1.510000,800,6.120000,0.086900
1479750792457,1.506900,1.500000,10200,1.510000,800,6.120000,0.086900
1479750794424,1.506900,1.500000,10200,1.510000,800,6.120000,0.086900
1479750796984,1.506900,1.500000,10200,1.510000,800,6.120000,0.086900
1479750798942,1.506900,1.500000,10200,1.510000,800,6.120000,0.086900
1479750800939,1.506900,1.500000,10200,1.510000,800,6.120000,0.086900
1479750802967,1.506900,1.500000,10200,1.510000,800,6.120000,0.086900
1479750804953,1.506900,1.500000,10200,1.510000,800,6.120000,0.086900
1479750806999,1.506900,1.500000,10200,1.510000,800,6.120000,0.086900
1479750808965,1.506900,1.500000,10200,1.510000,800,6.120000,0.086900
1479750810502,1.506900,1.500000,10200,1.510000,800,6.120000,0.086900
1479750812974,1.506900,1.500000,10200,1.510000,800,6.120000,0.086900
1479750814951,1.506900,1.500000,10200,1.510000,800,6.120000,0.086900
1479750817485,1.506900,1.500000,10200,1.510000,800,6.120000,0.086900
1479750819471,1.506900,1.500000,10200,1.510000,800,6.120000,0.086900
1479750821501,1.506900,1.500000,10200,1.510000,800,6.120000,0.086900
1479750823451,1.506900,1.500000,10200,1.510000,800,6.120000,0.086900
1479750825453,1.506900,1.500000,10200,1.510000,800,6.120000,0.086900
1479750827464,1.506900,1.500000,10200,1.510000,800,6.120000,0.086900
1479750829467,1.506900,1.500000,10200,1.510000,800,6.120000,0.086900
1479750831478,1.506900,1.500000,10200,1.510000,800,6.120000,0.086900
1479750833525,1.506900,1.500000,10200,1.510000,800,6.120000,0.086900
1479750835453,1.506900,1.500000,10200,1.510000,800,6.120000,0.086900
1479750837956,1.506900,1.500000,10200,1.510000,800,6.120000,0.086900
1479750839982,1.500700,1.500000,10200,1.510000,800,5.680000,0.080700
1479750842031,1.500700,1.500000,10200,1.510000,800,5.680000,0.080700
1479750844000,1.500700,1.500000,10200,1.510000,800,5.680000,0.080700
1479750845973,1.500700,1.500000,10200,1.510000,800,5.680000,0.080700
1479750847975,1.500700,1.500000,10200,1.510000,800,5.680000,0.080700
1479750849985,1.500700,1.500000,10200,1.510000,800,5.680000,0.080700
1479750851977,1.500700,1.500000,10200,1.510000,800,5.680000,0.080700
1479750853980,1.500700,1.500000,10200,1.510000,800,5.680000,0.080700
1479750856029,1.509900,1.500000,10200,1.510000,800,6.330000,0.089900
1479750858514,1.509900,1.500000,10200,1.510000,800,6.330000,0.089900
1479750860486,1.509900,1.500000,10200,1.510000,800,6.330000,0.089900
1479750862489,1.509900,1.500000,10200,1.510000,800,6.330000,0.089900
1479750864481,1.509300,1.500000,10200,1.510000,800,6.290000,0.089300
1479750866515,1.509300,1.500000,10200,1.510000,800,6.290000,0.089300
1479750868488,1.509300,1.500000,10200,1.510000,800,6.290000,0.089300
1479750870495,1.509300,1.500000,10200,1.510000,800,6.290000,0.089300
1479750872527,1.509900,1.500000,10200,1.510000,800,6.330000,0.089900
1479750874525,1.509900,1.500000,10200,1.510000,800,6.330000,0.089900
1479750876480,1.500000,1.500000,10200,1.510000,800,5.630000,0.080000
1479750878508,1.500000,1.500000,10200,1.510000,800,5.630000,0.080000
1479750880999,1.509400,1.500000,10200,1.510000,300,6.300000,0.089400
1479750882971,1.505000,1.500000,10200,1.510000,300,5.990000,0.085000
1479750884998,1.505000,1.500000,10200,1.510000,300,5.990000,0.085000
1479750886500,1.505000,1.500000,10200,1.510000,300,5.990000,0.085000
1479750889033,1.505000,1.500000,10200,1.510000,300,5.990000,0.085000
1479750891004,1.510000,1.500000,10200,1.510000,300,6.340000,0.090000
1479750893016,1.510000,1.500000,10200,1.510000,300,6.340000,0.090000
1479750895002,1.510000,1.500000,10200,1.510000,300,6.340000,0.090000
1479750897027,1.510000,1.500000,10200,1.510000,300,6.340000,0.090000
1479750898513,1.510000,1.500000,10200,1.510000,300,6.340000,0.090000
1479750901003,1.510000,1.500000,10200,1.510000,300,6.340000,0.090000
1479750902047,1.510000,1.500000,10200,1.510000,300,6.340000,0.090000
1479750905489,1.505000,1.500000,10200,1.510000,300,5.990000,0.085000
1479750907518,1.505000,1.500000,10200,1.510000,300,5.990000,0.085000
1479750909517,1.505000,1.500000,10200,1.510000,300,5.990000,0.085000
1479750911580,1.505000,1.500000,10200,1.510000,300,5.990000,0.085000
1479750913524,1.505000,1.500000,10200,1.510000,300,5.990000,0.085000
1479750915506,1.505000,1.500000,10200,1.510000,300,5.990000,0.085000
1479750917544,1.505000,1.500000,10200,1.510000,300,5.990000,0.085000
1479750919030,1.505000,1.500000,10200,1.510000,300,5.990000,0.085000
1479750921524,1.505000,1.500000,10200,1.510000,300,5.990000,0.085000
1479750923534,1.500000,1.500000,10200,1.510000,300,5.630000,0.080000
1479750926032,1.500000,1.500000,10200,1.510000,300,5.630000,0.080000
1479750928044,1.500000,1.500000,10200,1.510000,300,5.630000,0.080000
1479750930057,1.500000,1.500000,10200,1.510000,300,5.630000,0.080000
1479750932078,1.500000,1.500000,10200,1.510000,300,5.630000,0.080000
1479750933528,1.500000,1.500000,10200,1.510000,300,5.630000,0.080000
1479750935558,1.500000,1.500000,10200,1.510000,300,5.630000,0.080000
1479750938039,1.500000,1.500000,10200,1.510000,300,5.630000,0.080000
1479750940099,1.500000,1.500000,10200,1.510000,300,5.630000,0.080000
1479750942012,1.500000,1.500000,10200,1.510000,300,5.630000,0.080000
1479750944038,1.500000,1.500000,10200,1.510000,300,5.630000,0.080000
1479750946024,1.500000,1.500000,10200,1.510000,300,5.630000,0.080000
1479750948520,1.500000,1.500000,10200,1.510000,300,5.630000,0.080000
1479750950540,1.500000,1.500000,10200,1.510000,300,5.630000,0.080000
1479750952539,1.500000,1.500000,10200,1.510000,300,5.630000,0.080000
1479750954540,1.500000,1.500000,10200,1.510000,300,5.630000,0.080000
1479750956560,1.500000,1.500000,10200,1.510000,300,5.630000,0.080000
1479750958544,1.500000,1.500000,10200,1.510000,300,5.630000,0.080000
1479750960602,1.500000,1.500000,10200,1.510000,300,5.630000,0.080000
1479750962572,1.500000,1.500000,10200,1.510000,300,5.630000,0.080000
1479750964056,1.500000,1.500000,10200,1.510000,300,5.630000,0.080000
1479750966550,1.500000,1.500000,10200,1.510000,300,5.630000,0.080000
1479750968539,1.500000,1.500000,10200,1.510000,300,5.630000,0.080000
1479750971075,1.500000,1.500000,10200,1.510000,300,5.630000,0.080000
1479750973112,1.500000,1.500000,10200,1.510000,300,5.630000,0.080000
1479750975063,1.500000,1.500000,10200,1.510000,300,5.630000,0.080000
1479750977161,1.500000,1.500000,10200,1.510000,300,5.630000,0.080000
1479750978578,1.500000,1.500000,10200,1.510000,300,5.630000,0.080000
1479750981065,1.500000,1.500000,10200,1.510000,300,5.630000,0.080000
1479750983056,1.500000,1.500000,10200,1.510000,300,5.630000,0.080000
1479750985573,1.500000,1.500000,10200,1.510000,300,5.630000,0.080000
1479750987535,1.500000,1.500000,10200,1.510000,300,5.630000,0.080000
1479750989605,1.500000,1.500000,10200,1.510000,300,5.630000,0.080000
1479750991570,1.500000,1.500000,10200,1.510000,300,5.630000,0.080000
1479750993545,1.500000,1.500000,10200,1.510000,300,5.630000,0.080000
1479750995066,1.500000,1.500000,10200,1.510000,300,5.630000,0.080000
1479750997903,1.500000,1.500000,10200,1.510000,300,5.630000,0.080000
1479750999898,1.500000,1.500000,10200,1.510000,300,5.630000,0.080000
1479751001904,1.500000,1.500000,10200,1.510000,300,5.630000,0.080000
1479751003929,1.500000,1.500000,10200,1.510000,300,5.630000,0.080000
1479751006417,1.500000,1.500000,10200,1.510000,300,5.630000,0.080000
1479751007885,1.500000,1.500000,10200,1.510000,300,5.630000,0.080000
1479751010406,1.500000,1.500000,10200,1.510000,300,5.630000,0.080000
1479751012409,1.500000,1.500000,10200,1.510000,300,5.630000,0.080000
1479751014417,1.500000,1.500000,10200,1.510000,300,5.630000,0.080000
1479751016421,1.500000,1.500000,10200,1.510000,300,5.630000,0.080000
1479751018404,1.500000,1.500000,10200,1.510000,300,5.630000,0.080000
1479751020892,1.500000,1.500000,10200,1.510000,300,5.630000,0.080000
1479751022917,1.500000,1.500000,10200,1.510000,300,5.630000,0.080000
1479751024931,1.500000,1.500000,10200,1.510000,300,5.630000,0.080000
1479751026910,1.500000,1.500000,10200,1.510000,300,5.630000,0.080000
1479751028947,1.500000,1.500000,10200,1.510000,300,5.630000,0.080000
1479751030920,1.500000,1.500000,10200,1.510000,300,5.630000,0.080000
1479751032951,1.500000,1.500000,10200,1.510000,300,5.630000,0.080000
1479751034917,1.500000,1.500000,10200,1.510000,300,5.630000,0.080000
1479751036900,1.500000,1.500000,10200,1.510000,300,5.630000,0.080000
1479751038937,1.500000,1.500000,10200,1.510000,300,5.630000,0.080000
1479751041445,1.500000,1.500000,10200,1.510000,300,5.630000,0.080000
1479751043438,1.500000,1.500000,10200,1.510000,300,5.630000,0.080000
1479751045483,1.500000,1.500000,10200,1.510000,300,5.630000,0.080000
1479751047434,1.500000,1.500000,10200,1.510000,300,5.630000,0.080000
1479751049418,1.500000,1.500000,10200,1.510000,300,5.630000,0.080000
1479751051439,1.500000,1.500000,10200,1.510000,300,5.630000,0.080000
1479751053433,1.500000,1.500000,10200,1.510000,300,5.630000,0.080000
1479751055421,1.500000,1.500000,10200,1.510000,300,5.630000,0.080000
1479751057485,1.500000,1.500000,10200,1.510000,300,5.630000,0.080000
1479751059461,1.500000,1.500000,10200,1.510000,300,5.630000,0.080000
1479751061498,1.500000,1.500000,10200,1.510000,300,5.630000,0.080000
1479751063939,1.500000,1.500000,10200,1.510000,300,5.630000,0.080000
1479751065938,1.500000,1.500000,10200,1.510000,300,5.630000,0.080000
1479751067937,1.500000,1.500000,10200,1.510000,300,5.630000,0.080000
1479751069948,1.500000,1.500000,10200,1.510000,300,5.630000,0.080000
1479751071948,1.500000,1.500000,10200,1.510000,300,5.630000,0.080000
1479751072983,1.500000,1.500000,10200,1.510000,300,5.630000,0.080000
1479751075441,1.500000,1.500000,10200,1.510000,300,5.630000,0.080000
1479751077960,1.500000,1.500000,10200,1.510000,300,5.630000,0.080000
1479751079987,1.500000,1.500000,10200,1.510000,300,5.630000,0.080000
1479751082452,1.500000,1.500000,10200,1.510000,300,5.630000,0.080000
1479751084453,1.500000,1.500000,10200,1.510000,300,5.630000,0.080000
1479751086472,1.500000,1.500000,10200,1.510000,300,5.630000,0.080000
1479751088494,1.500000,1.500000,10200,1.510000,300,5.630000,0.080000
1479751090006,1.500000,1.500000,10200,1.510000,300,5.630000,0.080000
1479751092484,1.500000,1.500000,10200,1.510000,300,5.630000,0.080000
1479751094459,1.500000,1.500000,10200,1.510000,300,5.630000,0.080000
1479751096447,1.500000,1.500000,10200,1.510000,300,5.630000,0.080000
1479751098493,1.500000,1.500000,10200,1.510000,300,5.630000,0.080000
1479751100953,1.500000,1.500000,10200,1.510000,300,5.630000,0.080000
1479751102980,1.500000,1.500000,10200,1.510000,300,5.630000,0.080000
1479751104954,1.500000,1.500000,10200,1.510000,300,5.630000,0.080000
1479751107004,1.500000,1.500000,10200,1.510000,300,5.630000,0.080000
1479751108967,1.500000,1.500000,10200,1.510000,300,5.630000,0.080000
1479751110990,1.500000,1.500000,10200,1.510000,300,5.630000,0.080000
1479751112482,1.500000,1.500000,10200,1.510000,300,5.630000,0.080000
1479751114989,1.500000,1.500000,10200,1.510000,300,5.630000,0.080000
1479751116971,1.500000,1.500000,10200,1.510000,300,5.630000,0.080000
1479751118993,1.500000,1.500000,10200,1.510000,300,5.630000,0.080000
1479751121025,1.500000,1.500000,10200,1.510000,300,5.630000,0.080000
1479751123516,1.500000,1.500000,10200,1.510000,300,5.630000,0.080000
1479751125481,1.500000,1.500000,10200,1.510000,300,5.630000,0.080000
1479751127481,1.500000,1.500000,10200,1.510000,300,5.630000,0.080000
1479751129463,1.500000,1.500000,10200,1.510000,300,5.630000,0.080000
1479751131477,1.500000,1.500000,10200,1.510000,300,5.630000,0.080000
1479751133050,1.500000,1.500000,10200,1.510000,300,5.630000,0.080000
1479751135510,1.500000,1.500000,10200,1.510000,300,5.630000,0.080000
1479751137473,1.500000,1.500000,10200,1.510000,300,5.630000,0.080000
1479751139538,1.500000,1.500000,10200,1.510000,300,5.630000,0.080000
1479751141491,1.500000,1.500000,10200,1.510000,300,5.630000,0.080000
1479751143525,1.500000,1.500000,10200,1.510000,300,5.630000,0.080000
1479751145467,1.500000,1.500000,10200,1.510000,300,5.630000,0.080000
1479751147491,1.500000,1.500000,10200,1.510000,300,5.630000,0.080000
1479751149094,1.510000,1.500000,3600,1.510000,300,6.340000,0.090000
1479751152009,1.510000,1.500000,3600,1.510000,300,6.340000,0.090000
1479751153985,1.510000,1.500000,3600,1.510000,300,6.340000,0.090000
1479751156005,1.510000,1.500000,3600,1.510000,300,6.340000,0.090000
1479751157976,1.510000,1.500000,3600,1.510000,300,6.340000,0.090000
1479751159499,1.510000,1.500000,3600,1.510000,300,6.340000,0.090000
1479751161517,1.510000,1.500000,3600,1.510000,300,6.340000,0.090000
1479751163998,1.510000,1.500000,3600,1.510000,300,6.340000,0.090000
1479751166013,1.510000,1.500000,3600,1.510000,300,6.340000,0.090000
1479751168511,1.510000,1.500000,3600,1.510000,300,6.340000,0.090000
1479751170536,1.510000,1.500000,3600,1.510000,300,6.340000,0.090000
1479751172526,1.510000,1.500000,3600,1.510000,300,6.340000,0.090000
1479751174508,1.510000,1.500000,3600,1.510000,300,6.340000,0.090000
1479751176571,1.510000,1.500000,3600,1.510000,300,6.340000,0.090000
1479751178536,1.510000,1.500000,3600,1.510000,300,6.340000,0.090000
1479751180501,1.510000,1.500000,3600,1.510000,300,6.340000,0.090000
1479751182021,1.510000,1.500000,3600,1.510000,300,6.340000,0.090000
1479751184529,1.510000,1.500000,3600,1.510000,300,6.340000,0.090000
1479751186526,1.510000,1.500000,3600,1.510000,300,6.340000,0.090000
1479751189022,1.510000,1.500000,3600,1.510000,300,6.340000,0.090000
1479751190567,1.510000,1.500000,3600,1.510000,300,6.340000,0.090000
1479751192502,1.500700,1.500000,3600,1.510000,300,5.680000,0.080700
1479751195012,1.500700,1.500000,3600,1.510000,300,5.680000,0.080700
1479751196536,1.500700,1.500000,3600,1.510000,300,5.680000,0.080700
1479751198504,1.500700,1.500000,3600,1.510000,300,5.680000,0.080700
1479751201038,1.500700,1.500000,3600,1.510000,300,5.680000,0.080700
1479751203031,1.500700,1.500000,3600,1.510000,300,5.680000,0.080700
1479751205035,1.500700,1.500000,3600,1.510000,300,5.680000,0.080700
1479751207056,1.500700,1.500000,5200,1.510000,300,5.680000,0.080700
1479751208534,1.500700,1.500000,5200,1.510000,300,5.680000,0.080700
1479751210562,1.500700,1.500000,5200,1.510000,300,5.680000,0.080700
1479751213543,1.500700,1.500000,5200,1.510000,300,5.680000,0.080700
1479751215062,1.500700,1.500000,5200,1.510000,300,5.680000,0.080700
1479751217550,1.500700,1.500000,5200,1.510000,300,5.680000,0.080700
1479751219545,1.500700,1.500000,5200,1.510000,300,5.680000,0.080700
1479751221535,1.500700,1.500000,5200,1.510000,300,5.680000,0.080700
1479751223552,1.500700,1.500000,5200,1.510000,300,5.680000,0.080700
1479751225568,1.500700,1.500000,5200,1.510000,300,5.680000,0.080700
1479751227538,1.500700,1.500000,5200,1.510000,300,5.680000,0.080700
1479751229549,1.500700,1.500000,5200,1.510000,300,5.680000,0.080700
1479751230029,1.500700,1.500000,5200,1.510000,300,5.680000,0.080700
1479751233630,1.500700,1.500000,5200,1.510000,300,5.680000,0.080700
1479751235599,1.500700,1.500000,5200,1.510000,300,5.680000,0.080700
1479751238061,1.500700,1.500000,5200,1.510000,300,5.680000,0.080700
1479751240063,1.500700,1.500000,5200,1.510000,300,5.680000,0.080700
1479751242070,1.500700,1.500000,5200,1.510000,300,5.680000,0.080700
1479751244066,1.500700,1.500000,5200,1.510000,300,5.680000,0.080700
1479751246089,1.500700,1.500000,5200,1.510000,300,5.680000,0.080700
1479751248576,1.500700,1.500000,5200,1.510000,300,5.680000,0.080700
1479751250537,1.500700,1.500000,5200,1.510000,300,5.680000,0.080700
1479751252708,1.500700,1.500000,5200,1.510000,300,5.680000,0.080700
1479751254404,1.500700,1.500000,5200,1.510000,300,5.680000,0.080700
1479751256899,1.500700,1.500000,5200,1.510000,300,5.680000,0.080700
1479751258940,1.500700,1.500000,5200,1.510000,300,5.680000,0.080700
1479751260895,1.500700,1.500000,5200,1.510000,300,5.680000,0.080700
1479751262904,1.500700,1.500000,5200,1.510000,300,5.680000,0.080700
1479751264913,1.500700,1.500000,5200,1.510000,300,5.680000,0.080700
1479751266912,1.500700,1.500000,5200,1.510000,300,5.680000,0.080700
1479751268904,1.500700,1.500000,5200,1.510000,300,5.680000,0.080700
1479751270919,1.500700,1.500000,5200,1.510000,300,5.680000,0.080700
1479751272936,1.500700,1.500000,5200,1.510000,300,5.680000,0.080700
1479751274910,1.500700,1.500000,5200,1.510000,300,5.680000,0.080700
1479751277415,1.500700,1.500000,5200,1.510000,300,5.680000,0.080700
1479751279440,1.500700,1.500000,5200,1.510000,300,5.680000,0.080700
1479751280957,1.500700,1.500000,5200,1.510000,300,5.680000,0.080700
1479751283443,1.500700,1.500000,5200,1.510000,300,5.680000,0.080700
1479751285426,1.500700,1.500000,5200,1.510000,300,5.680000,0.080700
1479751287412,1.500700,1.500000,5200,1.510000,300,5.680000,0.080700
1479751289449,1.500700,1.500000,5200,1.510000,300,5.680000,0.080700
1479751291936,1.500700,1.500000,5200,1.510000,300,5.680000,0.080700
1479751293932,1.500700,1.500000,5200,1.510000,300,5.680000,0.080700
1479751295930,1.500700,1.500000,5200,1.510000,300,5.680000,0.080700
1479751297951,1.500700,1.500000,5200,1.510000,300,5.680000,0.080700
1479751298915,1.500700,1.500000,5200,1.510000,300,5.680000,0.080700
1479751301969,1.500700,1.500000,5200,1.510000,300,5.680000,0.080700
1479751303967,1.500700,1.500000,5200,1.510000,300,5.680000,0.080700
1479751306434,1.500700,1.500000,5200,1.510000,300,5.680000,0.080700
1479751307941,1.500700,1.500000,5200,1.510000,300,5.680000,0.080700
1479751310456,1.500700,1.500000,5200,1.510000,300,5.680000,0.080700
1479751312490,1.500700,1.500000,5200,1.510000,300,5.680000,0.080700
1479751314421,1.500700,1.500000,5200,1.510000,300,5.680000,0.080700
1479751316438,1.500700,1.500000,5200,1.510000,300,5.680000,0.080700
1479751317959,1.500700,1.500000,5200,1.510000,300,5.680000,0.080700
1479751320437,1.500700,1.500000,5200,1.510000,300,5.680000,0.080700
1479751322965,1.500700,1.500000,5200,1.510000,300,5.680000,0.080700
1479751324943,1.500700,1.500000,5200,1.510000,300,5.680000,0.080700
1479751326962,1.500700,1.500000,5200,1.510000,300,5.680000,0.080700
1479751328956,1.500700,1.500000,5200,1.510000,300,5.680000,0.080700
1479751330984,1.500700,1.500000,5200,1.510000,300,5.680000,0.080700
1479751332984,1.500700,1.500000,5200,1.510000,300,5.680000,0.080700
1479751334967,1.500700,1.500000,5200,1.510000,300,5.680000,0.080700
1479751337536,1.500700,1.500000,5200,1.510000,300,5.680000,0.080700
1479751339482,1.500700,1.500000,5200,1.510000,300,5.680000,0.080700
1479751341459,1.500700,1.500000,5200,1.510000,300,5.680000,0.080700
1479751343429,1.500700,1.500000,5200,1.510000,300,5.680000,0.080700
1479751345505,1.500700,1.500000,5200,1.510000,300,5.680000,0.080700
1479751347483,1.500700,1.500000,5200,1.510000,300,5.680000,0.080700
1479751349507,1.500700,1.500000,5200,1.510000,300,5.680000,0.080700
1479751351468,1.500700,1.500000,5200,1.510000,300,5.680000,0.080700
1479751353988,1.500700,1.500000,5200,1.510000,300,5.680000,0.080700
1479751355986,1.500700,1.500000,5200,1.510000,300,5.680000,0.080700
1479751357978,1.500700,1.500000,5200,1.510000,300,5.680000,0.080700
1479751359993,1.500700,1.500000,5200,1.510000,300,5.680000,0.080700
1479751361482,1.500700,1.500000,5200,1.510000,300,5.680000,0.080700
1479751364486,1.500700,1.500000,5200,1.510000,300,5.680000,0.080700
1479751366546,1.500700,1.500000,5200,1.510000,300,5.680000,0.080700
1479751367951,1.500700,1.500000,5200,1.510000,300,5.680000,0.080700
1479751370465,1.500700,1.500000,5200,1.510000,300,5.680000,0.080700
1479751372480,1.500700,1.500000,5200,1.510000,300,5.680000,0.080700
1479751374489,1.500700,1.500000,5200,1.510000,300,5.680000,0.080700
1479751375947,1.500700,1.500000,5200,1.510000,300,5.680000,0.080700
1479751378499,1.500700,1.500000,5200,1.510000,300,5.680000,0.080700
1479751380466,1.500700,1.500000,5200,1.510000,300,5.680000,0.080700
1479751382492,1.500700,1.500000,5200,1.510000,300,5.680000,0.080700
1479751384467,1.500000,1.500000,5200,1.510000,300,5.630000,0.080000
1479751386947,1.500000,1.500000,5200,1.510000,300,5.630000,0.080000
1479751387484,1.500000,1.500000,5200,1.510000,300,5.630000,0.080000
1479751390971,1.500000,1.500000,5200,1.510000,300,5.630000,0.080000
1479751392489,1.500000,1.500000,5200,1.510000,300,5.630000,0.080000
1479751394988,1.500000,1.500000,5200,1.510000,300,5.630000,0.080000
1479751396511,1.500000,1.500000,5200,1.510000,300,5.630000,0.080000
1479751398962,1.500000,1.500000,5200,1.510000,300,5.630000,0.080000
1479751401020,1.500000,1.500000,5200,1.510000,300,5.630000,0.080000
1479751402529,1.500000,1.500000,5200,1.510000,300,5.630000,0.080000
1479751405018,1.500000,1.500000,5200,1.510000,300,5.630000,0.080000
1479751407504,1.500000,1.500000,5200,1.510000,300,5.630000,0.080000
1479751408488,1.500000,1.500000,5200,1.510000,300,5.630000,0.080000
1479751411523,1.500000,1.500000,5200,1.510000,300,5.630000,0.080000
1479751413567,1.500000,1.500000,5200,1.510000,300,5.630000,0.080000
1479751415489,1.500000,1.500000,5200,1.510000,300,5.630000,0.080000
1479751416998,1.500000,1.500000,5200,1.510000,300,5.630000,0.080000
1479751419502,1.500000,1.500000,5200,1.510000,300,5.630000,0.080000
1479751421484,1.500000,1.500000,5200,1.510000,300,5.630000,0.080000
1479751423503,1.500000,1.500000,5200,1.510000,300,5.630000,0.080000
1479751424988,1.500000,1.500000,5200,1.510000,300,5.630000,0.080000
1479751427527,1.500000,1.500000,5200,1.510000,300,5.630000,0.080000
1479751430005,1.500000,1.500000,5200,1.510000,300,5.630000,0.080000
1479751432019,1.500000,1.500000,5200,1.510000,300,5.630000,0.080000
1479751432998,1.500000,1.500000,5200,1.510000,300,5.630000,0.080000
1479751436026,1.500000,1.500000,5200,1.510000,300,5.630000,0.080000
1479751438010,1.500000,1.500000,5200,1.510000,300,5.630000,0.080000
1479751439502,1.500000,1.500000,5200,1.510000,300,5.630000,0.080000
1479751442070,1.500000,1.500000,5200,1.510000,300,5.630000,0.080000
1479751444049,1.500000,1.500000,5200,1.510000,300,5.630000,0.080000
1479751446014,1.500000,1.500000,5200,1.510000,300,5.630000,0.080000
1479751448041,1.500000,1.500000,5200,1.510000,300,5.630000,0.080000
1479751450008,1.500000,1.500000,5200,1.510000,300,5.630000,0.080000
1479751452529,1.500000,1.500000,5200,1.510000,300,5.630000,0.080000
1479751454551,1.500000,1.500000,5200,1.510000,300,5.630000,0.080000
1479751456534,1.500000,1.500000,5200,1.510000,300,5.630000,0.080000
1479751458531,1.500000,1.500000,5200,1.510000,300,5.630000,0.080000
1479751460532,1.500000,1.500000,5200,1.510000,300,5.630000,0.080000
1479751462537,1.500000,1.500000,5200,1.510000,300,5.630000,0.080000
1479751463562,1.500000,1.500000,5200,1.510000,300,5.630000,0.080000
1479751466565,1.500000,1.500000,5200,1.510000,300,5.630000,0.080000
1479751468525,1.500000,1.500000,5200,1.510000,300,5.630000,0.080000
1479751470066,1.500000,1.500000,5200,1.510000,300,5.630000,0.080000
1479751471042,1.500000,1.500000,5200,1.510000,300,5.630000,0.080000
1479751475053,1.500000,1.500000,5200,1.510000,300,5.630000,0.080000
1479751476566,1.500000,1.500000,5200,1.510000,300,5.630000,0.080000
1479751479060,1.500000,1.500000,5200,1.510000,300,5.630000,0.080000
1479751481044,1.500000,1.500000,5200,1.510000,300,5.630000,0.080000
1479751483097,1.500000,1.500000,5200,1.510000,300,5.630000,0.080000
1479751485111,1.500000,1.500000,5200,1.510000,300,5.630000,0.080000
1479751486609,1.500000,1.500000,5200,1.510000,300,5.630000,0.080000
1479751489066,1.500000,1.500000,5200,1.510000,300,5.630000,0.080000
1479751491068,1.500000,1.500000,5200,1.510000,300,5.630000,0.080000
1479751493089,1.500000,1.500000,5200,1.510000,300,5.630000,0.080000
1479751495042,1.500000,1.500000,5200,1.510000,300,5.630000,0.080000
1479751496572,1.500000,1.500000,5200,1.510000,300,5.630000,0.080000
1479751499568,1.500000,1.500000,5200,1.510000,300,5.630000,0.080000
1479751501107,1.500000,1.500000,5200,1.510000,300,5.630000,0.080000
1479751503576,1.500000,1.500000,5200,1.510000,300,5.630000,0.080000
1479751505598,1.500000,1.500000,5200,1.510000,300,5.630000,0.080000
1479751507631,1.500000,1.500000,5200,1.510000,300,5.630000,0.080000
1479751509887,1.500000,1.500000,5200,1.510000,300,5.630000,0.080000
1479751511395,1.500000,1.500000,5200,1.510000,300,5.630000,0.080000
1479751513476,1.500000,1.500000,5200,1.510000,300,5.630000,0.080000
1479751514894,1.500000,1.500000,5200,1.510000,300,5.630000,0.080000
1479751517901,1.500000,1.500000,5200,1.510000,300,5.630000,0.080000
1479751519921,1.500000,1.500000,5200,1.510000,300,5.630000,0.080000
1479751521894,1.500000,1.500000,5200,1.510000,300,5.630000,0.080000
1479751523911,1.500000,1.500000,5200,1.510000,300,5.630000,0.080000
1479751525961,1.500000,1.500000,5200,1.510000,300,5.630000,0.080000
1479751528425,1.500000,1.500000,5200,1.510000,300,5.630000,0.080000
1479751530419,1.500000,1.500000,5200,1.510000,300,5.630000,0.080000
1479751532417,1.500000,1.500000,5200,1.510000,300,5.630000,0.080000
1479751534450,1.500000,1.500000,5200,1.510000,300,5.630000,0.080000
1479751536406,1.500000,1.500000,5200,1.510000,300,5.630000,0.080000
1479751538417,1.500000,1.500000,5200,1.510000,300,5.630000,0.080000
1479751540405,1.500000,1.500000,5200,1.510000,300,5.630000,0.080000
1479751542446,1.500000,1.500000,5200,1.510000,300,5.630000,0.080000
1479751544442,1.500000,1.500000,5200,1.510000,300,5.630000,0.080000
1479751546457,1.500000,1.500000,5200,1.510000,300,5.630000,0.080000
1479751548928,1.500000,1.500000,5200,1.510000,300,5.630000,0.080000
1479751550935,1.500000,1.500000,5200,1.510000,300,5.630000,0.080000
1479751552952,1.500000,1.500000,5200,1.510000,300,5.630000,0.080000
1479751554953,1.500000,1.500000,5200,1.510000,300,5.630000,0.080000
1479751556925,1.500000,1.500000,5200,1.510000,300,5.630000,0.080000
1479751558932,1.500000,1.500000,5200,1.510000,300,5.630000,0.080000
1479751560937,1.500000,1.500000,5200,1.510000,300,5.630000,0.080000
1479751563423,1.500000,1.500000,5200,1.510000,300,5.630000,0.080000
1479751565421,1.500000,1.500000,5200,1.510000,300,5.630000,0.080000
1479751566453,1.500000,1.500000,5200,1.510000,300,5.630000,0.080000
1479751568922,1.500000,1.500000,5200,1.510000,300,5.630000,0.080000
1479751571438,1.500000,1.500000,5200,1.510000,300,5.630000,0.080000
1479751573454,1.500000,1.500000,5200,1.510000,300,5.630000,0.080000
1479751575466,1.500000,1.500000,5200,1.510000,300,5.630000,0.080000
1479751576988,1.500000,1.500000,5200,1.510000,300,5.630000,0.080000
1479751579444,1.500000,1.500000,5200,1.510000,300,5.630000,0.080000
1479751581427,1.500000,1.500000,5200,1.510000,300,5.630000,0.080000
1479751583450,1.500000,1.500000,5200,1.510000,300,5.630000,0.080000
1479751585424,1.500000,1.500000,5200,1.510000,300,5.630000,0.080000
1479751587947,1.500000,1.500000,5200,1.510000,300,5.630000,0.080000
1479751589962,1.500000,1.500000,5200,1.510000,300,5.630000,0.080000
1479751591950,1.500000,1.500000,5200,1.510000,300,5.630000,0.080000
1479751593961,1.500000,1.500000,5200,1.510000,300,5.630000,0.080000
1479751595955,1.500000,1.500000,5200,1.510000,300,5.630000,0.080000
1479751597948,1.500000,1.500000,5200,1.510000,300,5.630000,0.080000
1479751599963,1.500000,1.500000,5200,1.510000,300,5.630000,0.080000
1479751602459,1.500000,1.500000,5200,1.510000,300,5.630000,0.080000
1479751603953,1.500000,1.500000,5200,1.510000,300,5.630000,0.080000
1479751606463,1.500000,1.500000,5200,1.510000,300,5.630000,0.080000
1479751608464,1.500000,1.500000,5200,1.510000,300,5.630000,0.080000
1479751610486,1.500000,1.500000,5200,1.510000,300,5.630000,0.080000
1479751612452,1.500000,1.500000,5200,1.510000,300,5.630000,0.080000
1479751614477,1.500000,1.500000,5200,1.510000,300,5.630000,0.080000
1479751616472,1.500000,1.500000,5200,1.510000,300,5.630000,0.080000
1479751618456,1.500000,1.500000,5200,1.510000,300,5.630000,0.080000
1479751620492,1.500000,1.500000,5200,1.510000,300,5.630000,0.080000
1479751622450,1.500000,1.500000,5200,1.510000,300,5.630000,0.080000
1479751624468,1.500000,1.500000,5200,1.510000,300,5.630000,0.080000
1479751626971,1.500000,1.500000,5200,1.510000,300,5.630000,0.080000
1479751628968,1.500000,1.500000,5200,1.510000,300,5.630000,0.080000
1479751630986,1.500000,1.500000,5200,1.510000,300,5.630000,0.080000
1479751632966,1.500000,1.500000,5200,1.510000,300,5.630000,0.080000
1479751634991,1.500000,1.500000,5200,1.510000,300,5.630000,0.080000
1479751636974,1.500000,1.500000,5200,1.510000,300,5.630000,0.080000
1479751638978,1.500000,1.500000,5200,1.510000,300,5.630000,0.080000
1479751640983,1.500000,1.500000,5200,1.510000,300,5.630000,0.080000
1479751642986,1.500000,1.500000,5800,1.510000,300,5.630000,0.080000
1479751644513,1.500000,1.500000,5800,1.510000,300,5.630000,0.080000
1479751647482,1.500000,1.500000,5800,1.510000,300,5.630000,0.080000
1479751649486,1.500000,1.500000,5800,1.510000,300,5.630000,0.080000
1479751651496,1.500000,1.500000,5800,1.510000,300,5.630000,0.080000
1479751653455,1.500000,1.500000,5800,1.510000,300,5.630000,0.080000
1479751655499,1.500000,1.500000,5800,1.510000,300,5.630000,0.080000
1479751657495,1.500000,1.500000,5800,1.510000,300,5.630000,0.080000
1479751659497,1.500000,1.500000,5800,1.510000,300,5.630000,0.080000
1479751661489,1.500000,1.500000,5800,1.510000,300,5.630000,0.080000
1479751663496,1.500000,1.500000,5800,1.510000,300,5.630000,0.080000
1479751665501,1.500000,1.500000,5800,1.510000,300,5.630000,0.080000
1479751667543,1.500000,1.500000,5800,1.510000,300,5.630000,0.080000
1479751669986,1.500000,1.500000,5800,1.510000,300,5.630000,0.080000
1479751671539,1.500000,1.500000,5800,1.510000,300,5.630000,0.080000
1479751674508,1.500000,1.500000,5800,1.510000,300,5.630000,0.080000
1479751676504,1.500000,1.500000,5800,1.510000,300,5.630000,0.080000
1479751678513,1.500000,1.500000,5800,1.510000,300,5.630000,0.080000
1479751680598,1.500000,1.500000,5800,1.510000,300,5.630000,0.080000
1479751682011,1.500000,1.500000,5800,1.510000,300,5.630000,0.080000
1479751684003,1.500000,1.500000,5800,1.510000,300,5.630000,0.080000
1479751686521,1.500000,1.500000,5800,1.510000,300,5.630000,0.080000
1479751688512,1.500000,1.500000,5800,1.510000,300,5.630000,0.080000
1479751690521,1.500000,1.500000,5800,1.510000,300,5.630000,0.080000
1479751691996,1.500000,1.500000,5800,1.510000,300,5.630000,0.080000
1479751694524,1.500000,1.500000,5800,1.510000,300,5.630000,0.080000
1479751696510,1.500000,1.500000,5800,1.510000,300,5.630000,0.080000
1479751699021,1.500000,1.500000,5800,1.510000,300,5.630000,0.080000
1479751701028,1.500000,1.500000,5800,1.510000,300,5.630000,0.080000
1479751703052,1.500000,1.500000,5800,1.510000,300,5.630000,0.080000
1479751705512,1.500000,1.500000,5800,1.510000,300,5.630000,0.080000
1479751707519,1.500000,1.500000,5800,1.510000,300,5.630000,0.080000
1479751709004,1.500000,1.500000,5800,1.510000,300,5.630000,0.080000
1479751711581,1.500000,1.500000,5800,1.510000,300,5.630000,0.080000
1479751713025,1.500000,1.500000,5800,1.510000,300,5.630000,0.080000
1479751715512,1.500000,1.500000,5800,1.510000,300,5.630000,0.080000
1479751717565,1.500000,1.500000,5800,1.510000,300,5.630000,0.080000
1479751719037,1.500000,1.500000,5800,1.510000,300,5.630000,0.080000
1479751721547,1.500000,1.500000,5800,1.510000,300,5.630000,0.080000
1479751723548,1.500000,1.500000,5800,1.510000,300,5.630000,0.080000
1479751726017,1.500000,1.500000,5800,1.510000,300,5.630000,0.080000
1479751727542,1.500000,1.500000,5800,1.510000,300,5.630000,0.080000
1479751730064,1.500000,1.500000,5800,1.510000,300,5.630000,0.080000
1479751732023,1.500000,1.500000,5800,1.510000,300,5.630000,0.080000
1479751734021,1.500000,1.500000,5800,1.510000,300,5.630000,0.080000
1479751735054,1.500000,1.500000,5800,1.510000,300,5.630000,0.080000
1479751737085,1.500000,1.500000,5800,1.510000,300,5.630000,0.080000
1479751740039,1.500000,1.500000,5800,1.510000,300,5.630000,0.080000
1479751742117,1.500000,1.500000,5800,1.510000,300,5.630000,0.080000
1479751744098,1.505000,1.500000,5800,1.510000,300,5.990000,0.085000
1479751746528,1.505000,1.500000,5800,1.510000,300,5.990000,0.085000
1479751748064,1.505000,1.500000,5800,1.510000,300,5.990000,0.085000
1479751750549,1.505000,1.500000,5800,1.510000,300,5.990000,0.085000
1479751752054,1.505000,1.500000,5800,1.510000,300,5.990000,0.085000
1479751754571,1.505000,1.500000,5800,1.510000,300,5.990000,0.085000
1479751756067,1.505000,1.500000,5800,1.510000,300,5.990000,0.085000
1479751758589,1.505000,1.500000,5800,1.510000,300,5.990000,0.085000
1479751760562,1.505000,1.500000,5800,1.510000,300,5.990000,0.085000
1479751762053,1.505000,1.500000,5800,1.510000,300,5.990000,0.085000
1479751764065,1.505000,1.500000,5800,1.510000,300,5.990000,0.085000
1479751766606,1.505000,1.500000,5800,1.510000,300,5.990000,0.085000
1479751769016,1.505000,1.500000,5800,1.510000,300,5.990000,0.085000
1479751769558,1.505000,1.500000,5800,1.510000,300,5.990000,0.085000
1479751772907,1.505000,1.500000,5800,1.510000,300,5.990000,0.085000
1479751774910,1.505000,1.500000,5800,1.510000,300,5.990000,0.085000
1479751777395,1.505000,1.500000,5800,1.510000,300,5.990000,0.085000
1479751779397,1.505000,1.500000,5800,1.510000,300,5.990000,0.085000
1479751781403,1.505000,1.500000,5800,1.510000,300,5.990000,0.085000
1479751783405,1.505000,1.500000,5800,1.510000,300,5.990000,0.085000
1479751784913,1.505000,1.500000,5800,1.510000,300,5.990000,0.085000
1479751786898,1.505000,1.500000,5800,1.510000,300,5.990000,0.085000
1479751789449,1.505000,1.500000,5800,1.510000,300,5.990000,0.085000
1479751791415,1.505000,1.500000,5800,1.510000,300,5.990000,0.085000
1479751793428,1.505000,1.500000,5800,1.510000,300,5.990000,0.085000
1479751795434,1.505000,1.500000,5800,1.510000,300,5.990000,0.085000
1479751797422,1.505000,1.500000,5800,1.510000,300,5.990000,0.085000
1479751799429,1.505000,1.500000,5800,1.510000,300,5.990000,0.085000
1479751801929,1.506500,1.500000,5800,1.510000,300,6.090000,0.086500
1479751803913,1.505000,1.500000,5800,1.510000,300,5.990000,0.085000
1479751805930,1.505000,1.500000,5800,1.510000,300,5.990000,0.085000
1479751807970,1.505000,1.500000,5800,1.510000,300,5.990000,0.085000
1479751809927,1.505000,1.500000,5800,1.510000,300,5.990000,0.085000
1479751811918,1.505000,1.500000,5800,1.510000,300,5.990000,0.085000
1479751813928,1.505000,1.500000,5800,1.510000,300,5.990000,0.085000
1479751815907,1.505000,1.500000,5800,1.510000,300,5.990000,0.085000
1479751817943,1.505000,1.500000,5800,1.510000,300,5.990000,0.085000
1479751820448,1.505000,1.500000,5800,1.510000,300,5.990000,0.085000
1479751822460,1.505000,1.500000,5800,1.510000,300,5.990000,0.085000
1479751824444,1.505000,1.500000,5800,1.510000,300,5.990000,0.085000
1479751826444,1.505000,1.500000,5800,1.510000,300,5.990000,0.085000
1479751828461,1.505000,1.500000,5800,1.510000,300,5.990000,0.085000
1479751830429,1.505000,1.500000,5800,1.510000,300,5.990000,0.085000
1479751832960,1.505000,1.500000,5800,1.510000,300,5.990000,0.085000
1479751834955,1.500000,1.500000,5500,1.510000,200,5.630000,0.080000
1479751836958,1.500000,1.500000,5500,1.510000,200,5.630000,0.080000
1479751838945,1.500000,1.500000,5500,1.510000,200,5.630000,0.080000
1479751841445,1.500000,1.500000,5500,1.510000,200,5.630000,0.080000
1479751843434,1.500000,1.500000,5500,1.510000,200,5.630000,0.080000
1479751845519,1.500000,1.500000,5500,1.510000,200,5.630000,0.080000
1479751847441,1.500000,1.500000,5500,1.510000,200,5.630000,0.080000
1479751849446,1.500000,1.500000,5500,1.510000,200,5.630000,0.080000
1479751851472,1.500000,1.500000,5500,1.510000,200,5.630000,0.080000
1479751853428,1.500000,1.500000,5500,1.510000,200,5.630000,0.080000
1479751855471,1.500000,1.500000,5500,1.510000,200,5.630000,0.080000
1479751857454,1.500000,1.500000,5500,1.510000,200,5.630000,0.080000
1479751859462,1.500000,1.500000,5500,1.510000,200,5.630000,0.080000
1479751861975,1.500000,1.500000,5500,1.510000,200,5.630000,0.080000
1479751864437,1.500000,1.500000,5500,1.510000,200,5.630000,0.080000
1479751866452,1.500000,1.500000,5500,1.510000,200,5.630000,0.080000
1479751868459,1.500000,1.500000,5500,1.510000,200,5.630000,0.080000
1479751870466,1.500000,1.500000,5500,1.510000,200,5.630000,0.080000
1479751872474,1.500000,1.500000,5500,1.510000,200,5.630000,0.080000
1479751874452,1.500000,1.500000,5500,1.510000,200,5.630000,0.080000
1479751876470,1.500000,1.500000,5500,1.510000,200,5.630000,0.080000
1479751878434,1.500000,1.500000,5500,1.510000,200,5.630000,0.080000
1479751880461,1.500000,1.500000,5500,1.510000,200,5.630000,0.080000
1479751882953,1.500000,1.500000,5500,1.510000,200,5.630000,0.080000
1479751884962,1.500000,1.500000,5500,1.510000,200,5.630000,0.080000
1479751886978,1.500000,1.500000,5500,1.510000,200,5.630000,0.080000
1479751888983,1.500000,1.500000,5500,1.510000,200,5.630000,0.080000
1479751891005,1.500000,1.500000,5500,1.510000,200,5.630000,0.080000
1479751892973,1.500000,1.500000,5500,1.510000,200,5.630000,0.080000
1479751894980,1.500000,1.500000,5500,1.510000,200,5.630000,0.080000
1479751897007,1.500000,1.500000,5500,1.510000,200,5.630000,0.080000
1479751899464,1.500000,1.500000,5500,1.510000,200,5.630000,0.080000
1479751901486,1.500000,1.500000,5500,1.510000,200,5.630000,0.080000
1479751903487,1.500000,1.500000,5500,1.510000,200,5.630000,0.080000
1479751905496,1.500000,1.500000,5500,1.510000,200,5.630000,0.080000
1479751906973,1.500000,1.500000,5500,1.510000,200,5.630000,0.080000
1479751909473,1.500000,1.500000,5500,1.510000,200,5.630000,0.080000
1479751911487,1.500000,1.500000,5500,1.510000,200,5.630000,0.080000
1479751913471,1.500000,1.500000,5500,1.510000,200,5.630000,0.080000
1479751915495,1.500000,1.500000,5500,1.510000,200,5.630000,0.080000
1479751917501,1.500000,1.500000,5500,1.510000,200,5.630000,0.080000
1479751919462,1.500000,1.500000,5500,1.510000,200,5.630000,0.080000
1479751921971,1.500000,1.500000,5500,1.510000,200,5.630000,0.080000
1479751923976,1.500000,1.500000,5500,1.510000,200,5.630000,0.080000
1479751925947,1.500000,1.500000,5500,1.510000,200,5.630000,0.080000
1479751928005,1.500000,1.500000,5500,1.510000,200,5.630000,0.080000
1479751929961,1.500000,1.500000,5500,1.510000,200,5.630000,0.080000
1479751932000,1.500000,1.500000,5500,1.510000,200,5.630000,0.080000
1479751934021,1.500000,1.500000,5500,1.510000,200,5.630000,0.080000
1479751935997,1.500000,1.500000,5500,1.510000,200,5.630000,0.080000
1479751937996,1.500000,1.500000,5500,1.510000,200,5.630000,0.080000
1479751939527,1.510000,1.500000,5500,1.510000,200,6.340000,0.090000
1479751942008,1.505000,1.500000,5500,1.510000,200,5.990000,0.085000
1479751944497,1.505000,1.500000,5500,1.510000,200,5.990000,0.085000
1479751946042,1.505000,1.500000,5500,1.510000,200,5.990000,0.085000
1479751948543,1.505000,1.500000,5500,1.510000,200,5.990000,0.085000
1479751950502,1.505000,1.500000,5500,1.510000,200,5.990000,0.085000
1479751952501,1.505000,1.500000,5500,1.510000,200,5.990000,0.085000
1479751954466,1.505000,1.500000,5500,1.510000,200,5.990000,0.085000
1479751956511,1.505000,1.500000,5500,1.510000,200,5.990000,0.085000
1479751958511,1.505000,1.500000,5500,1.510000,200,5.990000,0.085000
1479751960523,1.505000,1.500000,5500,1.510000,200,5.990000,0.085000
1479751962531,1.505000,1.500000,5500,1.510000,200,5.990000,0.085000
1479751964546,1.505000,1.500000,5500,1.510000,200,5.990000,0.085000
1479751966502,1.505000,1.500000,5500,1.510000,200,5.990000,0.085000
1479751969017,1.505000,1.500000,5500,1.510000,200,5.990000,0.085000
1479751970490,1.505000,1.500000,5500,1.510000,200,5.990000,0.085000
1479751973018,1.505000,1.500000,5500,1.510000,200,5.990000,0.085000
1479751974503,1.505000,1.500000,5500,1.510000,200,5.990000,0.085000
1479751977007,1.505000,1.500000,5500,1.510000,200,5.990000,0.085000
1479751979028,1.505000,1.500000,5500,1.510000,200,5.990000,0.085000
1479751981024,1.505000,1.500000,5500,1.510000,200,5.990000,0.085000
1479751983496,1.505000,1.500000,5500,1.510000,200,5.990000,0.085000
1479751985059,1.505000,1.500000,5500,1.510000,200,5.990000,0.085000
1479751987553,1.505000,1.500000,5500,1.510000,200,5.990000,0.085000
1479751989531,1.505000,1.500000,5500,1.510000,200,5.990000,0.085000
1479751991502,1.505000,1.500000,5500,1.510000,200,5.990000,0.085000
1479751992497,1.505000,1.500000,5500,1.510000,200,5.990000,0.085000
1479751995533,1.505000,1.500000,5500,1.510000,200,5.990000,0.085000
1479751997041,1.505000,1.500000,5500,1.510000,200,5.990000,0.085000
1479751999472,1.505000,1.500000,5500,1.510000,200,5.990000,0.085000
1479752001514,1.505000,1.500000,5500,1.510000,200,5.990000,0.085000
1479752004008,1.505000,1.500000,5500,1.510000,200,5.990000,0.085000
1479752005035,1.505000,1.500000,5500,1.510000,200,5.990000,0.085000
1479752008010,1.505000,1.500000,5500,1.510000,200,5.990000,0.085000
1479752009514,1.505000,1.500000,5500,1.510000,200,5.990000,0.085000
1479752012011,1.505000,1.500000,5500,1.510000,200,5.990000,0.085000
1479752014029,1.505000,1.500000,5500,1.510000,200,5.990000,0.085000
1479752016024,1.505000,1.500000,5500,1.510000,200,5.990000,0.085000
1479752018021,1.505000,1.500000,5500,1.510000,200,5.990000,0.085000
1479752019530,1.505000,1.500000,5500,1.510000,200,5.990000,0.085000
1479752022516,1.505900,1.500000,5500,1.510000,200,6.050000,0.085900
1479752024543,1.510000,1.500000,5500,1.510000,100,6.340000,0.090000
1479752026597,1.510000,1.500000,5500,1.510000,100,6.340000,0.090000
1479752028542,1.510000,1.500000,5500,1.510000,100,6.340000,0.090000
1479752030530,1.510000,1.500000,5500,1.510000,100,6.340000,0.090000
1479752033015,1.510000,1.500000,5500,1.510000,100,6.340000,0.090000
1479752034506,1.510000,1.500000,5500,1.510000,200,6.340000,0.090000
1479752036031,1.510000,1.500000,5500,1.510000,200,6.340000,0.090000
1479752038519,1.510000,1.500000,5500,1.510000,200,6.340000,0.090000
1479752041027,1.510000,1.500000,5500,1.510000,200,6.340000,0.090000
1479752043081,1.510000,1.500000,5500,1.510000,200,6.340000,0.090000
1479752045015,1.510000,1.500000,5500,1.510000,200,6.340000,0.090000
1479752047398,1.510000,1.500000,5500,1.510000,200,6.340000,0.090000
1479752049382,1.510000,1.500000,5500,1.510000,100,6.340000,0.090000
1479752051392,1.510000,1.500000,5500,1.510000,100,6.340000,0.090000
1479752053387,1.500000,1.500000,5500,1.510000,100,5.630000,0.080000
1479752055404,1.505000,1.500000,5500,1.510000,100,5.990000,0.085000
1479752057406,1.505000,1.500000,5500,1.510000,100,5.990000,0.085000
1479752059392,1.505000,1.500000,5500,1.510000,100,5.990000,0.085000
1479752061412,1.505000,1.500000,5500,1.510000,100,5.990000,0.085000
1479752063393,1.505000,1.500000,5500,1.510000,100,5.990000,0.085000
1479752065911,1.505000,1.500000,5500,1.510000,100,5.990000,0.085000
1479752067913,1.505000,1.500000,5500,1.510000,100,5.990000,0.085000
1479752069899,1.505000,1.500000,5500,1.510000,100,5.990000,0.085000
1479752071904,1.505000,1.500000,5500,1.510000,100,5.990000,0.085000
1479752073913,1.505000,1.500000,5500,1.510000,100,5.990000,0.085000
1479752075399,1.505000,1.500000,5500,1.510000,100,5.990000,0.085000
1479752077981,1.505000,1.500000,5500,1.510000,100,5.990000,0.085000
1479752079920,1.505000,1.500000,5500,1.510000,100,5.990000,0.085000
1479752081891,1.505000,1.500000,5500,1.510000,100,5.990000,0.085000
1479752083947,1.505000,1.500000,5500,1.510000,100,5.990000,0.085000
1479752085900,1.505000,1.500000,5500,1.510000,100,5.990000,0.085000
1479752087934,1.505000,1.500000,5500,1.510000,100,5.990000,0.085000
1479752090447,1.505000,1.500000,5500,1.510000,100,5.990000,0.085000
1479752092468,1.505000,1.500000,5500,1.510000,100,5.990000,0.085000
1479752094401,1.505000,1.500000,5500,1.510000,100,5.990000,0.085000
1479752096422,1.505000,1.500000,5500,1.510000,100,5.990000,0.085000
1479752098440,1.505000,1.500000,5500,1.510000,100,5.990000,0.085000
1479752100426,1.505000,1.500000,5500,1.510000,100,5.990000,0.085000
1479752102411,1.505000,1.500000,5500,1.510000,100,5.990000,0.085000
1479752104518,1.505000,1.500000,5500,1.510000,100,5.990000,0.085000
1479752106953,1.505000,1.500000,5500,1.510000,100,5.990000,0.085000
1479752108941,1.505000,1.500000,5500,1.510000,100,5.990000,0.085000
1479752110905,1.505000,1.500000,5500,1.510000,100,5.990000,0.085000
1479752112907,1.505000,1.500000,5500,1.510000,100,5.990000,0.085000
1479752114933,1.505000,1.500000,5500,1.510000,100,5.990000,0.085000
1479752116912,1.505000,1.500000,5500,1.510000,100,5.990000,0.085000
1479752118935,1.505000,1.500000,5500,1.510000,100,5.990000,0.085000
1479752120909,1.505000,1.500000,5500,1.510000,100,5.990000,0.085000
1479752122938,1.505000,1.500000,5500,1.510000,100,5.990000,0.085000
1479752124936,1.505000,1.500000,5500,1.510000,100,5.990000,0.085000
1479752127420,1.505000,1.500000,5500,1.510000,100,5.990000,0.085000
1479752129428,1.505000,1.500000,5500,1.510000,100,5.990000,0.085000
1479752131438,1.505000,1.500000,5500,1.510000,100,5.990000,0.085000
1479752132925,1.505000,1.500000,5500,1.510000,100,5.990000,0.085000
1479752135428,1.505000,1.500000,5500,1.510000,100,5.990000,0.085000
1479752137472,1.505000,1.500000,5500,1.510000,100,5.990000,0.085000
1479752139421,1.505000,1.500000,5500,1.510000,100,5.990000,0.085000
1479752141437,1.505000,1.500000,5500,1.510000,100,5.990000,0.085000
1479752143469,1.505000,1.500000,5500,1.510000,100,5.990000,0.085000
1479752145448,1.505000,1.500000,5500,1.510000,100,5.990000,0.085000
1479752147457,1.505000,1.500000,5500,1.510000,100,5.990000,0.085000
1479752149467,1.505000,1.500000,5500,1.510000,100,5.990000,0.085000
1479752151448,1.505000,1.500000,5500,1.510000,100,5.990000,0.085000
1479752153941,1.505000,1.500000,5500,1.510000,100,5.990000,0.085000
1479752155957,1.505000,1.500000,5500,1.510000,100,5.990000,0.085000
1479752157449,1.505000,1.500000,5500,1.510000,100,5.990000,0.085000
1479752159968,1.505000,1.500000,5500,1.510000,100,5.990000,0.085000
1479752161953,1.505000,1.500000,5500,1.510000,100,5.990000,0.085000
1479752163944,1.505000,1.500000,5500,1.510000,100,5.990000,0.085000
1479752165962,1.505000,1.500000,5500,1.510000,100,5.990000,0.085000
1479752167962,1.505000,1.500000,5500,1.510000,100,5.990000,0.085000
1479752169924,1.505000,1.500000,5500,1.510000,100,5.990000,0.085000
1479752171945,1.505000,1.500000,5500,1.510000,100,5.990000,0.085000
1479752174426,1.505000,1.500000,5500,1.510000,100,5.990000,0.085000
1479752176448,1.505000,1.500000,5500,1.510000,100,5.990000,0.085000
1479752178452,1.505000,1.500000,5500,1.510000,100,5.990000,0.085000
1479752179992,1.505000,1.500000,5500,1.510000,100,5.990000,0.085000
1479752182436,1.505000,1.500000,5500,1.510000,100,5.990000,0.085000
1479752184452,1.505000,1.500000,5500,1.510000,100,5.990000,0.085000
1479752186444,1.505000,1.500000,5500,1.510000,100,5.990000,0.085000
1479752188469,1.505000,1.500000,5500,1.510000,100,5.990000,0.085000
1479752190472,1.505000,1.500000,5500,1.510000,100,5.990000,0.085000
1479752192486,1.505000,1.500000,5500,1.510000,100,5.990000,0.085000
1479752194483,1.505000,1.500000,5500,1.510000,100,5.990000,0.085000
1479752196968,1.505000,1.500000,5500,1.510000,100,5.990000,0.085000
1479752198987,1.505000,1.500000,5500,1.510000,100,5.990000,0.085000
1479752201009,1.505000,1.500000,5500,1.510000,100,5.990000,0.085000
1479752202997,1.505000,1.500000,5500,1.510000,100,5.990000,0.085000
1479752204969,1.505000,1.500000,5500,1.510000,100,5.990000,0.085000
1479752207025,1.505000,1.500000,5500,1.510000,100,5.990000,0.085000
1479752207512,1.505000,1.500000,5500,1.510000,100,5.990000,0.085000
1479752210976,1.505000,1.500000,5500,1.510000,100,5.990000,0.085000
1479752213009,1.505000,1.500000,5500,1.510000,100,5.990000,0.085000
1479752214487,1.505000,1.500000,5500,1.510000,100,5.990000,0.085000
1479752217011,1.505000,1.500000,5500,1.510000,100,5.990000,0.085000
1479752218998,1.505000,1.500000,5500,1.510000,100,5.990000,0.085000
1479752221497,1.506700,1.500000,5500,1.510000,100,6.110000,0.086700
1479752223522,1.506700,1.500000,5500,1.510000,100,6.110000,0.086700
1479752225522,1.506700,1.500000,5500,1.510000,100,6.110000,0.086700
1479752227502,1.506700,1.500000,5500,1.510000,100,6.110000,0.086700
1479752229587,1.506700,1.500000,5500,1.510000,100,6.110000,0.086700
1479752231522,1.506700,1.500000,5500,1.510000,100,6.110000,0.086700
1479752233510,1.506700,1.500000,5500,1.510000,100,6.110000,0.086700
1479752234993,1.506700,1.500000,5500,1.510000,100,6.110000,0.086700
1479752237503,1.506700,1.500000,5500,1.510000,100,6.110000,0.086700
1479752239505,1.506700,1.500000,5500,1.510000,100,6.110000,0.086700
1479752241486,1.506700,1.500000,5500,1.510000,100,6.110000,0.086700
1479752243510,1.506700,1.500000,5500,1.510000,100,6.110000,0.086700
1479752245999,1.506700,1.500000,5500,1.510000,100,6.110000,0.086700
1479752248016,1.506700,1.500000,5500,1.510000,100,6.110000,0.086700
1479752250029,1.506700,1.500000,5500,1.510000,100,6.110000,0.086700
1479752252503,1.506700,1.500000,5500,1.510000,100,6.110000,0.086700
1479752254507,1.506700,1.500000,5500,1.510000,100,6.110000,0.086700
1479752256499,1.506700,1.500000,5500,1.510000,100,6.110000,0.086700
1479752258513,1.506700,1.500000,5500,1.510000,100,6.110000,0.086700
1479752260521,1.506700,1.500000,5500,1.510000,100,6.110000,0.086700
1479752262538,1.506700,1.500000,5500,1.510000,100,6.110000,0.086700
1479752264513,1.506700,1.500000,5500,1.510000,100,6.110000,0.086700
1479752266517,1.506700,1.500000,5500,1.510000,100,6.110000,0.086700
1479752267577,1.506700,1.500000,5500,1.510000,100,6.110000,0.086700
1479752270490,1.506700,1.500000,5500,1.510000,100,6.110000,0.086700
1479752272599,1.506700,1.500000,5500,1.510000,100,6.110000,0.086700
1479752274526,1.509900,1.500000,5500,1.510000,100,6.330000,0.089900
1479752277009,1.509900,1.500000,5500,1.510000,100,6.330000,0.089900
1479752279015,1.509900,1.500000,5500,1.510000,100,6.330000,0.089900
1479752281039,1.509900,1.500000,5500,1.510000,100,6.330000,0.089900
1479752283085,1.509900,1.500000,5500,1.510000,100,6.330000,0.089900
1479752285030,1.509900,1.500000,5500,1.510000,300,6.330000,0.089900
1479752287081,1.509900,1.500000,5500,1.510000,300,6.330000,0.089900
1479752289051,1.509900,1.500000,5500,1.510000,300,6.330000,0.089900
1479752291038,1.509900,1.500000,5500,1.510000,300,6.330000,0.089900
1479752292536,1.509900,1.500000,5500,1.510000,300,6.330000,0.089900
1479752295532,1.509900,1.500000,5500,1.510000,300,6.330000,0.089900
1479752297546,1.509900,1.500000,5500,1.510000,300,6.330000,0.089900
1479752299526,1.509900,1.500000,5500,1.510000,300,6.330000,0.089900
1479752301513,1.509900,1.500000,5500,1.510000,300,6.330000,0.089900
1479752303002,1.509900,1.500000,5500,1.510000,300,6.330000,0.089900
1479752305549,1.509900,1.500000,5500,1.510000,300,6.330000,0.089900
1479752307019,1.509900,1.500000,5500,1.510000,300,6.330000,0.089900
1479752309511,1.509900,1.500000,5500,1.510000,300,6.330000,0.089900
1479752311529,1.509900,1.500000,5500,1.510000,300,6.330000,0.089900
1479752313545,1.509900,1.500000,5500,1.510000,300,6.330000,0.089900
1479752315573,1.509900,1.500000,5500,1.510000,300,6.330000,0.089900
1479752317032,1.509900,1.500000,5500,1.510000,300,6.330000,0.089900
1479752319061,1.509000,1.500000,4700,1.510000,300,6.270000,0.089000
1479752321038,1.509000,1.500000,4700,1.510000,300,6.270000,0.089000
1479752323519,1.509000,1.500000,4700,1.510000,300,6.270000,0.089000
1479752325066,1.509000,1.500000,4700,1.510000,300,6.270000,0.089000
1479752327530,1.509000,1.500000,4700,1.510000,300,6.270000,0.089000
1479752329902,1.509000,1.500000,4700,1.510000,300,6.270000,0.089000
1479752331884,1.509000,1.500000,4700,1.510000,300,6.270000,0.089000
1479752333900,1.509000,1.500000,4700,1.510000,300,6.270000,0.089000
1479752336403,1.509000,1.500000,4700,1.510000,300,6.270000,0.089000
1479752337390,1.509000,1.500000,4700,1.510000,300,6.270000,0.089000
1479752340398,1.509000,1.500000,4700,1.510000,300,6.270000,0.089000
1479752342401,1.509000,1.500000,4700,1.510000,300,6.270000,0.089000
1479752344414,1.509000,1.500000,4700,1.510000,300,6.270000,0.089000
1479752345944,1.509000,1.500000,4700,1.510000,300,6.270000,0.089000
1479752348443,1.509000,1.500000,4700,1.510000,300,6.270000,0.089000
1479752350916,1.509000,1.500000,4700,1.510000,300,6.270000,0.089000
1479752352925,1.509000,1.500000,4700,1.510000,300,6.270000,0.089000
1479752354937,1.505000,1.500000,4700,1.510000,300,5.990000,0.085000
1479752356471,1.505000,1.500000,4700,1.510000,300,5.990000,0.085000
1479752358910,1.505000,1.500000,4700,1.510000,300,5.990000,0.085000
1479752360417,1.505000,1.500000,4700,1.510000,300,5.990000,0.085000
1479752363419,1.505000,1.500000,4700,1.510000,300,5.990000,0.085000
1479752363917,1.505000,1.500000,4700,1.510000,300,5.990000,0.085000
1479752367409,1.505000,1.500000,4700,1.510000,300,5.990000,0.085000
1479752369444,1.505000,1.500000,4700,1.510000,300,5.990000,0.085000
1479752371429,1.505000,1.500000,4700,1.510000,300,5.990000,0.085000
1479752373406,1.505000,1.500000,4700,1.510000,300,5.990000,0.085000
1479752375437,1.505000,1.500000,4700,1.510000,300,5.990000,0.085000
1479752377418,1.505000,1.500000,4700,1.510000,300,5.990000,0.085000
1479752378457,1.505000,1.500000,4700,1.510000,300,5.990000,0.085000
1479752381917,1.505000,1.500000,4700,1.510000,300,5.990000,0.085000
1479752383936,1.505000,1.500000,4700,1.510000,300,5.990000,0.085000
1479752385944,1.505000,1.500000,4700,1.510000,300,5.990000,0.085000
1479752387949,1.505000,1.500000,4700,1.510000,300,5.990000,0.085000
1479752389969,1.505000,1.500000,4700,1.510000,300,5.990000,0.085000
1479752391958,1.505000,1.500000,4700,1.510000,300,5.990000,0.085000
1479752393961,1.505000,1.500000,4700,1.510000,300,5.990000,0.085000
1479752395933,1.505000,1.500000,4700,1.510000,300,5.990000,0.085000
1479752397940,1.505000,1.500000,4700,1.510000,300,5.990000,0.085000
1479752399964,1.505000,1.500000,4700,1.510000,300,5.990000,0.085000
1479752402452,1.505000,1.500000,4700,1.510000,300,5.990000,0.085000
1479752404471,1.505000,1.500000,4700,1.510000,300,5.990000,0.085000
1479752405957,1.505000,1.500000,4700,1.510000,300,5.990000,0.085000
1479752408458,1.505000,1.500000,4700,1.510000,300,5.990000,0.085000
1479752410481,1.505000,1.500000,4700,1.510000,300,5.990000,0.085000
1479752412429,1.505000,1.500000,4700,1.510000,300,5.990000,0.085000
1479752414458,1.505000,1.500000,4700,1.510000,300,5.990000,0.085000
1479752416441,1.505000,1.500000,4700,1.510000,300,5.990000,0.085000
1479752418949,1.505000,1.500000,4700,1.510000,300,5.990000,0.085000
1479752420944,1.505000,1.500000,4700,1.510000,300,5.990000,0.085000
1479752422939,1.505000,1.500000,4700,1.510000,300,5.990000,0.085000
1479752424945,1.505000,1.500000,4700,1.510000,300,5.990000,0.085000
1479752426962,1.505000,1.500000,4700,1.510000,300,5.990000,0.085000
1479752428967,1.505000,1.500000,4700,1.510000,300,5.990000,0.085000
1479752430488,1.505000,1.500000,4700,1.510000,300,5.990000,0.085000
1479752432961,1.505000,1.500000,4700,1.510000,300,5.990000,0.085000
1479752435436,1.505000,1.500000,4700,1.510000,300,5.990000,0.085000
1479752437477,1.505000,1.500000,4700,1.510000,300,5.990000,0.085000
1479752439464,1.505000,1.500000,4700,1.510000,300,5.990000,0.085000
1479752441503,1.505000,1.500000,4700,1.510000,300,5.990000,0.085000
1479752443469,1.505000,1.500000,4700,1.510000,300,5.990000,0.085000
1479752445431,1.508100,1.500000,4700,1.510000,300,6.200000,0.088100
1479752447464,1.508100,1.500000,4700,1.510000,300,6.200000,0.088100
1479752449481,1.508100,1.500000,4700,1.510000,300,6.200000,0.088100
1479752451472,1.508100,1.500000,4700,1.510000,300,6.200000,0.088100
1479752453458,1.508100,1.500000,4700,1.510000,300,6.200000,0.088100
1479752455449,1.510000,1.500000,4700,1.510000,200,6.340000,0.090000
1479752457974,1.510000,1.500000,4700,1.510000,200,6.340000,0.090000
1479752459980,1.510000,1.500000,4700,1.510000,200,6.340000,0.090000
1479752461968,1.510000,1.500000,4700,1.510000,200,6.340000,0.090000
1479752463457,1.510000,1.500000,4700,1.510000,200,6.340000,0.090000
1479752465485,1.505000,1.500000,3400,1.510000,100,5.990000,0.085000
1479752467503,1.505000,1.500000,3400,1.510000,100,5.990000,0.085000
1479752470031,1.505000,1.500000,3400,1.510000,100,5.990000,0.085000
1479752471983,1.505000,1.500000,3400,1.510000,100,5.990000,0.085000
1479752474484,1.505000,1.500000,3400,1.510000,300,5.990000,0.085000
1479752476489,1.505000,1.500000,3400,1.510000,300,5.990000,0.085000
1479752477477,1.505000,1.500000,3400,1.510000,300,5.990000,0.085000
1479752480001,1.505000,1.500000,3400,1.510000,300,5.990000,0.085000
1479752482489,1.505000,1.500000,3400,1.510000,300,5.990000,0.085000
1479752484488,1.505000,1.500000,3400,1.510000,300,5.990000,0.085000
1479752486470,1.505000,1.500000,3400,1.510000,300,5.990000,0.085000
1479752488499,1.505000,1.500000,3400,1.510000,300,5.990000,0.085000
1479752489958,1.505000,1.500000,3400,1.510000,300,5.990000,0.085000
1479752492512,1.505000,1.500000,3400,1.510000,300,5.990000,0.085000
1479752494990,1.505000,1.500000,3400,1.510000,300,5.990000,0.085000
1479752496967,1.505000,1.500000,3400,1.510000,300,5.990000,0.085000
1479752498989,1.505000,1.500000,3400,1.510000,300,5.990000,0.085000
1479752500982,1.505000,1.500000,3400,1.510000,300,5.990000,0.085000
1479752502999,1.505000,1.500000,3400,1.510000,300,5.990000,0.085000
1479752505001,1.505000,1.500000,3400,1.510000,300,5.990000,0.085000
1479752506994,1.505000,1.500000,3400,1.510000,300,5.990000,0.085000
1479752508507,1.505000,1.500000,3400,1.510000,300,5.990000,0.085000
1479752510021,1.505000,1.500000,3400,1.510000,300,5.990000,0.085000
1479752513002,1.505000,1.500000,3400,1.510000,300,5.990000,0.085000
1479752515552,1.505000,1.500000,3400,1.510000,300,5.990000,0.085000
1479752517504,1.505000,1.500000,3400,1.510000,300,5.990000,0.085000
1479752519499,1.505000,1.500000,3400,1.510000,300,5.990000,0.085000
1479752521517,1.509400,1.500000,3400,1.510000,300,6.300000,0.089400
1479752523508,1.509400,1.500000,3400,1.510000,300,6.300000,0.089400
1479752525589,1.509400,1.500000,3400,1.510000,300,6.300000,0.089400
1479752526992,1.509400,1.500000,3400,1.510000,300,6.300000,0.089400
1479752529529,1.509400,1.500000,3400,1.510000,300,6.300000,0.089400
1479752532030,1.509400,1.500000,3400,1.510000,300,6.300000,0.089400
1479752534019,1.509400,1.500000,3400,1.510000,300,6.300000,0.089400
1479752536020,1.509400,1.500000,3400,1.510000,300,6.300000,0.089400
1479752537527,1.509400,1.500000,3400,1.510000,300,6.300000,0.089400
1479752540040,1.509400,1.500000,3400,1.510000,300,6.300000,0.089400
1479752542014,1.509400,1.500000,3400,1.510000,300,6.300000,0.089400
1479752543577,1.509400,1.500000,3400,1.510000,300,6.300000,0.089400
1479752545624,1.509400,1.500000,3400,1.510000,300,6.300000,0.089400
1479752548499,1.509400,1.500000,3400,1.510000,300,6.300000,0.089400
1479752550584,1.509400,1.500000,3400,1.510000,300,6.300000,0.089400
1479752552509,1.509400,1.500000,3400,1.510000,300,6.300000,0.089400
1479752554512,1.509400,1.500000,3400,1.510000,300,6.300000,0.089400
1479752556526,1.509400,1.500000,3400,1.510000,300,6.300000,0.089400
1479752558544,1.509400,1.500000,3400,1.510000,300,6.300000,0.089400
1479752560567,1.509400,1.500000,3400,1.510000,300,6.300000,0.089400
1479752562548,1.509400,1.500000,3400,1.510000,300,6.300000,0.089400
1479752565038,1.509400,1.500000,3400,1.510000,300,6.300000,0.089400
1479752566547,1.509400,1.500000,3400,1.510000,300,6.300000,0.089400
1479752568531,1.509400,1.500000,3400,1.510000,300,6.300000,0.089400
1479752571103,1.509400,1.500000,3400,1.510000,300,6.300000,0.089400
1479752573021,1.509400,1.500000,3400,1.510000,300,6.300000,0.089400
1479752575046,1.509300,1.500000,3400,1.510000,300,6.290000,0.089300
1479752577029,1.509300,1.500000,3400,1.510000,300,6.290000,0.089300
1479752578592,1.509300,1.500000,3400,1.510000,300,6.290000,0.089300
1479752581039,1.509300,1.500000,3400,1.510000,300,6.290000,0.089300
1479752583051,1.509300,1.500000,3400,1.510000,300,6.290000,0.089300
1479752584061,1.509300,1.500000,3400,1.510000,300,6.290000,0.089300
1479752587541,1.509300,1.500000,3400,1.510000,300,6.290000,0.089300
1479752588553,1.509300,1.500000,3400,1.510000,300,6.290000,0.089300
1479752591584,1.509300,1.500000,3400,1.510000,300,6.290000,0.089300
1479752593563,1.509300,1.500000,3400,1.510000,300,6.290000,0.089300
1479752595533,1.509300,1.500000,3400,1.510000,300,6.290000,0.089300
1479752597040,1.509300,1.500000,3400,1.510000,300,6.290000,0.089300
1479752599046,1.509300,1.500000,3400,1.510000,300,6.290000,0.089300
1479752601049,1.509300,1.500000,3400,1.510000,300,6.290000,0.089300
1479752603094,1.509300,1.500000,3400,1.510000,300,6.290000,0.089300
1479752605592,1.509300,1.500000,3400,1.510000,300,6.290000,0.089300
1479752607393,1.509300,1.500000,3400,1.510000,300,6.290000,0.089300
1479752609893,1.509300,1.500000,3400,1.510000,300,6.290000,0.089300
1479752611896,1.509300,1.500000,3400,1.510000,300,6.290000,0.089300
1479752614422,1.509300,1.500000,3400,1.510000,300,6.290000,0.089300
1479752616398,1.509300,1.500000,3400,1.510000,300,6.290000,0.089300
1479752618418,1.509300,1.500000,3400,1.510000,300,6.290000,0.089300
1479752620416,1.509300,1.500000,3400,1.510000,300,6.290000,0.089300
1479752622398,1.509300,1.500000,3400,1.510000,300,6.290000,0.089300
1479752624422,1.509300,1.500000,3400,1.510000,300,6.290000,0.089300
1479752626393,1.509300,1.500000,3400,1.510000,300,6.290000,0.089300
1479752628417,1.509300,1.500000,3400,1.510000,300,6.290000,0.089300
1479752630413,1.509300,1.500000,3400,1.510000,300,6.290000,0.089300
1479752632409,1.509300,1.500000,3400,1.510000,300,6.290000,0.089300
1479752634403,1.509300,1.500000,3400,1.510000,300,6.290000,0.089300
1479752636938,1.509300,1.500000,3400,1.510000,300,6.290000,0.089300
1479752638938,1.509300,1.500000,3400,1.510000,300,6.290000,0.089300
1479752640925,1.505800,1.500000,3400,1.510000,300,6.040000,0.085800
1479752642918,1.505800,1.500000,3400,1.510000,300,6.040000,0.085800
1479752644953,1.505000,1.500000,3400,1.510000,300,5.990000,0.085000
1479752647002,1.505000,1.500000,3400,1.510000,300,5.990000,0.085000
1479752648941,1.505000,1.500000,3400,1.510000,300,5.990000,0.085000
1479752650918,1.505000,1.500000,3400,1.510000,300,5.990000,0.085000
1479752652455,1.500000,1.500000,3400,1.510000,300,5.630000,0.080000
1479752654955,1.500000,1.500000,3400,1.510000,300,5.630000,0.080000
1479752656933,1.500000,1.500000,3400,1.510000,300,5.630000,0.080000
1479752658938,1.500000,1.500000,3400,1.510000,300,5.630000,0.080000
1479752661434,1.500000,1.500000,3400,1.510000,300,5.630000,0.080000
1479752662939,1.500000,1.500000,3400,1.510000,300,5.630000,0.080000
1479752665429,1.500000,1.500000,3400,1.510000,300,5.630000,0.080000
1479752667438,1.500000,1.500000,3400,1.510000,300,5.630000,0.080000
1479752668931,1.500000,1.500000,3400,1.510000,300,5.630000,0.080000
1479752671457,1.500000,1.500000,3400,1.510000,300,5.630000,0.080000
1479752673431,1.500000,1.500000,3400,1.510000,300,5.630000,0.080000
1479752675455,1.500000,1.500000,3400,1.510000,300,5.630000,0.080000
1479752677443,1.500000,1.500000,3400,1.510000,300,5.630000,0.080000
1479752679997,1.500000,1.500000,3400,1.510000,300,5.630000,0.080000
1479752681945,1.500000,1.500000,3400,1.510000,300,5.630000,0.080000
1479752683927,1.500000,1.500000,1700,1.510000,300,5.630000,0.080000
1479752685935,1.500000,1.500000,1800,1.510000,300,5.630000,0.080000
1479752687489,1.500000,1.500000,1800,1.510000,300,5.630000,0.080000
1479752689990,1.500000,1.500000,1800,1.510000,300,5.630000,0.080000
1479752691956,1.500000,1.500000,1800,1.510000,300,5.630000,0.080000
1479752693926,1.500000,1.500000,1800,1.510000,300,5.630000,0.080000
1479752696446,1.500000,1.500000,1800,1.510000,300,5.630000,0.080000
1479752697493,1.500000,1.500000,1800,1.510000,300,5.630000,0.080000
1479752700447,1.500000,1.500000,1800,1.510000,300,5.630000,0.080000
1479752702508,1.500000,1.500000,1800,1.510000,300,5.630000,0.080000
1479752704503,1.500000,1.500000,1800,1.510000,300,5.630000,0.080000
1479752706443,1.500000,1.500000,1800,1.510000,300,5.630000,0.080000
1479752707492,1.500000,1.500000,1800,1.510000,300,5.630000,0.080000
1479752710459,1.500000,1.500000,1800,1.510000,300,5.630000,0.080000
1479752712503,1.500000,1.500000,1800,1.510000,300,5.630000,0.080000
1479752714464,1.500000,1.500000,1800,1.510000,300,5.630000,0.080000
1479752716924,1.500000,1.500000,1800,1.510000,300,5.630000,0.080000
1479752718475,1.500000,1.500000,1800,1.510000,300,5.630000,0.080000
1479752720990,1.500000,1.500000,1800,1.510000,300,5.630000,0.080000
1479752722986,1.500000,1.500000,1800,1.510000,300,5.630000,0.080000
1479752724998,1.500000,1.500000,1800,1.510000,300,5.630000,0.080000
1479752726962,1.500000,1.500000,1800,1.510000,300,5.630000,0.080000
1479752728987,1.500000,1.500000,1800,1.510000,300,5.630000,0.080000
1479752730995,1.500000,1.500000,1800,1.510000,300,5.630000,0.080000
1479752731984,1.500000,1.500000,1800,1.510000,300,5.630000,0.080000
1479752735013,1.500000,1.500000,1800,1.520000,3200,5.630000,0.080000
1479752736484,1.500000,1.500000,1800,1.520000,3200,5.630000,0.080000
1479752737998,1.500000,1.500000,1800,1.520000,3200,5.630000,0.080000
1479752741480,1.500000,1.500000,1800,1.520000,3200,5.630000,0.080000
1479752743482,1.500000,1.500000,1800,1.520000,3200,5.630000,0.080000
1479752745030,1.500000,1.500000,1800,1.520000,3200,5.630000,0.080000
1479752747011,1.500000,1.500000,1800,1.520000,3200,5.630000,0.080000
1479752749499,1.500000,1.500000,1800,1.520000,3200,5.630000,0.080000
1479752751512,1.500000,1.500000,1800,1.520000,3200,5.630000,0.080000
1479752753475,1.500000,1.500000,1900,1.520000,3200,5.630000,0.080000
1479752755483,1.500000,1.500000,1900,1.520000,3200,5.630000,0.080000
1479752757505,1.500000,1.500000,1900,1.520000,3200,5.630000,0.080000
1479752759495,1.500000,1.500000,1900,1.520000,3200,5.630000,0.080000
1479752761974,1.500000,1.500000,1900,1.520000,3200,5.630000,0.080000
1479752764025,1.500000,1.500000,1900,1.520000,3200,5.630000,0.080000
1479752766002,1.500000,1.500000,1900,1.520000,3200,5.630000,0.080000
1479752767983,1.500000,1.500000,1900,1.520000,3200,5.630000,0.080000
1479752769979,1.500000,1.500000,1900,1.520000,3200,5.630000,0.080000
1479752771489,1.500000,1.500000,1900,1.520000,3200,5.630000,0.080000
1479752774045,1.500000,1.500000,1900,1.520000,3200,5.630000,0.080000
1479752775017,1.500000,1.500000,1900,1.520000,3200,5.630000,0.080000
1479752777992,1.500000,1.500000,1900,1.520000,3200,5.630000,0.080000
1479752780017,1.500000,1.500000,1900,1.520000,3200,5.630000,0.080000
1479752781526,1.500000,1.500000,1900,1.520000,3200,5.630000,0.080000
1479752784506,1.500000,1.500000,1900,1.520000,3200,5.630000,0.080000
1479752786479,1.500000,1.500000,1900,1.520000,3200,5.630000,0.080000
1479752788561,1.500000,1.500000,1900,1.520000,3200,5.630000,0.080000
1479752790505,1.500000,1.500000,1900,1.520000,3200,5.630000,0.080000
1479752792523,1.500000,1.500000,1900,1.520000,3200,5.630000,0.080000
1479752794517,1.500000,1.500000,1900,1.520000,3200,5.630000,0.080000
1479752796495,1.500000,1.500000,1900,1.520000,3200,5.630000,0.080000
1479752797517,1.500000,1.500000,1900,1.520000,3200,5.630000,0.080000
1479752800516,1.500000,1.500000,1900,1.520000,3200,5.630000,0.080000
1479752803013,1.500000,1.500000,1900,1.520000,3200,5.630000,0.080000
1479752805007,1.500000,1.500000,1900,1.520000,3200,5.630000,0.080000
1479752807024,1.500000,1.500000,1900,1.520000,3200,5.630000,0.080000
1479752809089,1.500000,1.500000,1900,1.520000,3200,5.630000,0.080000
1479752811011,1.500000,1.500000,1900,1.520000,3200,5.630000,0.080000
1479752813010,1.500000,1.500000,1900,1.520000,3200,5.630000,0.080000
1479752814535,1.500000,1.500000,1900,1.520000,3200,5.630000,0.080000
1479752817019,1.500000,1.500000,1900,1.520000,3200,5.630000,0.080000
1479752819021,1.500000,1.500000,1900,1.510000,300,5.630000,0.080000
1479752821032,1.500000,1.500000,1900,1.510000,300,5.630000,0.080000
1479752823069,1.500000,1.500000,1900,1.510000,300,5.630000,0.080000
1479752825049,1.500000,1.500000,1900,1.510000,300,5.630000,0.080000
1479752827044,1.500000,1.500000,1900,1.510000,300,5.630000,0.080000
1479752829528,1.500000,1.500000,1900,1.510000,300,5.630000,0.080000
1479752831522,1.500000,1.500000,1900,1.510000,300,5.630000,0.080000
1479752833560,1.500000,1.500000,1900,1.510000,300,5.630000,0.080000
1479752835042,1.500000,1.500000,1900,1.510000,300,5.630000,0.080000
1479752837538,1.500000,1.500000,1900,1.510000,300,5.630000,0.080000
1479752839010,1.500000,1.500000,1900,1.510000,300,5.630000,0.080000
1479752841554,1.500000,1.500000,1900,1.510000,300,5.630000,0.080000
1479752843524,1.500000,1.500000,1900,1.510000,300,5.630000,0.080000
1479752845554,1.500000,1.500000,1900,1.510000,300,5.630000,0.080000
1479752847530,1.500000,1.500000,1900,1.510000,300,5.630000,0.080000
1479752850072,1.500000,1.500000,1900,1.510000,300,5.630000,0.080000
1479752852083,1.500000,1.500000,1900,1.510000,300,5.630000,0.080000
1479752854089,1.500000,1.500000,1900,1.510000,300,5.630000,0.080000
1479752856117,1.500000,1.500000,1900,1.510000,300,5.630000,0.080000
1479752858057,1.500000,1.500000,1900,1.510000,300,5.630000,0.080000
1479752860045,1.500000,1.500000,1900,1.510000,300,5.630000,0.080000
1479752861560,1.500000,1.500000,1900,1.510000,300,5.630000,0.080000
1479752864052,1.500000,1.500000,1900,1.510000,300,5.630000,0.080000
1479752866142,1.500000,1.500000,1900,1.510000,300,5.630000,0.080000
1479752868063,1.500000,1.500000,1900,1.510000,300,5.630000,0.080000
1479752870557,1.500000,1.500000,1900,1.510000,300,5.630000,0.080000
1479752872568,1.500000,1.500000,1900,1.510000,300,5.630000,0.080000
1479752874544,1.500000,1.500000,1900,1.510000,300,5.630000,0.080000
1479752876581,1.500000,1.500000,1900,1.510000,300,5.630000,0.080000
1479752878918,1.500000,1.500000,1900,1.510000,300,5.630000,0.080000
1479752880904,1.500000,1.500000,1900,1.510000,300,5.630000,0.080000
1479752882888,1.500000,1.500000,1900,1.510000,300,5.630000,0.080000
1479752884893,1.500000,1.500000,1900,1.510000,300,5.630000,0.080000
1479752886900,1.500000,1.500000,1900,1.510000,300,5.630000,0.080000
1479752888908,1.500000,1.500000,1900,1.510000,300,5.630000,0.080000
1479752890897,1.500000,1.500000,1900,1.510000,300,5.630000,0.080000
1479752892912,1.500000,1.500000,1900,1.510000,300,5.630000,0.080000
1479752895405,1.500000,1.500000,1900,1.510000,300,5.630000,0.080000
1479752897412,1.500000,1.500000,1900,1.510000,300,5.630000,0.080000
1479752899405,1.500000,1.500000,1900,1.510000,300,5.630000,0.080000
1479752901409,1.500000,1.500000,1900,1.510000,300,5.630000,0.080000
1479752903425,1.500000,1.500000,1900,1.510000,300,5.630000,0.080000
1479752905495,1.500000,1.500000,1900,1.510000,300,5.630000,0.080000
1479752905913,1.500000,1.500000,1900,1.510000,300,5.630000,0.080000
1479752909419,1.500000,1.500000,1900,1.510000,300,5.630000,0.080000
1479752911413,1.500000,1.500000,1900,1.510000,300,5.630000,0.080000
1479752913432,1.500000,1.500000,1900,1.510000,300,5.630000,0.080000
1479752915447,1.500000,1.500000,1900,1.510000,300,5.630000,0.080000
1479752917423,1.500000,1.500000,1900,1.510000,300,5.630000,0.080000
1479752919934,1.500000,1.500000,1900,1.510000,300,5.630000,0.080000
1479752921926,1.500000,1.500000,1900,1.510000,300,5.630000,0.080000
1479752923949,1.500000,1.500000,1900,1.510000,300,5.630000,0.080000
1479752925918,1.500000,1.500000,1900,1.510000,300,5.630000,0.080000
1479752928436,1.500000,1.500000,1900,1.510000,300,5.630000,0.080000
1479752930452,1.500000,1.500000,1900,1.510000,300,5.630000,0.080000
1479752932458,1.500000,1.500000,1900,1.510000,300,5.630000,0.080000
1479752934418,1.500000,1.500000,1900,1.510000,300,5.630000,0.080000
1479752936433,1.500000,1.500000,1900,1.510000,300,5.630000,0.080000
1479752938444,1.500000,1.500000,1900,1.510000,300,5.630000,0.080000
1479752940458,1.500000,1.500000,1900,1.510000,300,5.630000,0.080000
1479752942942,1.500000,1.500000,1900,1.510000,300,5.630000,0.080000
1479752944924,1.500000,1.500000,1900,1.510000,300,5.630000,0.080000
1479752947006,1.500000,1.500000,1900,1.510000,300,5.630000,0.080000
1479752948554,1.500000,1.500000,1900,1.510000,300,5.630000,0.080000
1479752950991,1.500000,1.500000,1900,1.510000,300,5.630000,0.080000
1479752952968,1.500000,1.500000,1900,1.510000,300,5.630000,0.080000
1479752954935,1.500000,1.500000,1900,1.510000,300,5.630000,0.080000
1479752956453,1.500000,1.500000,1900,1.510000,300,5.630000,0.080000
1479752958970,1.500000,1.500000,1900,1.510000,300,5.630000,0.080000
1479752960439,1.500000,1.500000,1900,1.510000,300,5.630000,0.080000
1479752962979,1.500000,1.500000,1900,1.510000,300,5.630000,0.080000
1479752964935,1.500000,1.500000,1900,1.510000,300,5.630000,0.080000
1479752967455,1.500000,1.500000,1900,1.510000,300,5.630000,0.080000
1479752968483,1.500000,1.500000,1900,1.510000,300,5.630000,0.080000
1479752971458,1.508500,1.500000,1900,1.510000,300,6.230000,0.088500
1479752973446,1.505000,1.500000,1900,1.510000,300,5.990000,0.085000
1479752975469,1.505000,1.500000,1900,1.510000,300,5.990000,0.085000
1479752977486,1.505000,1.500000,1900,1.510000,300,5.990000,0.085000
1479752979471,1.505000,1.500000,1900,1.510000,300,5.990000,0.085000
1479752981966,1.505000,1.500000,1900,1.510000,300,5.990000,0.085000
1479752983935,1.505000,1.500000,1900,1.510000,300,5.990000,0.085000
1479752984473,1.505000,1.500000,1900,1.510000,300,5.990000,0.085000
1479752987946,1.505000,1.500000,1900,1.510000,300,5.990000,0.085000
1479752989928,1.505000,1.500000,1900,1.510000,300,5.990000,0.085000
1479752991975,1.505000,1.500000,1900,1.510000,300,5.990000,0.085000
1479752993971,1.505000,1.500000,1900,1.510000,300,5.990000,0.085000
1479752995954,1.505000,1.500000,1900,1.510000,300,5.990000,0.085000
1479752997969,1.505000,1.500000,1900,1.510000,300,5.990000,0.085000
1479752999980,1.505000,1.500000,1900,1.510000,300,5.990000,0.085000
1479753002482,1.505000,1.500000,1900,1.510000,300,5.990000,0.085000
1479753004486,1.505000,1.500000,1900,1.510000,300,5.990000,0.085000
1479753006492,1.505000,1.500000,1900,1.510000,300,5.990000,0.085000
1479753008560,1.505000,1.500000,1900,1.510000,300,5.990000,0.085000
1479753010466,1.505000,1.500000,1900,1.510000,300,5.990000,0.085000
1479753012989,1.505000,1.500000,1900,1.510000,300,5.990000,0.085000
1479753014970,1.505000,1.500000,1900,1.510000,300,5.990000,0.085000
1479753016521,1.505000,1.500000,1900,1.510000,300,5.990000,0.085000
1479753018518,1.505000,1.500000,1900,1.510000,300,5.990000,0.085000
1479753020974,1.505000,1.500000,1900,1.510000,300,5.990000,0.085000
1479753023009,1.505000,1.500000,1900,1.510000,300,5.990000,0.085000
1479753024497,1.505000,1.500000,1900,1.510000,300,5.990000,0.085000
1479753026492,1.505000,1.500000,1900,1.510000,300,5.990000,0.085000
1479753028980,1.505000,1.500000,1900,1.510000,300,5.990000,0.085000
1479753030507,1.505000,1.500000,1900,1.510000,300,5.990000,0.085000
1479753032990,1.505000,1.500000,1900,1.510000,300,5.990000,0.085000
1479753035537,1.505000,1.500000,1900,1.510000,300,5.990000,0.085000
1479753037497,1.505000,1.500000,1900,1.510000,300,5.990000,0.085000
1479753039516,1.505000,1.500000,1900,1.510000,300,5.990000,0.085000
1479753041500,1.505000,1.500000,1900,1.510000,300,5.990000,0.085000
1479753043489,1.505000,1.500000,1900,1.510000,300,5.990000,0.085000
1479753045492,1.505000,1.500000,1900,1.510000,300,5.990000,0.085000
1479753047515,1.505000,1.500000,1900,1.510000,300,5.990000,0.085000
1479753049492,1.505000,1.500000,1900,1.510000,300,5.990000,0.085000
1479753051517,1.505000,1.500000,1900,1.510000,300,5.990000,0.085000
1479753053526,1.505000,1.500000,1900,1.510000,300,5.990000,0.085000
1479753055019,1.505000,1.500000,1900,1.510000,300,5.990000,0.085000
1479753057980,1.505000,1.500000,1900,1.510000,300,5.990000,0.085000
1479753060004,1.505000,1.500000,1900,1.510000,300,5.990000,0.085000
1479753062007,1.505000,1.500000,1900,1.510000,300,5.990000,0.085000
1479753064002,1.505000,1.500000,1900,1.510000,300,5.990000,0.085000
1479753066012,1.505000,1.500000,1900,1.510000,300,5.990000,0.085000
1479753067507,1.505000,1.500000,1900,1.510000,300,5.990000,0.085000
1479753069556,1.505000,1.500000,1900,1.510000,300,5.990000,0.085000
1479753072062,1.505000,1.500000,1900,1.510000,300,5.990000,0.085000
1479753073535,1.505000,1.500000,1900,1.510000,300,5.990000,0.085000
1479753076003,1.505000,1.500000,1900,1.510000,300,5.990000,0.085000
1479753078505,1.505000,1.500000,1900,1.510000,300,5.990000,0.085000
1479753078505,1.505000,1.500000,1900,1.510000,300,5.990000,0.085000
1479753082525,1.505000,1.500000,1900,1.510000,300,5.990000,0.085000
1479753084574,1.505000,1.500000,1900,1.510000,300,5.990000,0.085000
1479753086535,1.505000,1.500000,1900,1.510000,300,5.990000,0.085000
1479753089022,1.505000,1.500000,1900,1.510000,300,5.990000,0.085000
1479753091064,1.505000,1.500000,1900,1.510000,300,5.990000,0.085000
1479753092524,1.505000,1.500000,1900,1.510000,300,5.990000,0.085000
1479753095047,1.505000,1.500000,1900,1.510000,300,5.990000,0.085000
1479753097026,1.505000,1.500000,1900,1.510000,300,5.990000,0.085000
1479753099041,1.505000,1.500000,1900,1.510000,300,5.990000,0.085000
1479753101064,1.505000,1.500000,1900,1.510000,300,5.990000,0.085000
1479753103058,1.505000,1.500000,1900,1.510000,300,5.990000,0.085000
1479753105055,1.505000,1.500000,1900,1.510000,300,5.990000,0.085000
1479753107048,1.505000,1.500000,1900,1.510000,300,5.990000,0.085000
1479753110048,1.505000,1.500000,1900,1.510000,300,5.990000,0.085000
1479753112044,1.505000,1.500000,1900,1.510000,300,5.990000,0.085000
1479753114035,1.505000,1.500000,1900,1.510000,300,5.990000,0.085000
1479753116031,1.505000,1.500000,1900,1.510000,300,5.990000,0.085000
1479753118095,1.505000,1.500000,1900,1.510000,300,5.990000,0.085000
1479753120040,1.505000,1.500000,1900,1.510000,300,5.990000,0.085000
1479753122055,1.505000,1.500000,1900,1.510000,300,5.990000,0.085000
1479753124047,1.505000,1.500000,1900,1.510000,300,5.990000,0.085000
1479753126060,1.505000,1.500000,1900,1.510000,300,5.990000,0.085000
1479753128121,1.505000,1.500000,1900,1.510000,300,5.990000,0.085000
1479753128590,1.505000,1.500000,1900,1.510000,300,5.990000,0.085000
1479753132067,1.505000,1.500000,1900,1.510000,300,5.990000,0.085000
1479753134544,1.505000,1.500000,1900,1.510000,300,5.990000,0.085000
1479753136555,1.505000,1.500000,1900,1.510000,300,5.990000,0.085000
1479753138551,1.505000,1.500000,1900,1.510000,300,5.990000,0.085000
1479753140582,1.505000,1.500000,1900,1.510000,300,5.990000,0.085000
1479753142542,1.505000,1.500000,1900,1.510000,300,5.990000,0.085000
1479753144562,1.505000,1.500000,1900,1.510000,300,5.990000,0.085000
1479753146085,1.505000,1.500000,1900,1.510000,300,5.990000,0.085000
1479753148558,1.505000,1.500000,1900,1.510000,300,5.990000,0.085000
1479753150904,1.505000,1.500000,1900,1.510000,300,5.990000,0.085000
1479753152452,1.505000,1.500000,1900,1.510000,300,5.990000,0.085000
1479753154929,1.505000,1.500000,1900,1.510000,300,5.990000,0.085000
1479753156901,1.505000,1.500000,1900,1.510000,300,5.990000,0.085000
1479753159405,1.505000,1.500000,1900,1.510000,300,5.990000,0.085000
1479753161421,1.505000,1.500000,1900,1.510000,300,5.990000,0.085000
1479753163401,1.505000,1.500000,1900,1.510000,300,5.990000,0.085000
1479753165399,1.505000,1.500000,1900,1.510000,300,5.990000,0.085000
1479753167430,1.505000,1.500000,1900,1.510000,300,5.990000,0.085000
1479753169421,1.505000,1.500000,1900,1.510000,300,5.990000,0.085000
1479753171922,1.505000,1.500000,1900,1.510000,300,5.990000,0.085000
1479753173931,1.505000,1.500000,1900,1.510000,300,5.990000,0.085000
1479753175923,1.505000,1.500000,1900,1.510000,300,5.990000,0.085000
1479753177920,1.505000,1.500000,1900,1.510000,300,5.990000,0.085000
1479753179920,1.505000,1.500000,1900,1.510000,300,5.990000,0.085000
1479753181928,1.505000,1.500000,1900,1.510000,300,5.990000,0.085000
1479753183910,1.505000,1.500000,1900,1.510000,300,5.990000,0.085000
1479753185939,1.500000,1.500000,1900,1.510000,300,5.630000,0.080000
1479753187958,1.500000,1.500000,1900,1.510000,300,5.630000,0.080000
1479753190431,1.500000,1.500000,1900,1.510000,300,5.630000,0.080000
1479753192450,1.500000,1.500000,1900,1.510000,300,5.630000,0.080000
1479753194454,1.500000,1.500000,1900,1.510000,300,5.630000,0.080000
1479753196428,1.500000,1.500000,1900,1.510000,300,5.630000,0.080000
1479753198465,1.500000,1.500000,1900,1.510000,300,5.630000,0.080000
1479753200450,1.500000,1.500000,1900,1.510000,300,5.630000,0.080000
1479753202435,1.500000,1.500000,1900,1.510000,300,5.630000,0.080000
1479753204450,1.500000,1.500000,1900,1.510000,300,5.630000,0.080000
1479753206450,1.500000,1.500000,1900,1.510000,300,5.630000,0.080000
1479753208440,1.505000,1.500000,1900,1.510000,300,5.990000,0.085000
1479753210940,1.505000,1.500000,1900,1.510000,300,5.990000,0.085000
1479753212932,1.505000,1.500000,1900,1.510000,300,5.990000,0.085000
1479753214931,1.505000,1.500000,1900,1.510000,300,5.990000,0.085000
1479753216922,1.505000,1.500000,1900,1.510000,300,5.990000,0.085000
1479753218463,1.505000,1.500000,1900,1.510000,300,5.990000,0.085000
1479753220970,1.505000,1.500000,1900,1.510000,300,5.990000,0.085000
1479753222961,1.505000,1.500000,1900,1.510000,300,5.990000,0.085000
1479753224932,1.505000,1.500000,1900,1.510000,300,5.990000,0.085000
1479753226961,1.505000,1.500000,1900,1.510000,300,5.990000,0.085000
1479753229465,1.505000,1.500000,1900,1.510000,300,5.990000,0.085000
1479753231454,1.505000,1.500000,1900,1.510000,300,5.990000,0.085000
1479753233462,1.505000,1.500000,1900,1.510000,300,5.990000,0.085000
1479753235443,1.505000,1.500000,1900,1.510000,300,5.990000,0.085000
1479753236987,1.505000,1.500000,1900,1.510000,300,5.990000,0.085000
1479753239474,1.505000,1.500000,1900,1.510000,300,5.990000,0.085000
1479753241471,1.505000,1.500000,1900,1.510000,300,5.990000,0.085000
1479753243515,1.505000,1.500000,1900,1.510000,300,5.990000,0.085000
1479753245465,1.505000,1.500000,1900,1.510000,300,5.990000,0.085000
1479753247462,1.505000,1.500000,1900,1.510000,300,5.990000,0.085000
1479753249478,1.505000,1.500000,1900,1.510000,300,5.990000,0.085000
1479753251492,1.505000,1.500000,1900,1.510000,300,5.990000,0.085000
1479753253962,1.505000,1.500000,1900,1.510000,300,5.990000,0.085000
1479753255964,1.505000,1.500000,1900,1.510000,300,5.990000,0.085000
1479753257978,1.505000,1.500000,1900,1.510000,300,5.990000,0.085000
1479753259977,1.505000,1.500000,1900,1.510000,300,5.990000,0.085000
1479753261978,1.505000,1.500000,1900,1.510000,300,5.990000,0.085000
1479753263994,1.505000,1.500000,1900,1.510000,300,5.990000,0.085000
1479753265965,1.505000,1.500000,1900,1.510000,300,5.990000,0.085000
1479753268001,1.505000,1.500000,1900,1.510000,300,5.990000,0.085000
1479753269997,1.505000,1.500000,1900,1.510000,300,5.990000,0.085000
1479753272475,1.505000,1.500000,1900,1.510000,300,5.990000,0.085000
1479753273462,1.505000,1.500000,1900,1.510000,300,5.990000,0.085000
1479753276469,1.505000,1.500000,1900,1.510000,300,5.990000,0.085000
1479753278483,1.505000,1.500000,1900,1.510000,300,5.990000,0.085000
1479753280465,1.505000,1.500000,1900,1.510000,300,5.990000,0.085000
1479753282512,1.505000,1.500000,1900,1.510000,300,5.990000,0.085000
1479753284483,1.505000,1.500000,1900,1.510000,300,5.990000,0.085000
1479753285484,1.505000,1.500000,1900,1.510000,300,5.990000,0.085000
1479753288483,1.505000,1.500000,1900,1.510000,300,5.990000,0.085000
1479753290523,1.505000,1.500000,1900,1.510000,300,5.990000,0.085000
1479753292470,1.505000,1.500000,1900,1.510000,300,5.990000,0.085000
1479753294507,1.505000,1.500000,1900,1.510000,300,5.990000,0.085000
1479753296478,1.505000,1.500000,1900,1.510000,300,5.990000,0.085000
1479753298997,1.505000,1.500000,1900,1.510000,300,5.990000,0.085000
1479753301062,1.505000,1.500000,1900,1.510000,300,5.990000,0.085000
1479753302992,1.505000,1.500000,1900,1.510000,300,5.990000,0.085000
1479753304504,1.505000,1.500000,1900,1.510000,300,5.990000,0.085000
1479753307014,1.505000,1.500000,1900,1.510000,300,5.990000,0.085000
1479753308992,1.505000,1.500000,1900,1.510000,300,5.990000,0.085000
1479753311007,1.505000,1.500000,1900,1.510000,300,5.990000,0.085000
1479753313012,1.505000,1.500000,1900,1.510000,300,5.990000,0.085000
1479753315036,1.505000,1.500000,1900,1.510000,300,5.990000,0.085000
1479753317104,1.505000,1.500000,1900,1.510000,300,5.990000,0.085000
1479753319027,1.505000,1.500000,1900,1.510000,300,5.990000,0.085000
1479753321043,1.505000,1.500000,1900,1.510000,300,5.990000,0.085000
1479753323500,1.505000,1.500000,1900,1.510000,300,5.990000,0.085000
1479753325516,1.505000,1.500000,1900,1.510000,300,5.990000,0.085000
1479753327511,1.505000,1.500000,1900,1.510000,300,5.990000,0.085000
1479753329505,1.505000,1.500000,1900,1.510000,300,5.990000,0.085000
1479753331534,1.505000,1.500000,1900,1.510000,300,5.990000,0.085000
1479753333036,1.505000,1.500000,1900,1.510000,300,5.990000,0.085000
1479753335526,1.505000,1.500000,1900,1.510000,300,5.990000,0.085000
1479753338032,1.505000,1.500000,1900,1.510000,300,5.990000,0.085000
1479753340048,1.505000,1.500000,1900,1.510000,300,5.990000,0.085000
1479753342033,1.505000,1.500000,1900,1.510000,300,5.990000,0.085000
1479753343992,1.505000,1.500000,1900,1.510000,300,5.990000,0.085000
1479753346042,1.505000,1.500000,1900,1.510000,300,5.990000,0.085000
1479753347553,1.505000,1.500000,1900,1.510000,300,5.990000,0.085000
1479753349560,1.505000,1.500000,1900,1.510000,300,5.990000,0.085000
1479753352025,1.505000,1.500000,1900,1.510000,300,5.990000,0.085000
1479753353525,1.505000,1.500000,1900,1.510000,300,5.990000,0.085000
1479753356017,1.505000,1.500000,1900,1.510000,300,5.990000,0.085000
1479753358516,1.505000,1.500000,1900,1.510000,300,5.990000,0.085000
1479753360544,1.505000,1.500000,1900,1.510000,300,5.990000,0.085000
1479753362570,1.505000,1.500000,1900,1.510000,300,5.990000,0.085000
1479753364530,1.505000,1.500000,1900,1.510000,300,5.990000,0.085000
1479753366518,1.505000,1.500000,1900,1.510000,300,5.990000,0.085000
1479753368525,1.505000,1.500000,1900,1.510000,300,5.990000,0.085000
1479753370523,1.505000,1.500000,1900,1.510000,300,5.990000,0.085000
1479753372557,1.505000,1.500000,1900,1.510000,300,5.990000,0.085000
1479753374520,1.505000,1.500000,1900,1.510000,300,5.990000,0.085000
1479753375593,1.505000,1.500000,1900,1.510000,300,5.990000,0.085000
1479753378582,1.505000,1.500000,1900,1.510000,300,5.990000,0.085000
1479753381053,1.505000,1.500000,1900,1.510000,300,5.990000,0.085000
1479753383060,1.505000,1.500000,1900,1.510000,300,5.990000,0.085000
1479753384072,1.505000,1.500000,1900,1.510000,300,5.990000,0.085000
1479753387051,1.505000,1.500000,1900,1.510000,300,5.990000,0.085000
1479753388060,1.505000,1.500000,1900,1.510000,300,5.990000,0.085000
1479753391072,1.505000,1.500000,1900,1.510000,300,5.990000,0.085000
1479753393059,1.505000,1.500000,1900,1.510000,300,5.990000,0.085000
1479753395058,1.505000,1.500000,1900,1.510000,300,5.990000,0.085000
1479753397063,1.505000,1.500000,1900,1.510000,300,5.990000,0.085000
1479753399085,1.505000,1.500000,1900,1.510000,300,5.990000,0.085000
1479753401556,1.505000,1.500000,1900,1.510000,300,5.990000,0.085000
1479753403571,1.505000,1.500000,1900,1.510000,300,5.990000,0.085000
1479753405609,1.505000,1.500000,1900,1.510000,300,5.990000,0.085000
1479753407125,1.505000,1.500000,1900,1.510000,300,5.990000,0.085000
1479753409570,1.505000,1.500000,1900,1.510000,300,5.990000,0.085000
1479753411080,1.505000,1.500000,1900,1.510000,300,5.990000,0.085000
1479753413399,1.505000,1.500000,1900,1.510000,300,5.990000,0.085000
1479753415394,1.505000,1.500000,1900,1.510000,300,5.990000,0.085000
1479753417919,1.505000,1.500000,1900,1.510000,300,5.990000,0.085000
1479753419907,1.505000,1.500000,1900,1.510000,300,5.990000,0.085000
1479753421910,1.505000,1.500000,1900,1.510000,300,5.990000,0.085000
1479753423940,1.505000,1.500000,1900,1.510000,300,5.990000,0.085000
1479753425933,1.505000,1.500000,1900,1.510000,300,5.990000,0.085000
1479753428406,1.505000,1.500000,1900,1.510000,300,5.990000,0.085000
1479753430405,1.505000,1.500000,1900,1.510000,300,5.990000,0.085000
1479753432423,1.505000,1.500000,1900,1.510000,300,5.990000,0.085000
1479753433424,1.505000,1.500000,1900,1.510000,300,5.990000,0.085000
1479753436419,1.505000,1.500000,1900,1.510000,300,5.990000,0.085000
1479753438413,1.505000,1.500000,1900,1.510000,300,5.990000,0.085000
1479753440426,1.505000,1.500000,1900,1.510000,300,5.990000,0.085000
1479753442436,1.505000,1.500000,2200,1.510000,300,5.990000,0.085000
1479753444446,1.505000,1.500000,2200,1.510000,300,5.990000,0.085000
1479753446413,1.505000,1.500000,2200,1.510000,300,5.990000,0.085000
1479753448443,1.505000,1.500000,2200,1.510000,300,5.990000,0.085000
1479753449980,1.505000,1.500000,2200,1.510000,300,5.990000,0.085000
1479753452905,1.505000,1.500000,2200,1.510000,300,5.990000,0.085000
1479753454970,1.505000,1.500000,2200,1.510000,300,5.990000,0.085000
1479753456461,1.505000,1.500000,2200,1.510000,300,5.990000,0.085000
1479753458939,1.505000,1.500000,2200,1.510000,300,5.990000,0.085000
1479753459940,1.505000,1.500000,2200,1.510000,300,5.990000,0.085000
1479753462923,1.505000,1.500000,2200,1.510000,300,5.990000,0.085000
1479753463921,1.505000,1.500000,2200,1.510000,300,5.990000,0.085000
1479753466955,1.505000,1.500000,8900,1.510000,300,5.990000,0.085000
1479753468918,1.505000,1.500000,8900,1.510000,300,5.990000,0.085000
1479753471460,1.505000,1.500000,8900,1.510000,300,5.990000,0.085000
1479753473424,1.505000,1.500000,8900,1.510000,300,5.990000,0.085000
1479753475423,1.505000,1.500000,8900,1.510000,300,5.990000,0.085000
1479753477441,1.505000,1.500000,8900,1.510000,300,5.990000,0.085000
1479753479493,1.505000,1.500000,8900,1.510000,300,5.990000,0.085000
1479753480952,1.505000,1.500000,8900,1.510000,300,5.990000,0.085000
1479753483431,1.505000,1.500000,8900,1.510000,300,5.990000,0.085000
1479753485451,1.505000,1.500000,8900,1.510000,300,5.990000,0.085000
1479753487963,1.500000,1.500000,8900,1.510000,300,5.630000,0.080000
1479753489441,1.500000,1.500000,8900,1.510000,300,5.630000,0.080000
1479753491949,1.500000,1.500000,8900,1.510000,300,5.630000,0.080000
1479753493956,1.500000,1.500000,8900,1.510000,300,5.630000,0.080000
1479753495948,1.500000,1.500000,8900,1.510000,300,5.630000,0.080000
1479753497949,1.500000,1.500000,8900,1.510000,300,5.630000,0.080000
1479753499942,1.500000,1.500000,8900,1.510000,300,5.630000,0.080000
1479753501944,1.500000,1.500000,8900,1.510000,300,5.630000,0.080000
1479753503967,1.500000,1.500000,8900,1.510000,300,5.630000,0.080000
1479753506468,1.500000,1.500000,8900,1.510000,300,5.630000,0.080000
1479753508465,1.500000,1.500000,8900,1.510000,300,5.630000,0.080000
1479753510488,1.500000,1.500000,8900,1.510000,300,5.630000,0.080000
1479753512478,1.500000,1.500000,8900,1.510000,300,5.630000,0.080000
1479753514470,1.500000,1.500000,8900,1.510000,300,5.630000,0.080000
1479753516465,1.500000,1.500000,8900,1.510000,300,5.630000,0.080000
1479753518464,1.500000,1.500000,8900,1.510000,300,5.630000,0.080000
1479753520522,1.500000,1.500000,8900,1.510000,300,5.630000,0.080000
1479753522455,1.500000,1.500000,8900,1.510000,300,5.630000,0.080000
1479753524974,1.500000,1.500000,8900,1.510000,300,5.630000,0.080000
1479753526991,1.500000,1.500000,8900,1.510000,300,5.630000,0.080000
1479753528981,1.500000,1.500000,8900,1.510000,300,5.630000,0.080000
1479753530956,1.500000,1.500000,8900,1.510000,300,5.630000,0.080000
1479753532983,1.500000,1.500000,8900,1.510000,300,5.630000,0.080000
1479753534984,1.500000,1.500000,8900,1.510000,300,5.630000,0.080000
1479753536546,1.500000,1.500000,8900,1.510000,300,5.630000,0.080000
1479753538969,1.500000,1.500000,8900,1.510000,300,5.630000,0.080000
1479753540998,1.500000,1.500000,8900,1.510000,300,5.630000,0.080000
1479753542994,1.500000,1.500000,8900,1.510000,300,5.630000,0.080000
1479753544994,1.500000,1.500000,8900,1.510000,300,5.630000,0.080000
1479753547500,1.500000,1.500000,8900,1.510000,300,5.630000,0.080000
1479753549498,1.500000,1.500000,8900,1.510000,300,5.630000,0.080000
1479753551481,1.500000,1.500000,8900,1.510000,300,5.630000,0.080000
1479753552977,1.500000,1.500000,8900,1.510000,300,5.630000,0.080000
1479753555016,1.500000,1.500000,8900,1.510000,300,5.630000,0.080000
1479753557484,1.500000,1.500000,8900,1.510000,300,5.630000,0.080000
1479753560492,1.500000,1.500000,8900,1.510000,300,5.630000,0.080000
1479753562495,1.500000,1.500000,8900,1.510000,300,5.630000,0.080000
1479753564487,1.500000,1.500000,8900,1.510000,300,5.630000,0.080000
1479753566525,1.500000,1.500000,8900,1.510000,300,5.630000,0.080000
1479753568032,1.500000,1.500000,8900,1.510000,300,5.630000,0.080000
1479753570521,1.500000,1.500000,8900,1.510000,300,5.630000,0.080000
1479753573022,1.500000,1.500000,8900,1.510000,300,5.630000,0.080000
1479753575005,1.500000,1.500000,8900,1.510000,300,5.630000,0.080000
1479753576997,1.500000,1.500000,8900,1.510000,300,5.630000,0.080000
1479753578495,1.500000,1.500000,8900,1.510000,300,5.630000,0.080000
1479753581003,1.500000,1.500000,8900,1.510000,300,5.630000,0.080000
1479753582517,1.500000,1.500000,8900,1.510000,300,5.630000,0.080000
1479753585036,1.500000,1.500000,8900,1.510000,300,5.630000,0.080000
1479753587510,1.500000,1.500000,8900,1.510000,300,5.630000,0.080000
1479753589530,1.500000,1.500000,8900,1.510000,300,5.630000,0.080000
1479753591498,1.500000,1.500000,8900,1.510000,300,5.630000,0.080000
1479753593512,1.500000,1.500000,8900,1.510000,300,5.630000,0.080000
1479753595535,1.500000,1.500000,8900,1.510000,300,5.630000,0.080000
1479753597541,1.500000,1.500000,8900,1.510000,300,5.630000,0.080000
1479753599550,1.500000,1.500000,8900,1.510000,300,5.630000,0.080000
1479753600526,1.500000,1.500000,8900,1.510000,300,5.630000,0.080000
1479753603501,1.500000,1.500000,8900,1.510000,300,5.630000,0.080000
1479753606021,1.500000,1.500000,8900,1.510000,300,5.630000,0.080000
1479753608016,1.500000,1.500000,8900,1.510000,300,5.630000,0.080000
1479753610019,1.500000,1.500000,8900,1.510000,300,5.630000,0.080000
1479753612084,1.500000,1.500000,8900,1.510000,300,5.630000,0.080000
1479753614119,1.500000,1.500000,8900,1.510000,300,5.630000,0.080000
1479753616094,1.505800,1.500000,8900,1.510000,300,6.040000,0.085800
1479753618536,1.505800,1.500000,8900,1.510000,300,6.040000,0.085800
1479753620554,1.505800,1.500000,8900,1.510000,300,6.040000,0.085800
1479753622538,1.505800,1.500000,8900,1.510000,300,6.040000,0.085800
1479753624548,1.505800,1.500000,8900,1.510000,300,6.040000,0.085800
1479753626057,1.505800,1.500000,8900,1.510000,300,6.040000,0.085800
1479753629061,1.505000,1.500000,8900,1.510000,300,5.990000,0.085000
1479753631051,1.505000,1.500000,8900,1.510000,300,5.990000,0.085000
1479753633038,1.505000,1.500000,8900,1.510000,300,5.990000,0.085000
1479753635059,1.500000,1.500000,8900,1.510000,300,5.630000,0.080000
1479753637069,1.500000,1.500000,8900,1.510000,300,5.630000,0.080000
1479753639034,1.500000,1.500000,8900,1.510000,300,5.630000,0.080000
1479753641053,1.500000,1.500000,8900,1.510000,300,5.630000,0.080000
1479753643052,1.500000,1.500000,8900,1.510000,300,5.630000,0.080000
1479753645034,1.500000,1.500000,8900,1.510000,300,5.630000,0.080000
1479753647543,1.500000,1.500000,8900,1.510000,300,5.630000,0.080000
1479753649547,1.500000,1.500000,8900,1.510000,300,5.630000,0.080000
1479753651608,1.500000,1.500000,8900,1.510000,300,5.630000,0.080000
1479753653056,1.500000,1.500000,8900,1.510000,300,5.630000,0.080000
1479753655559,1.500000,1.500000,8900,1.510000,300,5.630000,0.080000
1479753658056,1.500000,1.500000,8900,1.510000,300,5.630000,0.080000
1479753660046,1.500000,1.500000,8900,1.510000,300,5.630000,0.080000
1479753662054,1.500000,1.500000,8900,1.510000,300,5.630000,0.080000
1479753664070,1.500000,1.500000,8900,1.510000,300,5.630000,0.080000
1479753666072,1.500000,1.500000,8900,1.510000,300,5.630000,0.080000
1479753668043,1.500000,1.500000,8600,1.510000,300,5.630000,0.080000
1479753670176,1.500000,1.500000,8600,1.510000,300,5.630000,0.080000
1479753672062,1.500000,1.500000,8600,1.510000,300,5.630000,0.080000
1479753674587,1.500000,1.500000,8600,1.510000,300,5.630000,0.080000
1479753676551,1.500000,1.500000,8600,1.510000,300,5.630000,0.080000
1479753678580,1.500000,1.500000,8600,1.510000,300,5.630000,0.080000
1479753680553,1.500000,1.500000,8600,1.510000,300,5.630000,0.080000
1479753682545,1.500000,1.500000,8600,1.510000,300,5.630000,0.080000
1479753684905,1.500000,1.500000,8600,1.510000,300,5.630000,0.080000
1479753686405,1.500000,1.500000,8600,1.510000,300,5.630000,0.080000
1479753688895,1.500000,1.500000,8600,1.510000,300,5.630000,0.080000
1479753689927,1.500000,1.500000,8600,1.510000,300,5.630000,0.080000
1479753692893,1.500000,1.500000,8600,1.510000,300,5.630000,0.080000
1479753694921,1.500000,1.500000,8600,1.510000,300,5.630000,0.080000
1479753696917,1.500000,1.500000,8600,1.510000,300,5.630000,0.080000
1479753698925,1.500000,1.500000,8600,1.510000,300,5.630000,0.080000
1479753701433,1.500000,1.500000,8600,1.510000,300,5.630000,0.080000
1479753702445,1.500000,1.500000,8600,1.510000,300,5.630000,0.080000
1479753705433,1.500000,1.500000,8600,1.510000,300,5.630000,0.080000
1479753706902,1.500000,1.500000,8600,1.510000,300,5.630000,0.080000
1479753709424,1.500000,1.500000,8600,1.510000,300,5.630000,0.080000
1479753710926,1.500000,1.500000,8600,1.510000,300,5.630000,0.080000
1479753713460,1.500000,1.500000,8600,1.510000,300,5.630000,0.080000
1479753714932,1.500000,1.500000,8600,1.510000,300,5.630000,0.080000
1479753717451,1.500000,1.500000,8600,1.510000,300,5.630000,0.080000
1479753719425,1.500000,1.500000,8600,1.510000,300,5.630000,0.080000
1479753721454,1.500000,1.500000,8600,1.510000,300,5.630000,0.080000
1479753723440,1.500000,1.500000,8600,1.510000,300,5.630000,0.080000
1479753725431,1.500000,1.500000,8600,1.510000,300,5.630000,0.080000
1479753727921,1.500000,1.500000,8600,1.510000,300,5.630000,0.080000
1479753729938,1.500000,1.500000,8600,1.510000,300,5.630000,0.080000
1479753731920,1.500000,1.500000,8600,1.510000,300,5.630000,0.080000
1479753733966,1.500000,1.500000,8600,1.510000,300,5.630000,0.080000
1479753735963,1.500000,1.500000,8600,1.510000,300,5.630000,0.080000
1479753738473,1.500000,1.500000,8600,1.510000,300,5.630000,0.080000
1479753740931,1.500000,1.500000,8600,1.510000,300,5.630000,0.080000
1479753742945,1.500000,1.500000,8600,1.510000,300,5.630000,0.080000
1479753744955,1.500000,1.500000,8600,1.510000,300,5.630000,0.080000
1479753746958,1.500000,1.500000,8600,1.510000,300,5.630000,0.080000
1479753748967,1.500000,1.500000,8600,1.510000,300,5.630000,0.080000
1479753750963,1.500000,1.500000,8600,1.510000,300,5.630000,0.080000
1479753752933,1.500000,1.500000,8600,1.510000,300,5.630000,0.080000
1479753754954,1.500000,1.500000,8600,1.510000,300,5.630000,0.080000
1479753756958,1.500000,1.500000,8600,1.510000,300,5.630000,0.080000
1479753758949,1.500000,1.500000,8600,1.510000,300,5.630000,0.080000
1479753759936,1.500000,1.500000,8600,1.510000,300,5.630000,0.080000
1479753763450,1.500000,1.500000,8600,1.510000,300,5.630000,0.080000
1479753765472,1.500000,1.500000,8600,1.510000,300,5.630000,0.080000
1479753767426,1.500000,1.500000,8600,1.510000,300,5.630000,0.080000
1479753769453,1.500000,1.500000,8600,1.510000,300,5.630000,0.080000
1479753771447,1.500000,1.500000,8600,1.510000,300,5.630000,0.080000
1479753773496,1.500000,1.500000,8600,1.510000,300,5.630000,0.080000
1479753775472,1.500000,1.500000,8600,1.510000,300,5.630000,0.080000
1479753777464,1.500000,1.500000,8600,1.510000,300,5.630000,0.080000
1479753779448,1.500000,1.500000,8600,1.510000,300,5.630000,0.080000
1479753781457,1.500000,1.500000,8600,1.510000,300,5.630000,0.080000
1479753783982,1.500000,1.500000,8600,1.510000,300,5.630000,0.080000
1479753785964,1.500000,1.500000,8600,1.510000,300,5.630000,0.080000
1479753788034,1.500000,1.500000,8600,1.510000,300,5.630000,0.080000
1479753789483,1.500000,1.500000,8600,1.510000,300,5.630000,0.080000
1479753791952,1.500000,1.500000,8600,1.510000,300,5.630000,0.080000
1479753793966,1.500000,1.500000,8600,1.510000,300,5.630000,0.080000
1479753795952,1.500000,1.500000,8600,1.510000,300,5.630000,0.080000
1479753797476,1.500000,1.500000,8600,1.510000,300,5.630000,0.080000
1479753800014,1.500000,1.500000,8600,1.510000,300,5.630000,0.080000
1479753801502,1.500000,1.500000,8600,1.510000,300,5.630000,0.080000
1479753804487,1.500000,1.500000,8600,1.510000,300,5.630000,0.080000
1479753806483,1.500000,1.500000,8600,1.510000,300,5.630000,0.080000
1479753808490,1.500000,1.500000,8600,1.510000,300,5.630000,0.080000
1479753810505,1.500000,1.500000,8600,1.510000,300,5.630000,0.080000
1479753812489,1.500000,1.500000,8600,1.510000,300,5.630000,0.080000
1479753814471,1.500000,1.500000,8600,1.510000,300,5.630000,0.080000
1479753816471,1.500000,1.500000,8600,1.510000,300,5.630000,0.080000
1479753818551,1.500000,1.500000,8600,1.510000,300,5.630000,0.080000
1479753820505,1.500000,1.500000,8600,1.510000,300,5.630000,0.080000
1479753822968,1.500000,1.500000,8600,1.510000,300,5.630000,0.080000
1479753824480,1.500000,1.500000,8600,1.510000,300,5.630000,0.080000
1479753826982,1.500000,1.500000,8600,1.510000,300,5.630000,0.080000
1479753829055,1.500000,1.500000,8600,1.510000,300,5.630000,0.080000
1479753830522,1.500000,1.500000,8600,1.510000,300,5.630000,0.080000
1479753832963,1.500000,1.500000,8600,1.510000,300,5.630000,0.080000
1479753834999,1.500000,1.500000,8600,1.510000,300,5.630000,0.080000
1479753836556,1.500000,1.500000,8600,1.510000,300,5.630000,0.080000
1479753838479,1.500000,1.500000,8600,1.510000,300,5.630000,0.080000
1479753840987,1.500000,1.500000,8600,1.510000,300,5.630000,0.080000
1479753842997,1.500000,1.500000,8600,1.510000,300,5.630000,0.080000
1479753845509,1.500000,1.500000,8600,1.510000,300,5.630000,0.080000
1479753847037,1.500000,1.500000,8600,1.510000,300,5.630000,0.080000
1479753849002,1.500000,1.500000,8600,1.510000,300,5.630000,0.080000
1479753851519,1.500000,1.500000,8600,1.510000,300,5.630000,0.080000
1479753853561,1.500000,1.500000,8600,1.510000,300,5.630000,0.080000
1479753855533,1.500000,1.500000,8600,1.510000,300,5.630000,0.080000
1479753857515,1.500000,1.500000,8600,1.510000,300,5.630000,0.080000
1479753859524,1.500000,1.500000,8600,1.510000,300,5.630000,0.080000
1479753861540,1.500000,1.500000,8600,1.510000,300,5.630000,0.080000
1479753863562,1.500000,1.500000,8600,1.510000,300,5.630000,0.080000
1479753865506,1.500000,1.500000,8600,1.510000,300,5.630000,0.080000
1479753867533,1.500000,1.500000,8600,1.510000,300,5.630000,0.080000
1479753869500,1.500000,1.500000,7000,1.510000,300,5.630000,0.080000
1479753871989,1.500000,1.500000,7000,1.510000,300,5.630000,0.080000
1479753874024,1.500000,1.500000,7000,1.510000,300,5.630000,0.080000
1479753875543,1.500000,1.500000,7000,1.510000,300,5.630000,0.080000
1479753878086,1.500000,1.500000,7000,1.510000,300,5.630000,0.080000
1479753879568,1.500000,1.500000,7000,1.510000,300,5.630000,0.080000
1479753882057,1.500000,1.500000,7000,1.510000,300,5.630000,0.080000
1479753884036,1.500000,1.500000,7000,1.510000,300,5.630000,0.080000
1479753886019,1.500000,1.500000,7000,1.510000,300,5.630000,0.080000
1479753888515,1.500000,1.500000,7000,1.510000,300,5.630000,0.080000
1479753890540,1.500000,1.500000,7000,1.510000,300,5.630000,0.080000
1479753892532,1.500000,1.500000,7000,1.510000,300,5.630000,0.080000
1479753894504,1.500000,1.500000,7000,1.510000,300,5.630000,0.080000
1479753896526,1.500000,1.500000,7000,1.510000,300,5.630000,0.080000
1479753898548,1.500000,1.500000,7000,1.510000,300,5.630000,0.080000
1479753900032,1.500000,1.500000,7000,1.510000,300,5.630000,0.080000
1479753902536,1.500000,1.500000,7000,1.510000,300,5.630000,0.080000
1479753904566,1.500000,1.500000,7000,1.510000,300,5.630000,0.080000
1479753906536,1.500000,1.500000,7000,1.510000,300,5.630000,0.080000
1479753908556,1.500000,1.500000,7000,1.510000,300,5.630000,0.080000
1479753910087,1.500000,1.500000,7000,1.510000,300,5.630000,0.080000
1479753913026,1.500000,1.500000,7000,1.510000,300,5.630000,0.080000
1479753915045,1.500000,1.500000,7000,1.510000,300,5.630000,0.080000
1479753917043,1.500000,1.500000,7000,1.510000,300,5.630000,0.080000
1479753918547,1.500000,1.500000,7000,1.510000,300,5.630000,0.080000
1479753921092,1.500000,1.500000,7000,1.510000,300,5.630000,0.080000
1479753922092,1.500000,1.500000,7000,1.510000,300,5.630000,0.080000
1479753925030,1.500000,1.500000,7000,1.510000,300,5.630000,0.080000
1479753927116,1.500000,1.500000,7000,1.510000,300,5.630000,0.080000
1479753929541,1.500000,1.500000,7000,1.510000,300,5.630000,0.080000
1479753931538,1.500000,1.500000,7000,1.510000,300,5.630000,0.080000
1479753932070,1.500000,1.500000,7000,1.510000,300,5.630000,0.080000
1479753935556,1.500000,1.500000,7000,1.510000,300,5.630000,0.080000
1479753937559,1.507500,1.500000,7000,1.510000,300,6.160000,0.087500
1479753939529,1.507500,1.500000,7000,1.510000,300,6.160000,0.087500
1479753941073,1.507500,1.500000,7000,1.510000,300,6.160000,0.087500
1479753943049,1.507500,1.500000,7000,1.510000,300,6.160000,0.087500
1479753945558,1.507500,1.500000,7000,1.510000,300,6.160000,0.087500
1479753947054,1.507500,1.500000,7000,1.510000,300,6.160000,0.087500
1479753949947,1.507500,1.500000,7000,1.510000,300,6.160000,0.087500
1479753951902,1.507500,1.500000,7000,1.510000,300,6.160000,0.087500
1479753953902,1.507500,1.500000,7000,1.510000,300,6.160000,0.087500
1479753955903,1.507500,1.500000,7000,1.510000,300,6.160000,0.087500
1479753958397,1.507500,1.500000,7000,1.510000,300,6.160000,0.087500
1479753959916,1.507500,1.500000,7000,1.510000,300,6.160000,0.087500
1479753962407,1.507500,1.500000,7000,1.510000,300,6.160000,0.087500
1479753964427,1.507500,1.500000,7000,1.510000,300,6.160000,0.087500
1479753966406,1.507500,1.500000,7000,1.510000,300,6.160000,0.087500
1479753968411,1.507500,1.500000,7000,1.510000,300,6.160000,0.087500
1479753970403,1.505000,1.500000,7000,1.510000,300,5.990000,0.085000
1479753972424,1.500000,1.500000,7000,1.510000,300,5.630000,0.080000
1479753974417,1.500000,1.500000,7000,1.510000,300,5.630000,0.080000
1479753976414,1.500000,1.500000,7000,1.510000,300,5.630000,0.080000
1479753978419,1.500000,1.500000,7000,1.510000,300,5.630000,0.080000
1479753980921,1.500000,1.500000,7000,1.510000,300,5.630000,0.080000
1479753983439,1.500000,1.500000,7000,1.510000,300,5.630000,0.080000
1479753985440,1.500000,1.500000,7000,1.510000,300,5.630000,0.080000
1479753987407,1.500000,1.500000,7000,1.510000,300,5.630000,0.080000
1479753989442,1.500000,1.500000,7000,1.510000,300,5.630000,0.080000
1479753990923,1.500000,1.500000,7000,1.510000,300,5.630000,0.080000
1479753993924,1.500000,1.500000,7000,1.510000,300,5.630000,0.080000
1479753995968,1.500000,1.500000,7000,1.510000,300,5.630000,0.080000
1479753997922,1.500000,1.500000,7000,1.510000,300,5.630000,0.080000
1479753999918,1.500000,1.500000,7000,1.510000,300,5.630000,0.080000
1479754001941,1.500000,1.500000,7000,1.510000,300,5.630000,0.080000
1479754003945,1.500000,1.500000,7000,1.510000,300,5.630000,0.080000
1479754005971,1.500000,1.500000,7000,1.510000,300,5.630000,0.080000
1479754007946,1.500000,1.500000,7000,1.510000,300,5.630000,0.080000
1479754009960,1.500000,1.500000,7000,1.510000,300,5.630000,0.080000
1479754011936,1.500000,1.500000,7000,1.510000,300,5.630000,0.080000
1479754014460,1.500000,1.500000,7000,1.510000,300,5.630000,0.080000
1479754016449,1.500000,1.500000,7000,1.510000,300,5.630000,0.080000
1479754018451,1.500000,1.500000,7000,1.510000,300,5.630000,0.080000
1479754019472,1.500000,1.500000,7000,1.510000,300,5.630000,0.080000
1479754022443,1.500000,1.500000,7000,1.510000,300,5.630000,0.080000
1479754024471,1.500000,1.500000,7000,1.510000,300,5.630000,0.080000
1479754026436,1.500000,1.500000,7000,1.510000,300,5.630000,0.080000
1479754028427,1.500000,1.500000,7000,1.510000,300,5.630000,0.080000
1479754029953,1.500000,1.500000,7000,1.510000,300,5.630000,0.080000
1479754032458,1.500000,1.500000,7000,1.510000,300,5.630000,0.080000
1479754034493,1.500000,1.500000,7000,1.510000,300,5.630000,0.080000
1479754036994,1.500000,1.500000,7000,1.510000,300,5.630000,0.080000
1479754038967,1.500000,1.500000,7000,1.510000,300,5.630000,0.080000
1479754040969,1.500000,1.500000,7000,1.510000,300,5.630000,0.080000
1479754042945,1.500000,1.500000,7000,1.510000,300,5.630000,0.080000
1479754044968,1.500000,1.500000,7000,1.510000,300,5.630000,0.080000
1479754046946,1.500000,1.500000,7000,1.510000,300,5.630000,0.080000
1479754049008,1.500000,1.500000,7000,1.510000,300,5.630000,0.080000
1479754050516,1.500000,1.500000,7000,1.510000,300,5.630000,0.080000
1479754052973,1.500000,1.500000,7000,1.510000,300,5.630000,0.080000
1479754055469,1.500000,1.500000,7000,1.510000,300,5.630000,0.080000
1479754056974,1.500000,1.500000,7000,1.510000,300,5.630000,0.080000
1479754059483,1.500000,1.500000,7000,1.510000,300,5.630000,0.080000
1479754061456,1.500000,1.500000,7000,1.510000,300,5.630000,0.080000
1479754063490,1.500000,1.500000,7000,1.510000,300,5.630000,0.080000
1479754065499,1.500000,1.500000,7000,1.510000,300,5.630000,0.080000
1479754067463,1.500000,1.500000,7000,1.510000,300,5.630000,0.080000
1479754069465,1.500000,1.500000,7000,1.510000,300,5.630000,0.080000
1479754071463,1.500000,1.500000,7000,1.510000,300,5.630000,0.080000
1479754073465,1.500000,1.500000,7000,1.510000,300,5.630000,0.080000
1479754075452,1.500000,1.500000,7000,1.510000,300,5.630000,0.080000
1479754077497,1.500000,1.500000,5500,1.510000,300,5.630000,0.080000
1479754079979,1.500000,1.500000,5500,1.510000,300,5.630000,0.080000
1479754081995,1.500000,1.500000,5500,1.510000,300,5.630000,0.080000
1479754084041,1.500000,1.500000,5500,1.510000,300,5.630000,0.080000
1479754085957,1.500000,1.500000,5500,1.510000,300,5.630000,0.080000
1479754087501,1.500000,1.500000,5500,1.510000,300,5.630000,0.080000
1479754089989,1.500000,1.500000,5500,1.510000,300,5.630000,0.080000
1479754091512,1.500000,1.500000,5500,1.510000,300,5.630000,0.080000
1479754094045,1.500000,1.500000,5500,1.510000,300,5.630000,0.080000
1479754095971,1.500000,1.500000,5500,1.510000,300,5.630000,0.080000
1479754097984,1.500000,1.500000,5500,1.510000,300,5.630000,0.080000
1479754099989,1.500000,1.500000,5500,1.510000,300,5.630000,0.080000
1479754102495,1.500000,1.500000,5500,1.510000,300,5.630000,0.080000
1479754104484,1.500000,1.500000,5500,1.510000,300,5.630000,0.080000
1479754106017,1.500000,1.500000,5500,1.510000,300,5.630000,0.080000
1479754108058,1.500000,1.500000,5500,1.510000,300,5.630000,0.080000
1479754110563,1.500000,1.500000,5500,1.510000,300,5.630000,0.080000
1479754112511,1.500000,1.500000,5500,1.510000,300,5.630000,0.080000
1479754114521,1.500000,1.500000,5500,1.510000,300,5.630000,0.080000
1479754116524,1.500000,1.500000,5500,1.510000,300,5.630000,0.080000
1479754118507,1.500000,1.500000,5500,1.510000,300,5.630000,0.080000
1479754120527,1.500000,1.500000,5500,1.510000,300,5.630000,0.080000
1479754122568,1.500000,1.500000,5500,1.510000,300,5.630000,0.080000
1479754124050,1.500000,1.500000,5500,1.510000,300,5.630000,0.080000
1479754127057,1.500000,1.500000,5500,1.510000,300,5.630000,0.080000
1479754128999,1.500000,1.500000,5500,1.510000,300,5.630000,0.080000
1479754131020,1.505000,1.500000,5500,1.510000,300,5.990000,0.085000
1479754133046,1.505000,1.500000,5500,1.510000,300,5.990000,0.085000
1479754135037,1.505000,1.500000,5500,1.510000,300,5.990000,0.085000
1479754137036,1.505000,1.500000,5500,1.510000,300,5.990000,0.085000
1479754138533,1.505000,1.500000,5500,1.510000,300,5.990000,0.085000
1479754141077,1.505000,1.500000,5500,1.510000,300,5.990000,0.085000
1479754143037,1.505000,1.500000,5500,1.510000,300,5.990000,0.085000
1479754145026,1.505000,1.500000,5500,1.510000,300,5.990000,0.085000
1479754147534,1.505000,1.500000,5500,1.510000,300,5.990000,0.085000
1479754149537,1.505000,1.500000,5500,1.510000,300,5.990000,0.085000
1479754151023,1.505000,1.500000,5500,1.510000,300,5.990000,0.085000
1479754153556,1.505000,1.500000,5500,1.510000,300,5.990000,0.085000
1479754155538,1.505000,1.500000,5500,1.510000,300,5.990000,0.085000
1479754157035,1.505000,1.500000,5500,1.510000,300,5.990000,0.085000
1479754159537,1.505000,1.500000,5500,1.510000,300,5.990000,0.085000
1479754161046,1.505000,1.500000,5500,1.510000,300,5.990000,0.085000
1479754163536,1.505000,1.500000,5500,1.510000,300,5.990000,0.085000
1479754166119,1.505000,1.500000,5500,1.510000,300,5.990000,0.085000
1479754168089,1.505000,1.500000,5500,1.510000,300,5.990000,0.085000
1479754170068,1.505000,1.500000,5500,1.510000,300,5.990000,0.085000
1479754171583,1.505000,1.500000,5500,1.510000,300,5.990000,0.085000
1479754174034,1.505000,1.500000,5500,1.510000,300,5.990000,0.085000
1479754176067,1.505000,1.500000,5500,1.510000,300,5.990000,0.085000
1479754178541,1.505000,1.500000,5500,1.510000,300,5.990000,0.085000
1479754180076,1.505000,1.500000,5500,1.510000,300,5.990000,0.085000
1479754182637,1.505000,1.500000,5500,1.510000,300,5.990000,0.085000
1479754184056,1.505000,1.500000,5500,1.510000,300,5.990000,0.085000
1479754186549,1.505000,1.500000,5500,1.510000,300,5.990000,0.085000
1479754188545,1.505000,1.500000,5500,1.510000,300,5.990000,0.085000
1479754191063,1.505000,1.500000,5500,1.510000,300,5.990000,0.085000
1479754192540,1.505000,1.500000,5500,1.510000,300,5.990000,0.085000
1479754195112,1.505000,1.500000,5500,1.510000,300,5.990000,0.085000
1479754197057,1.505000,1.500000,5500,1.510000,300,5.990000,0.085000
1479754198070,1.505000,1.500000,5500,1.510000,300,5.990000,0.085000
1479754201067,1.505000,1.500000,5500,1.510000,300,5.990000,0.085000
1479754203522,1.505000,1.500000,5500,1.510000,300,5.990000,0.085000
1479754204932,1.505000,1.500000,5500,1.510000,300,5.990000,0.085000
1479754207400,1.505000,1.500000,5500,1.510000,300,5.990000,0.085000
1479754209403,1.505000,1.500000,5500,1.510000,300,5.990000,0.085000
1479754211424,1.505000,1.500000,5500,1.510000,300,5.990000,0.085000
1479754213399,1.505000,1.500000,5500,1.510000,300,5.990000,0.085000
1479754214913,1.505000,1.500000,5500,1.510000,300,5.990000,0.085000
1479754217907,1.505000,1.500000,5500,1.510000,300,5.990000,0.085000
1479754219927,1.505000,1.500000,5500,1.510000,300,5.990000,0.085000
1479754221930,1.505000,1.500000,5500,1.510000,300,5.990000,0.085000
1479754223908,1.505000,1.500000,5500,1.510000,300,5.990000,0.085000
1479754225917,1.505000,1.500000,5500,1.510000,300,5.990000,0.085000
1479754227419,1.505000,1.500000,5500,1.510000,300,5.990000,0.085000
1479754229904,1.505000,1.500000,5500,1.510000,300,5.990000,0.085000
1479754230932,1.505000,1.500000,5500,1.510000,300,5.990000,0.085000
1479754233940,1.505000,1.500000,5500,1.510000,300,5.990000,0.085000
1479754235451,1.505000,1.500000,5500,1.510000,300,5.990000,0.085000
1479754237427,1.505000,1.500000,5500,1.510000,300,5.990000,0.085000
1479754239931,1.505000,1.500000,5500,1.510000,300,5.990000,0.085000
1479754241955,1.505000,1.500000,5500,1.510000,300,5.990000,0.085000
1479754244436,1.505000,1.500000,5500,1.510000,300,5.990000,0.085000
1479754246446,1.505000,1.500000,5500,1.510000,300,5.990000,0.085000
1479754248429,1.505000,1.500000,5500,1.510000,300,5.990000,0.085000
1479754250465,1.505000,1.500000,5500,1.510000,300,5.990000,0.085000
1479754252414,1.505000,1.500000,5500,1.510000,300,5.990000,0.085000
1479754253956,1.505000,1.500000,5500,1.510000,300,5.990000,0.085000
1479754256970,1.505000,1.500000,5500,1.510000,300,5.990000,0.085000
1479754258986,1.505000,1.500000,5500,1.510000,300,5.990000,0.085000
1479754260931,1.505000,1.500000,5500,1.510000,300,5.990000,0.085000
1479754262952,1.505000,1.500000,5500,1.510000,300,5.990000,0.085000
1479754265463,1.505000,1.500000,5500,1.510000,300,5.990000,0.085000
1479754267427,1.505000,1.500000,5500,1.510000,300,5.990000,0.085000
1479754269549,1.505000,1.500000,5500,1.510000,300,5.990000,0.085000
1479754271431,1.505000,1.500000,5500,1.510000,300,5.990000,0.085000
1479754272960,1.505000,1.500000,5500,1.510000,300,5.990000,0.085000
1479754275435,1.505000,1.500000,5500,1.510000,300,5.990000,0.085000
1479754277430,1.505000,1.500000,5500,1.510000,300,5.990000,0.085000
1479754279484,1.505000,1.500000,5500,1.510000,300,5.990000,0.085000
1479754281452,1.505000,1.500000,5500,1.510000,300,5.990000,0.085000
1479754283435,1.505000,1.500000,5500,1.510000,300,5.990000,0.085000
1479754285443,1.505000,1.500000,5500,1.510000,300,5.990000,0.085000
1479754287466,1.505000,1.500000,5500,1.510000,300,5.990000,0.085000
1479754289957,1.505000,1.500000,5500,1.510000,300,5.990000,0.085000
1479754291458,1.505000,1.500000,5500,1.510000,300,5.990000,0.085000
1479754293954,1.505000,1.500000,5500,1.510000,300,5.990000,0.085000
1479754295951,1.505000,1.500000,5500,1.510000,300,5.990000,0.085000
1479754297952,1.505000,1.500000,5500,1.510000,300,5.990000,0.085000
1479754299962,1.505000,1.500000,5500,1.510000,300,5.990000,0.085000
1479754301978,1.505000,1.500000,5500,1.510000,300,5.990000,0.085000
1479754303454,1.505000,1.500000,5500,1.510000,300,5.990000,0.085000
1479754306465,1.505000,1.500000,5500,1.510000,300,5.990000,0.085000
1479754308467,1.505000,1.500000,5500,1.510000,300,5.990000,0.085000
1479754310464,1.500000,1.500000,5300,1.510000,300,5.630000,0.080000
1479754312482,1.500000,1.500000,5000,1.510000,300,5.630000,0.080000
1479754314439,1.500000,1.500000,5000,1.510000,300,5.630000,0.080000
1479754316484,1.500000,1.500000,5000,1.510000,300,5.630000,0.080000
1479754318522,1.500000,1.500000,5000,1.510000,300,5.630000,0.080000
1479754320491,1.500000,1.500000,5000,1.510000,300,5.630000,0.080000
1479754322492,1.500000,1.500000,5000,1.510000,300,5.630000,0.080000
1479754324470,1.500000,1.500000,5000,1.510000,300,5.630000,0.080000
1479754326987,1.500000,1.500000,5000,1.510000,300,5.630000,0.080000
1479754328991,1.500000,1.500000,5000,1.510000,300,5.630000,0.080000
1479754330974,1.500000,1.500000,5000,1.510000,300,5.630000,0.080000
1479754332980,1.500000,1.500000,5000,1.510000,300,5.630000,0.080000
1479754334986,1.500000,1.500000,5000,1.510000,300,5.630000,0.080000
1479754336478,1.500000,1.500000,5000,1.510000,300,5.630000,0.080000
1479754338979,1.500000,1.500000,5000,1.510000,300,5.630000,0.080000
1479754340985,1.500000,1.500000,5000,1.510000,300,5.630000,0.080000
1479754342492,1.500000,1.500000,5000,1.510000,300,5.630000,0.080000
1479754343529,1.500000,1.500000,5000,1.510000,300,5.630000,0.080000
1479754347026,1.500000,1.500000,5000,1.510000,300,5.630000,0.080000
1479754349472,1.500000,1.500000,5000,1.510000,300,5.630000,0.080000
1479754350985,1.500000,1.500000,5000,1.510000,300,5.630000,0.080000
1479754353497,1.500000,1.500000,5000,1.510000,300,5.630000,0.080000
1479754355492,1.500000,1.500000,5000,1.510000,300,5.630000,0.080000
1479754357028,1.500000,1.500000,5000,1.510000,300,5.630000,0.080000
1479754359516,1.500000,1.500000,5000,1.510000,300,5.630000,0.080000
1479754361500,1.500000,1.500000,5000,1.510000,300,5.630000,0.080000
1479754363528,1.500000,1.500000,5000,1.510000,300,5.630000,0.080000
1479754365513,1.500000,1.500000,5000,1.510000,300,5.630000,0.080000
1479754367519,1.500000,1.500000,5000,1.510000,300,5.630000,0.080000
1479754369545,1.500000,1.500000,5000,1.510000,300,5.630000,0.080000
1479754371535,1.500000,1.500000,5000,1.510000,300,5.630000,0.080000
1479754374020,1.500000,1.500000,5000,1.510000,300,5.630000,0.080000
1479754376017,1.500000,1.500000,5000,1.510000,300,5.630000,0.080000
1479754378000,1.500000,1.500000,5000,1.510000,300,5.630000,0.080000
1479754380000,1.500000,1.500000,5000,1.510000,300,5.630000,0.080000
1479754382020,1.500000,1.500000,5000,1.510000,300,5.630000,0.080000
1479754383010,1.500000,1.500000,5000,1.510000,300,5.630000,0.080000
1479754386031,1.500000,1.500000,5000,1.510000,300,5.630000,0.080000
1479754388526,1.500000,1.500000,5000,1.510000,300,5.630000,0.080000
1479754390541,1.500000,1.500000,5000,1.510000,300,5.630000,0.080000
1479754392520,1.500000,1.500000,5000,1.510000,300,5.630000,0.080000
1479754394540,1.500000,1.500000,5000,1.510000,300,5.630000,0.080000
1479754396027,1.500000,1.500000,5000,1.510000,300,5.630000,0.080000
1479754398036,1.500000,1.500000,5000,1.510000,300,5.630000,0.080000
1479754400546,1.500000,1.500000,5000,1.510000,300,5.630000,0.080000
1479754402530,1.500000,1.500000,5000,1.510000,300,5.630000,0.080000
1479754404538,1.500000,1.500000,5000,1.510000,300,5.630000,0.080000
1479754406536,1.500000,1.500000,5000,1.510000,300,5.630000,0.080000
1479754409031,1.500000,1.500000,5000,1.510000,300,5.630000,0.080000
1479754411031,1.500000,1.500000,5000,1.510000,300,5.630000,0.080000
1479754413027,1.500000,1.500000,5000,1.510000,300,5.630000,0.080000
1479754414020,1.500000,1.500000,5000,1.510000,300,5.630000,0.080000
1479754417036,1.500000,1.500000,5000,1.510000,300,5.630000,0.080000
1479754418531,1.500000,1.500000,5000,1.510000,300,5.630000,0.080000
1479754421035,1.500000,1.500000,5000,1.510000,300,5.630000,0.080000
1479754422539,1.500000,1.500000,5000,1.510000,300,5.630000,0.080000
1479754424517,1.500000,1.500000,5000,1.510000,300,5.630000,0.080000
1479754426520,1.500000,1.500000,5000,1.510000,300,5.630000,0.080000
1479754429043,1.500000,1.500000,5000,1.510000,300,5.630000,0.080000
1479754431069,1.500000,1.500000,5000,1.510000,300,5.630000,0.080000
1479754433520,1.500000,1.500000,5000,1.510000,300,5.630000,0.080000
1479754435536,1.500000,1.500000,5000,1.510000,300,5.630000,0.080000
1479754437540,1.500000,1.500000,5000,1.510000,300,5.630000,0.080000
1479754439536,1.500000,1.500000,5000,1.510000,300,5.630000,0.080000
1479754441530,1.500000,1.500000,5000,1.510000,300,5.630000,0.080000
1479754443060,1.500000,1.500000,5000,1.510000,300,5.630000,0.080000
1479754445557,1.500000,1.500000,5000,1.510000,300,5.630000,0.080000
1479754447577,1.500000,1.500000,5000,1.510000,300,5.630000,0.080000
1479754450045,1.500000,1.500000,5000,1.510000,300,5.630000,0.080000
1479754452056,1.500000,1.500000,5000,1.510000,300,5.630000,0.080000
1479754453547,1.500000,1.500000,5000,1.510000,300,5.630000,0.080000
1479754456057,1.500000,1.500000,5000,1.510000,300,5.630000,0.080000
1479754458409,1.500000,1.500000,5000,1.510000,300,5.630000,0.080000
1479754460397,1.500000,1.500000,5000,1.510000,300,5.630000,0.080000
1479754462391,1.500000,1.500000,5000,1.510000,300,5.630000,0.080000
1479754464410,1.500000,1.500000,5000,1.510000,300,5.630000,0.080000
1479754466402,1.500000,1.500000,5000,1.510000,300,5.630000,0.080000
1479754468408,1.500000,1.500000,5000,1.510000,300,5.630000,0.080000
1479754470410,1.500000,1.500000,5000,1.510000,300,5.630000,0.080000
1479754471457,1.500000,1.500000,5000,1.510000,300,5.630000,0.080000
1479754474392,1.500000,1.500000,5000,1.510000,300,5.630000,0.080000
1479754476417,1.500000,1.500000,5000,1.510000,300,5.630000,0.080000
1479754478912,1.500000,1.500000,5000,1.510000,300,5.630000,0.080000
1479754480949,1.500000,1.500000,5000,1.510000,300,5.630000,0.080000
1479754482915,1.500000,1.500000,5000,1.510000,300,5.630000,0.080000
1479754484926,1.500000,1.500000,5000,1.510000,300,5.630000,0.080000
1479754486906,1.500000,1.500000,5000,1.510000,300,5.630000,0.080000
1479754488433,1.500000,1.500000,5000,1.510000,300,5.630000,0.080000
1479754490483,1.500000,1.500000,5000,1.510000,300,5.630000,0.080000
1479754492931,1.500000,1.500000,5000,1.510000,300,5.630000,0.080000
1479754494924,1.500000,1.500000,5000,1.510000,300,5.630000,0.080000
1479754496954,1.500000,1.500000,5000,1.510000,300,5.630000,0.080000
1479754499403,1.500000,1.500000,5000,1.510000,300,5.630000,0.080000
1479754501429,1.500000,1.500000,5000,1.510000,300,5.630000,0.080000
1479754502950,1.500000,1.500000,5000,1.510000,300,5.630000,0.080000
1479754505443,1.500000,1.500000,5000,1.510000,300,5.630000,0.080000
1479754507418,1.500000,1.500000,5000,1.510000,300,5.630000,0.080000
1479754509422,1.500000,1.500000,5000,1.510000,300,5.630000,0.080000
1479754511451,1.500000,1.500000,5000,1.510000,300,5.630000,0.080000
1479754513418,1.500000,1.500000,5000,1.510000,300,5.630000,0.080000
1479754515423,1.500000,1.500000,5000,1.510000,300,5.630000,0.080000
1479754517469,1.500000,1.500000,5000,1.510000,300,5.630000,0.080000
1479754519431,1.500000,1.500000,5000,1.510000,300,5.630000,0.080000
1479754520933,1.500000,1.500000,5000,1.510000,300,5.630000,0.080000
1479754523412,1.500000,1.500000,5000,1.510000,300,5.630000,0.080000
1479754525933,1.500000,1.500000,5000,1.510000,300,5.630000,0.080000
1479754527955,1.505000,1.500000,5000,1.510000,300,5.990000,0.085000
1479754529929,1.505000,1.500000,5000,1.510000,300,5.990000,0.085000
1479754531926,1.505000,1.500000,5000,1.510000,300,5.990000,0.085000
1479754533936,1.505000,1.500000,5000,1.510000,300,5.990000,0.085000
1479754536007,1.505000,1.500000,5000,1.510000,300,5.990000,0.085000
1479754537478,1.505000,1.500000,5000,1.510000,300,5.990000,0.085000
1479754539953,1.505000,1.500000,5000,1.510000,300,5.990000,0.085000
1479754542449,1.505000,1.500000,5000,1.510000,300,5.990000,0.085000
1479754544442,1.505000,1.500000,5000,1.510000,300,5.990000,0.085000
1479754546447,1.505000,1.500000,5000,1.510000,300,5.990000,0.085000
1479754548453,1.505000,1.500000,5000,1.510000,300,5.990000,0.085000
1479754549979,1.505000,1.500000,5000,1.510000,300,5.990000,0.085000
1479754552460,1.505000,1.500000,5000,1.510000,300,5.990000,0.085000
1479754554448,1.505000,1.500000,5000,1.510000,300,5.990000,0.085000
1479754556446,1.505000,1.500000,5000,1.510000,300,5.990000,0.085000
1479754558455,1.505000,1.500000,5000,1.510000,300,5.990000,0.085000
1479754560449,1.505000,1.500000,5000,1.510000,300,5.990000,0.085000
1479754562970,1.505000,1.500000,5000,1.510000,300,5.990000,0.085000
1479754564460,1.505000,1.500000,5000,1.510000,300,5.990000,0.085000
1479754567027,1.505000,1.500000,5000,1.510000,300,5.990000,0.085000
1479754568988,1.505000,1.500000,5000,1.510000,300,5.990000,0.085000
1479754570954,1.505000,1.500000,5000,1.510000,300,5.990000,0.085000
1479754573015,1.505000,1.500000,5000,1.510000,300,5.990000,0.085000
1479754574483,1.505000,1.500000,5000,1.510000,300,5.990000,0.085000
1479754576976,1.505000,1.500000,5000,1.510000,300,5.990000,0.085000
1479754578480,1.505000,1.500000,5000,1.510000,300,5.990000,0.085000
1479754581000,1.505000,1.500000,5000,1.510000,300,5.990000,0.085000
1479754583466,1.505000,1.500000,5000,1.510000,300,5.990000,0.085000
1479754585467,1.505000,1.500000,5000,1.510000,300,5.990000,0.085000
1479754587475,1.505000,1.500000,5000,1.510000,300,5.990000,0.085000
1479754589507,1.505000,1.500000,5000,1.510000,300,5.990000,0.085000
1479754591482,1.505000,1.500000,5000,1.510000,300,5.990000,0.085000
1479754593503,1.509300,1.500000,5000,1.510000,300,6.290000,0.089300
1479754595465,1.509300,1.500000,5000,1.510000,300,6.290000,0.089300
1479754596983,1.509300,1.500000,5000,1.510000,300,6.290000,0.089300
1479754599493,1.509300,1.500000,5000,1.510000,300,6.290000,0.089300
1479754600997,1.509300,1.500000,5000,1.510000,300,6.290000,0.089300
1479754603492,1.509300,1.500000,5000,1.510000,300,6.290000,0.089300
1479754605515,1.509300,1.500000,5000,1.510000,300,6.290000,0.089300
1479754607984,1.509300,1.500000,5000,1.510000,300,6.290000,0.089300
1479754610021,1.509300,1.500000,5000,1.510000,300,6.290000,0.089300
1479754612015,1.509300,1.500000,5000,1.510000,300,6.290000,0.089300
1479754613990,1.509300,1.500000,5000,1.510000,300,6.290000,0.089300
1479754615998,1.509300,1.500000,5000,1.510000,300,6.290000,0.089300
1479754617981,1.509300,1.500000,5000,1.510000,300,6.290000,0.089300
1479754619486,1.509300,1.500000,5000,1.510000,300,6.290000,0.089300
1479754621984,1.509300,1.500000,5000,1.510000,300,6.290000,0.089300
1479754624028,1.509300,1.500000,5000,1.510000,300,6.290000,0.089300
1479754625503,1.509300,1.500000,5000,1.510000,300,6.290000,0.089300
1479754628472,1.509300,1.500000,5000,1.510000,300,6.290000,0.089300
1479754630473,1.509300,1.500000,5000,1.510000,300,6.290000,0.089300
1479754632489,1.509300,1.500000,5000,1.510000,300,6.290000,0.089300
1479754634521,1.509300,1.500000,5000,1.510000,300,6.290000,0.089300
1479754636513,1.509300,1.500000,5000,1.510000,300,6.290000,0.089300
1479754638010,1.509300,1.500000,5000,1.510000,300,6.290000,0.089300
1479754640521,1.509300,1.500000,5000,1.510000,300,6.290000,0.089300
1479754642041,1.509300,1.500000,5000,1.510000,300,6.290000,0.089300
1479754644518,1.509300,1.500000,5000,1.510000,300,6.290000,0.089300
1479754645510,1.509300,1.500000,5000,1.510000,300,6.290000,0.089300
1479754648514,1.509300,1.500000,5000,1.510000,300,6.290000,0.089300
1479754650510,1.509300,1.500000,5000,1.510000,300,6.290000,0.089300
1479754653025,1.509300,1.500000,5000,1.510000,300,6.290000,0.089300
1479754655036,1.509300,1.500000,5000,1.510000,300,6.290000,0.089300
1479754657028,1.509300,1.500000,5000,1.510000,300,6.290000,0.089300
1479754659008,1.509300,1.500000,5000,1.510000,300,6.290000,0.089300
1479754661522,1.509300,1.500000,5000,1.510000,300,6.290000,0.089300
1479754663511,1.509300,1.500000,5000,1.510000,300,6.290000,0.089300
1479754665538,1.509300,1.500000,5000,1.510000,300,6.290000,0.089300
1479754667513,1.509300,1.500000,5000,1.510000,300,6.290000,0.089300
1479754669572,1.509300,1.500000,5000,1.510000,300,6.290000,0.089300
1479754671492,1.509300,1.500000,5000,1.510000,300,6.290000,0.089300
1479754673536,1.509300,1.500000,5000,1.510000,300,6.290000,0.089300
1479754675553,1.509300,1.500000,5000,1.510000,300,6.290000,0.089300
1479754678002,1.509300,1.500000,5000,1.510000,300,6.290000,0.089300
1479754679521,1.509300,1.500000,5000,1.510000,300,6.290000,0.089300
1479754682093,1.509300,1.500000,5000,1.510000,300,6.290000,0.089300
1479754684039,1.509300,1.500000,5000,1.510000,300,6.290000,0.089300
1479754686007,1.509300,1.500000,5000,1.510000,300,6.290000,0.089300
1479754688031,1.509300,1.500000,5000,1.510000,300,6.290000,0.089300
1479754689028,1.509300,1.500000,5000,1.510000,300,6.290000,0.089300
1479754692046,1.509300,1.500000,5000,1.510000,300,6.290000,0.089300
1479754694042,1.509300,1.500000,5000,1.510000,300,6.290000,0.089300
1479754696540,1.509300,1.500000,5000,1.510000,300,6.290000,0.089300
1479754698585,1.509300,1.500000,5000,1.510000,300,6.290000,0.089300
1479754700539,1.509300,1.500000,5000,1.510000,300,6.290000,0.089300
1479754702570,1.509300,1.500000,5000,1.510000,300,6.290000,0.089300
1479754704048,1.509300,1.500000,5000,1.510000,300,6.290000,0.089300
1479754706537,1.509300,1.500000,5000,1.510000,300,6.290000,0.089300
1479754708537,1.509300,1.500000,5000,1.510000,300,6.290000,0.089300
1479754710547,1.509300,1.500000,5000,1.510000,300,6.290000,0.089300
1479754712638,1.509300,1.500000,5000,1.510000,300,6.290000,0.089300
1479754714600,1.509300,1.500000,5000,1.510000,300,6.290000,0.089300
1479754717071,1.509300,1.500000,5000,1.510000,300,6.290000,0.089300
1479754718951,1.509300,1.500000,5000,1.510000,300,6.290000,0.089300
1479754720904,1.509300,1.500000,5000,1.510000,300,6.290000,0.089300
1479754722935,1.509300,1.500000,5000,1.510000,300,6.290000,0.089300
1479754725391,1.509300,1.500000,5000,1.510000,300,6.290000,0.089300
1479754727404,1.509300,1.500000,5000,1.510000,300,6.290000,0.089300
1479754728924,1.509300,1.500000,5000,1.510000,300,6.290000,0.089300
1479754730911,1.509300,1.500000,5000,1.510000,300,6.290000,0.089300
1479754733417,1.509300,1.500000,5000,1.510000,300,6.290000,0.089300
1479754735393,1.509300,1.500000,5000,1.510000,300,6.290000,0.089300
1479754737403,1.509300,1.500000,5000,1.510000,300,6.290000,0.089300
1479754739431,1.509300,1.500000,5000,1.510000,300,6.290000,0.089300
1479754741407,1.509300,1.500000,5000,1.510000,300,6.290000,0.089300
1479754742414,1.509300,1.500000,5000,1.510000,300,6.290000,0.089300
1479754745932,1.509300,1.500000,5000,1.510000,300,6.290000,0.089300
1479754747935,1.509300,1.500000,5000,1.510000,300,6.290000,0.089300
1479754749959,1.509300,1.500000,5000,1.510000,300,6.290000,0.089300
1479754751909,1.509300,1.500000,5000,1.510000,300,6.290000,0.089300
1479754753900,1.509300,1.500000,5000,1.510000,300,6.290000,0.089300
1479754755953,1.509300,1.500000,5000,1.510000,300,6.290000,0.089300
1479754757435,1.509300,1.500000,5000,1.510000,300,6.290000,0.089300
1479754759929,1.509300,1.500000,5000,1.510000,300,6.290000,0.089300
1479754761924,1.500000,1.500000,5000,1.510000,300,5.630000,0.080000
1479754763931,1.500000,1.500000,5000,1.510000,300,5.630000,0.080000
1479754766427,1.500000,1.500000,5000,1.510000,300,5.630000,0.080000
1479754768452,1.500000,1.500000,5000,1.510000,300,5.630000,0.080000
1479754770446,1.500000,1.500000,5000,1.510000,300,5.630000,0.080000
1479754772425,1.500000,1.500000,5000,1.510000,300,5.630000,0.080000
1479754773941,1.500000,1.500000,5000,1.510000,300,5.630000,0.080000
1479754776445,1.500000,1.500000,5000,1.510000,300,5.630000,0.080000
1479754778439,1.500000,1.500000,5000,1.510000,300,5.630000,0.080000
1479754780438,1.500000,1.500000,5000,1.510000,300,5.630000,0.080000
1479754782465,1.500000,1.500000,5000,1.510000,300,5.630000,0.080000
1479754784459,1.500000,1.500000,5000,1.510000,300,5.630000,0.080000
1479754786947,1.500000,1.500000,5000,1.510000,300,5.630000,0.080000
1479754788929,1.500000,1.500000,5000,1.510000,300,5.630000,0.080000
1479754790966,1.500000,1.500000,5000,1.510000,300,5.630000,0.080000
1479754792928,1.505000,1.500000,5000,1.510000,300,5.990000,0.085000
1479754794927,1.505000,1.500000,5000,1.510000,300,5.990000,0.085000
1479754796942,1.505000,1.500000,5000,1.510000,300,5.990000,0.085000
1479754799463,1.505000,1.500000,5000,1.510000,300,5.990000,0.085000
1479754801446,1.505000,1.500000,5000,1.510000,300,5.990000,0.085000
1479754803428,1.505000,1.500000,5000,1.510000,300,5.990000,0.085000
1479754805454,1.505000,1.500000,5000,1.510000,300,5.990000,0.085000
1479754807440,1.505000,1.500000,5000,1.510000,300,5.990000,0.085000
1479754809440,1.505000,1.500000,5000,1.510000,300,5.990000,0.085000
1479754811452,1.505000,1.500000,5000,1.510000,300,5.990000,0.085000
1479754813466,1.505000,1.500000,5000,1.510000,300,5.990000,0.085000
1479754814951,1.505000,1.500000,5000,1.510000,300,5.990000,0.085000
1479754817471,1.505000,1.500000,5000,1.510000,300,5.990000,0.085000
1479754818961,1.505000,1.500000,5000,1.510000,300,5.990000,0.085000
1479754821956,1.505000,1.500000,5000,1.510000,300,5.990000,0.085000
1479754823964,1.505000,1.500000,5000,1.510000,300,5.990000,0.085000
1479754825970,1.505000,1.500000,5000,1.510000,300,5.990000,0.085000
1479754827964,1.505000,1.500000,5000,1.510000,300,5.990000,0.085000
1479754829952,1.505000,1.500000,5000,1.510000,300,5.990000,0.085000
1479754831489,1.505000,1.500000,5000,1.510000,300,5.990000,0.085000
1479754833962,1.505000,1.500000,5000,1.510000,300,5.990000,0.085000
1479754835953,1.505000,1.500000,5000,1.510000,300,5.990000,0.085000
1479754837948,1.505000,1.500000,5000,1.510000,300,5.990000,0.085000
1479754839960,1.505000,1.500000,5000,1.510000,300,5.990000,0.085000
1479754841980,1.505000,1.500000,5000,1.510000,300,5.990000,0.085000
1479754843955,1.505000,1.500000,5000,1.510000,300,5.990000,0.085000
1479754846483,1.505000,1.500000,5000,1.510000,300,5.990000,0.085000
1479754848466,1.505000,1.500000,5000,1.510000,300,5.990000,0.085000
1479754850506,1.505000,1.500000,5000,1.510000,300,5.990000,0.085000
1479754852469,1.505000,1.500000,5000,1.510000,300,5.990000,0.085000
1479754854477,1.505000,1.500000,5000,1.510000,300,5.990000,0.085000
1479754856459,1.505000,1.500000,5000,1.510000,300,5.990000,0.085000
1479754858504,1.505000,1.500000,5000,1.510000,300,5.990000,0.085000
1479754860514,1.505000,1.500000,5000,1.510000,300,5.990000,0.085000
1479754862481,1.505000,1.500000,5000,1.510000,300,5.990000,0.085000
1479754864482,1.505000,1.500000,5000,1.510000,300,5.990000,0.085000
1479754866478,1.505000,1.500000,5000,1.510000,300,5.990000,0.085000
1479754868990,1.505000,1.500000,5000,1.510000,300,5.990000,0.085000
1479754871038,1.505000,1.500000,5000,1.510000,300,5.990000,0.085000
1479754873013,1.505000,1.500000,5000,1.510000,300,5.990000,0.085000
1479754874492,1.505000,1.500000,5000,1.510000,300,5.990000,0.085000
1479754876974,1.505000,1.500000,5000,1.510000,300,5.990000,0.085000
1479754879017,1.505000,1.500000,5000,1.510000,300,5.990000,0.085000
1479754881017,1.505000,1.500000,5000,1.510000,300,5.990000,0.085000
1479754883036,1.505000,1.500000,5000,1.510000,300,5.990000,0.085000
1479754885008,1.505000,1.500000,5000,1.510000,300,5.990000,0.085000
1479754886497,1.505000,1.500000,5000,1.510000,300,5.990000,0.085000
1479754889476,1.505000,1.500000,5000,1.510000,300,5.990000,0.085000
1479754891493,1.505000,1.500000,5000,1.510000,300,5.990000,0.085000
1479754893486,1.505000,1.500000,5000,1.510000,300,5.990000,0.085000
1479754895547,1.505000,1.500000,5000,1.510000,300,5.990000,0.085000
1479754897483,1.505000,1.500000,5000,1.510000,300,5.990000,0.085000
1479754899490,1.505000,1.500000,5000,1.510000,300,5.990000,0.085000
1479754901502,1.505000,1.500000,5000,1.510000,300,5.990000,0.085000
1479754902536,1.505000,1.500000,5000,1.510000,300,5.990000,0.085000
1479754905505,1.505000,1.500000,5000,1.510000,300,5.990000,0.085000
1479754908030,1.505000,1.500000,5000,1.510000,300,5.990000,0.085000
1479754909028,1.505000,1.500000,5000,1.510000,300,5.990000,0.085000
1479754912021,1.505000,1.500000,5000,1.510000,300,5.990000,0.085000
1479754914007,1.505000,1.500000,5000,1.510000,300,5.990000,0.085000
1479754916042,1.505000,1.500000,5000,1.510000,300,5.990000,0.085000
1479754918035,1.505000,1.500000,5000,1.510000,300,5.990000,0.085000
1479754920024,1.505000,1.500000,5000,1.510000,300,5.990000,0.085000
1479754922017,1.505000,1.500000,5000,1.510000,300,5.990000,0.085000
1479754924034,1.505000,1.500000,5000,1.510000,300,5.990000,0.085000
1479754926025,1.505000,1.500000,5000,1.510000,300,5.990000,0.085000
1479754928517,1.505000,1.500000,5000,1.510000,300,5.990000,0.085000
1479754930506,1.505000,1.500000,5000,1.510000,300,5.990000,0.085000
1479754932513,1.505000,1.500000,5000,1.510000,300,5.990000,0.085000
1479754934507,1.505000,1.500000,5000,1.510000,300,5.990000,0.085000
1479754936037,1.505000,1.500000,5000,1.510000,300,5.990000,0.085000
1479754939030,1.505000,1.500000,5000,1.510000,300,5.990000,0.085000
1479754941043,1.505000,1.500000,5000,1.510000,300,5.990000,0.085000
1479754943040,1.505000,1.500000,5000,1.510000,300,5.990000,0.085000
1479754944516,1.505000,1.500000,5000,1.510000,300,5.990000,0.085000
1479754947035,1.505000,1.500000,5000,1.510000,300,5.990000,0.085000
1479754948545,1.505000,1.500000,5000,1.510000,300,5.990000,0.085000
1479754951056,1.509300,1.500000,5000,1.510000,300,6.290000,0.089300
1479754952010,1.509300,1.500000,5000,1.510000,300,6.290000,0.089300
1479754955042,1.509300,1.500000,5000,1.510000,300,6.290000,0.089300
1479754957025,1.509300,1.500000,5000,1.510000,300,6.290000,0.089300
1479754959093,1.509300,1.500000,5000,1.510000,300,6.290000,0.089300
1479754960559,1.509300,1.500000,5000,1.510000,300,6.290000,0.089300
1479754963018,1.509300,1.500000,5000,1.510000,300,6.290000,0.089300
1479754965532,1.509300,1.500000,5000,1.510000,300,6.290000,0.089300
1479754967539,1.509300,1.500000,5000,1.510000,300,6.290000,0.089300
1479754969525,1.509300,1.500000,5000,1.510000,300,6.290000,0.089300
1479754971534,1.509300,1.500000,5000,1.510000,300,6.290000,0.089300
1479754973090,1.509300,1.500000,5000,1.510000,300,6.290000,0.089300
1479754975569,1.501500,1.500000,3800,1.510000,300,5.740000,0.081500
1479754977554,1.501500,1.500000,3800,1.510000,300,5.740000,0.081500
1479754979528,1.501500,1.500000,3800,1.510000,300,5.740000,0.081500
1479754982043,1.501500,1.500000,3800,1.510000,300,5.740000,0.081500
1479754984216,1.501500,1.500000,3800,1.510000,300,5.740000,0.081500
1479754984404,1.501500,1.500000,3800,1.510000,300,5.740000,0.081500
1479754988405,1.501500,1.500000,3800,1.510000,300,5.740000,0.081500
1479754990393,1.501500,1.500000,3800,1.510000,300,5.740000,0.081500
1479754991895,1.501500,1.500000,3800,1.510000,300,5.740000,0.081500
1479754993901,1.501500,1.500000,3800,1.510000,300,5.740000,0.081500
1479754995387,1.501500,1.500000,3800,1.510000,300,5.740000,0.081500
1479754998397,1.501500,1.500000,3800,1.510000,300,5.740000,0.081500
1479755000475,1.501500,1.500000,3800,1.510000,300,5.740000,0.081500
1479755001900,1.501500,1.500000,3800,1.510000,300,5.740000,0.081500
1479755004412,1.501500,1.500000,3800,1.510000,300,5.740000,0.081500
1479755006408,1.501500,1.500000,3800,1.510000,300,5.740000,0.081500
1479755008428,1.501500,1.500000,3800,1.510000,300,5.740000,0.081500
1479755009918,1.501500,1.500000,3800,1.510000,300,5.740000,0.081500
1479755012438,1.501500,1.500000,3800,1.510000,300,5.740000,0.081500
1479755014918,1.501500,1.500000,3800,1.510000,300,5.740000,0.081500
1479755016930,1.501500,1.500000,3800,1.510000,300,5.740000,0.081500
1479755018937,1.501500,1.500000,3800,1.510000,300,5.740000,0.081500
1479755020944,1.501500,1.500000,3800,1.510000,300,5.740000,0.081500
1479755022937,1.501500,1.500000,3800,1.510000,300,5.740000,0.081500
1479755024416,1.501500,1.500000,3800,1.510000,300,5.740000,0.081500
1479755026914,1.501500,1.500000,3800,1.510000,300,5.740000,0.081500
1479755028930,1.501500,1.500000,3800,1.510000,300,5.740000,0.081500
1479755030931,1.501500,1.500000,3800,1.510000,300,5.740000,0.081500
1479755033423,1.501500,1.500000,3800,1.510000,300,5.740000,0.081500
1479755035421,1.501500,1.500000,3800,1.510000,300,5.740000,0.081500
1479755037460,1.501500,1.500000,3800,1.510000,300,5.740000,0.081500
1479755039414,1.501500,1.500000,3800,1.510000,300,5.740000,0.081500
1479755041441,1.501500,1.500000,3800,1.510000,300,5.740000,0.081500
1479755043432,1.501500,1.500000,3800,1.510000,300,5.740000,0.081500
1479755045464,1.501500,1.500000,3800,1.510000,300,5.740000,0.081500
1479755047453,1.505000,1.500000,3800,1.510000,300,5.990000,0.085000
1479755048938,1.505000,1.500000,3800,1.510000,300,5.990000,0.085000
1479755051437,1.505000,1.500000,3800,1.510000,300,5.990000,0.085000
1479755053434,1.505000,1.500000,3800,1.510000,300,5.990000,0.085000
1479755055413,1.505000,1.500000,3800,1.510000,300,5.990000,0.085000
1479755056930,1.505000,1.500000,3800,1.510000,300,5.990000,0.085000
1479755059941,1.505000,1.500000,3800,1.510000,300,5.990000,0.085000
1479755061473,1.505000,1.500000,3800,1.510000,300,5.990000,0.085000
1479755063928,1.505000,1.500000,3800,1.510000,300,5.990000,0.085000
1479755065922,1.505000,1.500000,3800,1.510000,300,5.990000,0.085000
1479755067956,1.505000,1.500000,3800,1.510000,300,5.990000,0.085000
1479755069976,1.505000,1.500000,3800,1.510000,300,5.990000,0.085000
1479755072433,1.505000,1.500000,3800,1.510000,300,5.990000,0.085000
1479755074449,1.505000,1.500000,3800,1.510000,300,5.990000,0.085000
1479755076477,1.505000,1.500000,3800,1.510000,300,5.990000,0.085000
1479755078459,1.505000,1.500000,3800,1.510000,300,5.990000,0.085000
1479755080454,1.505000,1.500000,3800,1.510000,300,5.990000,0.085000
1479755082446,1.505000,1.500000,3800,1.510000,300,5.990000,0.085000
1479755084476,1.505000,1.500000,3800,1.510000,300,5.990000,0.085000
1479755086466,1.505000,1.500000,3800,1.510000,300,5.990000,0.085000
1479755088453,1.505000,1.500000,3800,1.510000,300,5.990000,0.085000
1479755090940,1.505000,1.500000,3800,1.510000,300,5.990000,0.085000
1479755092953,1.505000,1.500000,3800,1.510000,300,5.990000,0.085000
1479755094993,1.505000,1.500000,3800,1.510000,300,5.990000,0.085000
1479755096958,1.509900,1.500000,3800,1.510000,300,6.330000,0.089900
1479755098994,1.509900,1.500000,3800,1.510000,300,6.330000,0.089900
1479755100950,1.509900,1.500000,3800,1.510000,300,6.330000,0.089900
1479755102969,1.509900,1.500000,3800,1.510000,300,6.330000,0.089900
1479755104986,1.509900,1.500000,3800,1.510000,300,6.330000,0.089900
1479755107008,1.509900,1.500000,3800,1.510000,300,6.330000,0.089900
1479755108980,1.509900,1.500000,3800,1.510000,300,6.330000,0.089900
1479755110966,1.509900,1.500000,3800,1.510000,300,6.330000,0.089900
1479755113459,1.509900,1.500000,3800,1.510000,300,6.330000,0.089900
1479755115477,1.509900,1.500000,3800,1.510000,300,6.330000,0.089900
1479755117476,1.509900,1.500000,3800,1.510000,300,6.330000,0.089900
1479755119474,1.509900,1.500000,3800,1.510000,300,6.330000,0.089900
1479755121017,1.509900,1.500000,3800,1.510000,300,6.330000,0.089900
1479755123500,1.509900,1.500000,3800,1.510000,300,6.330000,0.089900
1479755125511,1.509900,1.500000,3800,1.510000,300,6.330000,0.089900
1479755127457,1.509900,1.500000,3800,1.510000,300,6.330000,0.089900
1479755129487,1.509900,1.500000,3800,1.510000,300,6.330000,0.089900
1479755131495,1.509900,1.500000,3800,1.510000,300,6.330000,0.089900
1479755133952,1.509900,1.500000,3800,1.510000,300,6.330000,0.089900
1479755136032,1.509900,1.500000,3800,1.510000,300,6.330000,0.089900
1479755137985,1.509900,1.500000,3800,1.510000,300,6.330000,0.089900
1479755139996,1.509900,1.500000,3800,1.510000,300,6.330000,0.089900
1479755141969,1.509900,1.500000,3800,1.510000,300,6.330000,0.089900
1479755144004,1.509900,1.500000,3800,1.510000,300,6.330000,0.089900
1479755145501,1.509900,1.500000,3800,1.510000,300,6.330000,0.089900
1479755148029,1.509900,1.500000,3800,1.510000,300,6.330000,0.089900
1479755149510,1.509900,1.500000,3800,1.510000,300,6.330000,0.089900
1479755152534,1.509900,1.500000,3800,1.510000,300,6.330000,0.089900
1479755154495,1.509900,1.500000,3800,1.510000,300,6.330000,0.089900
1479755156494,1.509900,1.500000,3800,1.510000,300,6.330000,0.089900
1479755157967,1.509900,1.500000,3800,1.510000,300,6.330000,0.089900
1479755159498,1.509900,1.500000,3800,1.510000,300,6.330000,0.089900
1479755162523,1.509900,1.500000,3800,1.510000,300,6.330000,0.089900
1479755163574,1.509900,1.500000,3800,1.510000,300,6.330000,0.089900
1479755166537,1.509900,1.500000,3800,1.510000,300,6.330000,0.089900
1479755169009,1.509900,1.500000,3800,1.510000,300,6.330000,0.089900
1479755171006,1.509900,1.500000,3800,1.510000,300,6.330000,0.089900
1479755173021,1.509900,1.500000,3800,1.510000,300,6.330000,0.089900
1479755175020,1.509900,1.500000,3800,1.510000,300,6.330000,0.089900
1479755177006,1.509900,1.500000,3800,1.510000,300,6.330000,0.089900
1479755179010,1.509900,1.500000,3800,1.510000,300,6.330000,0.089900
1479755181040,1.509900,1.500000,3800,1.510000,300,6.330000,0.089900
1479755182019,1.509900,1.500000,3800,1.510000,300,6.330000,0.089900
1479755185017,1.509900,1.500000,3800,1.510000,300,6.330000,0.089900
1479755187037,1.509900,1.500000,3800,1.510000,300,6.330000,0.089900
1479755189492,1.509900,1.500000,3800,1.510000,300,6.330000,0.089900
1479755189492,1.509900,1.500000,3800,1.510000,300,6.330000,0.089900
1479755193528,1.509900,1.500000,3800,1.510000,300,6.330000,0.089900
1479755195496,1.509900,1.500000,3800,1.510000,300,6.330000,0.089900
1479755197519,1.509900,1.500000,3800,1.510000,300,6.330000,0.089900
1479755199506,1.509900,1.500000,3800,1.510000,300,6.330000,0.089900
1479755201033,1.500700,1.500000,3800,1.510000,300,5.680000,0.080700
1479755203542,1.500700,1.500000,3800,1.510000,300,5.680000,0.080700
1479755205530,1.500700,1.500000,3800,1.510000,300,5.680000,0.080700
1479755207606,1.500700,1.500000,3800,1.510000,300,5.680000,0.080700
1479755209588,1.500700,1.500000,3800,1.510000,300,5.680000,0.080700
1479755211526,1.500700,1.500000,3800,1.510000,300,5.680000,0.080700
1479755214009,1.500700,1.500000,3800,1.510000,300,5.680000,0.080700
1479755216053,1.500700,1.500000,3800,1.510000,300,5.680000,0.080700
1479755217532,1.500700,1.500000,3800,1.510000,300,5.680000,0.080700
1479755220059,1.500700,1.500000,3800,1.510000,300,5.680000,0.080700
1479755221560,1.500700,1.500000,3800,1.510000,300,5.680000,0.080700
1479755223057,1.500700,1.500000,3800,1.510000,300,5.680000,0.080700
1479755226051,1.500700,1.500000,3800,1.510000,300,5.680000,0.080700
1479755228063,1.500700,1.500000,3800,1.510000,300,5.680000,0.080700
1479755230029,1.500700,1.500000,3800,1.510000,300,5.680000,0.080700
1479755232535,1.500700,1.500000,3800,1.510000,300,5.680000,0.080700
1479755234562,1.500700,1.500000,3800,1.510000,300,5.680000,0.080700
1479755236608,1.500700,1.500000,3800,1.510000,300,5.680000,0.080700
1479755238575,1.500700,1.500000,3800,1.510000,300,5.680000,0.080700
1479755239566,1.500700,1.500000,3800,1.510000,300,5.680000,0.080700
1479755242060,1.500700,1.500000,3800,1.510000,300,5.680000,0.080700
1479755244590,1.500700,1.500000,3800,1.510000,300,5.680000,0.080700
1479755247044,1.500700,1.500000,3800,1.510000,300,5.680000,0.080700
1479755248551,1.500700,1.500000,3800,1.510000,300,5.680000,0.080700
1479755250566,1.500700,1.500000,3800,1.510000,300,5.680000,0.080700
1479755252900,1.500700,1.500000,3800,1.510000,300,5.680000,0.080700
1479755254914,1.500700,1.500000,3800,1.510000,300,5.680000,0.080700
1479755257405,1.500700,1.500000,3800,1.510000,300,5.680000,0.080700
1479755259384,1.500700,1.500000,3800,1.510000,300,5.680000,0.080700
1479755261408,1.500700,1.500000,3800,1.510000,300,5.680000,0.080700
1479755263402,1.500700,1.500000,3800,1.510000,300,5.680000,0.080700
1479755265406,1.500700,1.500000,3800,1.510000,300,5.680000,0.080700
1479755266903,1.500700,1.500000,3800,1.510000,300,5.680000,0.080700
1479755269415,1.500700,1.500000,3800,1.510000,300,5.680000,0.080700
1479755271422,1.500700,1.500000,3800,1.510000,300,5.680000,0.080700
1479755273404,1.500700,1.500000,3800,1.510000,300,5.680000,0.080700
1479755275415,1.500700,1.500000,3800,1.510000,300,5.680000,0.080700
1479755277912,1.500700,1.500000,3800,1.510000,300,5.680000,0.080700
1479755279416,1.500700,1.500000,3800,1.510000,300,5.680000,0.080700
1479755281936,1.500700,1.500000,3800,1.510000,300,5.680000,0.080700
1479755283955,1.500700,1.500000,3800,1.510000,300,5.680000,0.080700
1479755285920,1.500700,1.500000,3800,1.510000,300,5.680000,0.080700
1479755287415,1.500700,1.500000,3800,1.510000,300,5.680000,0.080700
1479755289430,1.500700,1.500000,3800,1.510000,300,5.680000,0.080700
1479755291911,1.500700,1.500000,3800,1.510000,300,5.680000,0.080700
1479755293921,1.500700,1.500000,3800,1.510000,300,5.680000,0.080700
1479755295940,1.500700,1.500000,3800,1.510000,300,5.680000,0.080700
1479755298918,1.500700,1.500000,3800,1.510000,300,5.680000,0.080700
1479755300455,1.500100,1.500000,3800,1.510000,300,5.640000,0.080100
1479755302918,1.500100,1.500000,3800,1.510000,300,5.640000,0.080100
1479755304934,1.500100,1.500000,3800,1.510000,300,5.640000,0.080100
1479755306936,1.500100,1.500000,3800,1.510000,300,5.640000,0.080100
1479755308921,1.500100,1.500000,3800,1.510000,300,5.640000,0.080100
1479755310949,1.500100,1.500000,3800,1.510000,300,5.640000,0.080100
1479755312926,1.500100,1.500000,3800,1.510000,300,5.640000,0.080100
1479755314933,1.500100,1.500000,3800,1.510000,300,5.640000,0.080100
1479755316442,1.500100,1.500000,3800,1.510000,300,5.640000,0.080100
1479755319477,1.500100,1.500000,3800,1.510000,300,5.640000,0.080100
1479755321419,1.500100,1.500000,3800,1.510000,300,5.640000,0.080100
1479755323445,1.500100,1.500000,3800,1.510000,300,5.640000,0.080100
1479755325454,1.500100,1.500000,3800,1.510000,300,5.640000,0.080100
1479755327478,1.500100,1.500000,3800,1.510000,300,5.640000,0.080100
1479755329452,1.500000,1.500000,3800,1.510000,300,5.630000,0.080000
1479755331499,1.500000,1.500000,3800,1.510000,300,5.630000,0.080000
1479755332928,1.500000,1.500000,3800,1.510000,300,5.630000,0.080000
1479755335931,1.500000,1.500000,3800,1.510000,300,5.630000,0.080000
1479755337442,1.500000,1.500000,3800,1.510000,300,5.630000,0.080000
1479755339464,1.500000,1.500000,3800,1.510000,300,5.630000,0.080000
1479755341953,1.500000,1.500000,3800,1.510000,300,5.630000,0.080000
1479755344014,1.500000,1.500000,3800,1.510000,300,5.630000,0.080000
1479755345944,1.500000,1.500000,3800,1.510000,300,5.630000,0.080000
1479755347936,1.500000,1.500000,3800,1.510000,300,5.630000,0.080000
1479755350435,1.500000,1.500000,3800,1.510000,300,5.630000,0.080000
1479755352441,1.500000,1.500000,3800,1.510000,300,5.630000,0.080000
1479755354468,1.500000,1.500000,3800,1.510000,300,5.630000,0.080000
1479755356499,1.500000,1.500000,3800,1.510000,300,5.630000,0.080000
1479755358467,1.500000,1.500000,3800,1.510000,300,5.630000,0.080000
1479755360462,1.500000,1.500000,3800,1.510000,300,5.630000,0.080000
1479755362476,1.500000,1.500000,3800,1.510000,300,5.630000,0.080000
1479755364472,1.500000,1.500000,3800,1.510000,300,5.630000,0.080000
1479755366464,1.500000,1.500000,3800,1.510000,300,5.630000,0.080000
1479755368520,1.500000,1.500000,3800,1.510000,300,5.630000,0.080000
1479755370981,1.500000,1.500000,3800,1.510000,300,5.630000,0.080000
1479755372955,1.500000,1.500000,3800,1.510000,300,5.630000,0.080000
1479755374964,1.500000,1.500000,3800,1.510000,300,5.630000,0.080000
1479755376966,1.500000,1.500000,3800,1.510000,300,5.630000,0.080000
1479755378983,1.500000,1.500000,3800,1.510000,300,5.630000,0.080000
1479755380981,1.500000,1.500000,3800,1.510000,300,5.630000,0.080000
1479755382974,1.500000,1.500000,3800,1.510000,300,5.630000,0.080000
1479755385000,1.500000,1.500000,3800,1.510000,300,5.630000,0.080000
1479755386967,1.500000,1.500000,3800,1.510000,300,5.630000,0.080000
1479755389465,1.500000,1.500000,3800,1.510000,300,5.630000,0.080000
1479755391485,1.500000,1.500000,3800,1.510000,300,5.630000,0.080000
1479755393495,1.500000,1.500000,3800,1.510000,300,5.630000,0.080000
1479755395484,1.500000,1.500000,3800,1.510000,300,5.630000,0.080000
1479755397531,1.500000,1.500000,3800,1.510000,300,5.630000,0.080000
1479755399489,1.500000,1.500000,3800,1.510000,300,5.630000,0.080000
1479755401499,1.500000,1.500000,3800,1.510000,300,5.630000,0.080000
1479755403477,1.500000,1.500000,3800,1.510000,300,5.630000,0.080000
1479755405486,1.500000,1.500000,3800,1.510000,300,5.630000,0.080000
1479755408008,1.500000,1.500000,3800,1.510000,300,5.630000,0.080000
1479755408978,1.500000,1.500000,3800,1.510000,300,5.630000,0.080000
1479755411503,1.500700,1.500000,3800,1.510000,300,5.680000,0.080700
1479755414022,1.500700,1.500000,3800,1.510000,300,5.680000,0.080700
1479755416032,1.500700,1.500000,3800,1.510000,300,5.680000,0.080700
1479755418007,1.500700,1.500000,3800,1.510000,300,5.680000,0.080700
1479755419989,1.500700,1.500000,3800,1.510000,300,5.680000,0.080700
1479755421995,1.500700,1.500000,3800,1.510000,300,5.680000,0.080700
1479755423512,1.500700,1.500000,3800,1.510000,300,5.680000,0.080700
1479755426026,1.500700,1.500000,3800,1.510000,300,5.680000,0.080700
1479755427491,1.500700,1.500000,3800,1.510000,300,5.680000,0.080700
1479755430488,1.508000,1.500000,3800,1.510000,300,6.200000,0.088000
1479755432499,1.508000,1.500000,3800,1.510000,300,6.200000,0.088000
1479755434488,1.508000,1.500000,3800,1.510000,300,6.200000,0.088000
1479755436500,1.508000,1.500000,3800,1.510000,300,6.200000,0.088000
1479755438493,1.500000,1.500000,3700,1.510000,300,5.630000,0.080000
1479755439995,1.500000,1.500000,3700,1.510000,300,5.630000,0.080000
1479755441974,1.500000,1.500000,3700,1.510000,300,5.630000,0.080000
1479755444524,1.500000,1.500000,3700,1.510000,300,5.630000,0.080000
1479755446490,1.500000,1.500000,3700,1.510000,300,5.630000,0.080000
1479755447998,1.500000,1.500000,3700,1.510000,300,5.630000,0.080000
1479755451019,1.500000,1.500000,3700,1.510000,300,5.630000,0.080000
1479755453019,1.500000,1.500000,3700,1.510000,300,5.630000,0.080000
1479755455053,1.500000,1.500000,3700,1.510000,300,5.630000,0.080000
1479755457006,1.500000,1.500000,3700,1.510000,300,5.630000,0.080000
1479755458498,1.500000,1.500000,3700,1.510000,300,5.630000,0.080000
1479755461039,1.500000,1.500000,3700,1.510000,300,5.630000,0.080000
1479755463075,1.500000,1.500000,3700,1.510000,300,5.630000,0.080000
1479755465007,1.500000,1.500000,3700,1.510000,300,5.630000,0.080000
1479755467024,1.500000,1.500000,3700,1.510000,300,5.630000,0.080000
1479755468541,1.500000,1.500000,3700,1.510000,300,5.630000,0.080000
1479755471017,1.500000,1.500000,3700,1.510000,300,5.630000,0.080000
1479755473530,1.500000,1.500000,3700,1.510000,300,5.630000,0.080000
1479755475528,1.500000,1.500000,3700,1.510000,300,5.630000,0.080000
1479755477512,1.500000,1.500000,3700,1.510000,300,5.630000,0.080000
1479755479517,1.500000,1.500000,3700,1.510000,300,5.630000,0.080000
1479755481498,1.500000,1.500000,3700,1.510000,300,5.630000,0.080000
1479755483041,1.500000,1.500000,3700,1.510000,300,5.630000,0.080000
1479755485506,1.505000,1.500000,3700,1.510000,300,5.990000,0.085000
1479755487527,1.505000,1.500000,3700,1.510000,300,5.990000,0.085000
1479755489521,1.505000,1.500000,3700,1.510000,300,5.990000,0.085000
1479755491535,1.505000,1.500000,3700,1.510000,300,5.990000,0.085000
1479755493527,1.505000,1.500000,3700,1.510000,300,5.990000,0.085000
1479755495576,1.505000,1.500000,3700,1.510000,300,5.990000,0.085000
1479755497514,1.505000,1.500000,3700,1.510000,300,5.990000,0.085000
1479755500084,1.505000,1.500000,3700,1.510000,300,5.990000,0.085000
1479755501563,1.505000,1.500000,3700,1.510000,300,5.990000,0.085000
1479755504040,1.505000,1.500000,3700,1.510000,300,5.990000,0.085000
1479755506069,1.505000,1.500000,3700,1.510000,300,5.990000,0.085000
1479755507614,1.505000,1.500000,3700,1.510000,300,5.990000,0.085000
1479755510025,1.505000,1.500000,3700,1.510000,300,5.990000,0.085000
1479755512053,1.505000,1.500000,3700,1.510000,300,5.990000,0.085000
1479755514097,1.505000,1.500000,3700,1.510000,300,5.990000,0.085000
1479755516023,1.505000,1.500000,3700,1.510000,300,5.990000,0.085000
1479755518514,1.505000,1.500000,3700,1.510000,300,5.990000,0.085000
1479755519044,1.505000,1.500000,3700,1.510000,300,5.990000,0.085000
1479755522393,1.505000,1.500000,3700,1.510000,300,5.990000,0.085000
1479755524407,1.505000,1.500000,3700,1.510000,300,5.990000,0.085000
1479755526898,1.505000,1.500000,3700,1.510000,300,5.990000,0.085000
1479755528896,1.505000,1.500000,3700,1.510000,300,5.990000,0.085000
1479755530889,1.505000,1.500000,3700,1.510000,300,5.990000,0.085000
1479755532924,1.505000,1.500000,3700,1.510000,300,5.990000,0.085000
1479755534902,1.505000,1.500000,3700,1.510000,300,5.990000,0.085000
1479755536909,1.505000,1.500000,3700,1.510000,300,5.990000,0.085000
1479755538947,1.505000,1.500000,3700,1.510000,300,5.990000,0.085000
1479755540892,1.505000,1.500000,3700,1.510000,300,5.990000,0.085000
1479755542899,1.505000,1.500000,3700,1.510000,300,5.990000,0.085000
1479755545398,1.505000,1.500000,3700,1.510000,300,5.990000,0.085000
1479755547406,1.505000,1.500000,3700,1.510000,300,5.990000,0.085000
1479755549432,1.505000,1.500000,3700,1.510000,300,5.990000,0.085000
1479755550908,1.505000,1.500000,3700,1.510000,300,5.990000,0.085000
1479755553448,1.505000,1.500000,3700,1.510000,300,5.990000,0.085000
1479755555415,1.505000,1.500000,3700,1.510000,300,5.990000,0.085000
1479755557431,1.505000,1.500000,3700,1.510000,300,5.990000,0.085000
1479755559403,1.505000,1.500000,3700,1.510000,300,5.990000,0.085000
1479755561431,1.505000,1.500000,3700,1.510000,300,5.990000,0.085000
1479755563418,1.505000,1.500000,3700,1.510000,300,5.990000,0.085000
1479755565399,1.505000,1.500000,3700,1.510000,300,5.990000,0.085000
1479755567933,1.505000,1.500000,3700,1.510000,300,5.990000,0.085000
1479755569980,1.505000,1.500000,3700,1.510000,300,5.990000,0.085000
1479755571969,1.505000,1.500000,3700,1.510000,300,5.990000,0.085000
1479755573932,1.505000,1.500000,3700,1.510000,300,5.990000,0.085000
1479755575924,1.505000,1.500000,3700,1.510000,300,5.990000,0.085000
1479755577930,1.505000,1.500000,3700,1.510000,300,5.990000,0.085000
1479755579930,1.505000,1.500000,3700,1.510000,300,5.990000,0.085000
1479755581981,1.505000,1.500000,3700,1.510000,300,5.990000,0.085000
1479755583971,1.505000,1.500000,3700,1.510000,300,5.990000,0.085000
1479755586029,1.505000,1.500000,3700,1.510000,300,5.990000,0.085000
1479755587461,1.505000,1.500000,3700,1.510000,300,5.990000,0.085000
1479755590444,1.505000,1.500000,3700,1.510000,300,5.990000,0.085000
1479755591946,1.505000,1.500000,3700,1.510000,300,5.990000,0.085000
1479755594427,1.505000,1.500000,3700,1.510000,300,5.990000,0.085000
1479755596442,1.505000,1.500000,3700,1.510000,300,5.990000,0.085000
1479755598426,1.510000,1.500000,3700,1.510000,300,6.340000,0.090000
1479755599938,1.510000,1.500000,3700,1.510000,300,6.340000,0.090000
1479755602455,1.510000,1.500000,3700,1.510000,300,6.340000,0.090000
1479755604437,1.510000,1.500000,3700,1.510000,300,6.340000,0.090000
1479755606428,1.510000,1.500000,3700,1.510000,300,6.340000,0.090000
1479755608983,1.510000,1.500000,3700,1.510000,300,6.340000,0.090000
1479755610950,1.510000,1.500000,3700,1.510000,300,6.340000,0.090000
1479755612954,1.510000,1.500000,3700,1.510000,300,6.340000,0.090000
1479755615010,1.510000,1.500000,3700,1.510000,300,6.340000,0.090000
1479755616944,1.510000,1.500000,3700,1.510000,300,6.340000,0.090000
1479755618959,1.510000,1.500000,3700,1.510000,300,6.340000,0.090000
1479755620948,1.510000,1.500000,3700,1.510000,300,6.340000,0.090000
1479755622995,1.510000,1.500000,3700,1.510000,300,6.340000,0.090000
1479755624961,1.510000,1.500000,3700,1.510000,300,6.340000,0.090000
1479755626973,1.510000,1.500000,3700,1.510000,300,6.340000,0.090000
1479755629445,1.510000,1.500000,3700,1.510000,300,6.340000,0.090000
1479755631451,1.510000,1.500000,3700,1.510000,300,6.340000,0.090000
1479755633433,1.510000,1.500000,3700,1.510000,300,6.340000,0.090000
1479755635434,1.510000,1.500000,3700,1.510000,300,6.340000,0.090000
1479755637468,1.510000,1.500000,3700,1.510000,300,6.340000,0.090000
1479755639465,1.510000,1.500000,3700,1.510000,300,6.340000,0.090000
1479755641469,1.500700,1.500000,3700,1.510000,300,5.680000,0.080700
1479755643504,1.500700,1.500000,3700,1.510000,300,5.680000,0.080700
1479755645470,1.500700,1.500000,3700,1.510000,300,5.680000,0.080700
1479755647471,1.500700,1.500000,3700,1.510000,300,5.680000,0.080700
1479755649479,1.500700,1.500000,3700,1.510000,300,5.680000,0.080700
1479755651956,1.500700,1.500000,3700,1.510000,300,5.680000,0.080700
1479755653988,1.500700,1.500000,3700,1.510000,300,5.680000,0.080700
1479755655983,1.500700,1.500000,3700,1.510000,300,5.680000,0.080700
1479755658021,1.500700,1.500000,3700,1.510000,300,5.680000,0.080700
1479755660064,1.500700,1.500000,3700,1.510000,300,5.680000,0.080700
1479755661980,1.500700,1.500000,3700,1.510000,300,5.680000,0.080700
1479755664490,1.500700,1.500000,3700,1.510000,300,5.680000,0.080700
1479755666483,1.500700,1.500000,3700,1.510000,300,5.680000,0.080700
1479755668468,1.500700,1.500000,3700,1.510000,300,5.680000,0.080700
1479755670465,1.500700,1.500000,3700,1.510000,300,5.680000,0.080700
1479755672040,1.500700,1.500000,3700,1.510000,300,5.680000,0.080700
1479755674513,1.500700,1.500000,3700,1.510000,300,5.680000,0.080700
1479755676482,1.500700,1.500000,3700,1.510000,300,5.680000,0.080700
1479755678477,1.500700,1.500000,3700,1.510000,300,5.680000,0.080700
1479755680485,1.500700,1.500000,3700,1.510000,300,5.680000,0.080700
1479755682471,1.500700,1.500000,3700,1.510000,300,5.680000,0.080700
1479755684478,1.500700,1.500000,3700,1.510000,300,5.680000,0.080700
1479755685992,1.500700,1.500000,3700,1.510000,300,5.680000,0.080700
1479755688500,1.500700,1.500000,3700,1.510000,300,5.680000,0.080700
1479755691004,1.500700,1.500000,3700,1.510000,300,5.680000,0.080700
1479755693000,1.500700,1.500000,3700,1.510000,300,5.680000,0.080700
1479755694507,1.500700,1.500000,3700,1.510000,300,5.680000,0.080700
1479755697002,1.500700,1.500000,3700,1.510000,300,5.680000,0.080700
1479755698502,1.500700,1.500000,3700,1.510000,300,5.680000,0.080700
1479755700484,1.500700,1.500000,3700,1.510000,300,5.680000,0.080700
1479755703010,1.500700,1.500000,3700,1.510000,300,5.680000,0.080700
1479755705485,1.500700,1.500000,3700,1.510000,300,5.680000,0.080700
1479755707510,1.500700,1.500000,3700,1.510000,300,5.680000,0.080700
1479755709490,1.500700,1.500000,3700,1.510000,300,5.680000,0.080700
1479755711517,1.500700,1.500000,3700,1.510000,300,5.680000,0.080700
1479755713032,1.500700,1.500000,3700,1.510000,300,5.680000,0.080700
1479755715562,1.500700,1.500000,3700,1.510000,300,5.680000,0.080700
1479755717535,1.500700,1.500000,3700,1.510000,300,5.680000,0.080700
1479755719026,1.505000,1.500000,3700,1.510000,300,5.990000,0.085000
1479755721501,1.505000,1.500000,3700,1.510000,300,5.990000,0.085000
1479755723553,1.505000,1.500000,3700,1.510000,300,5.990000,0.085000
1479755725529,1.505000,1.500000,3700,1.510000,300,5.990000,0.085000
1479755728021,1.505000,1.500000,3700,1.510000,300,5.990000,0.085000
1479755730012,1.505000,1.500000,3700,1.510000,300,5.990000,0.085000
1479755731032,1.505000,1.500000,3700,1.510000,300,5.990000,0.085000
1479755734027,1.505000,1.500000,3700,1.510000,300,5.990000,0.085000
1479755736022,1.505000,1.500000,3700,1.510000,300,5.990000,0.085000
1479755738007,1.505000,1.500000,3700,1.510000,300,5.990000,0.085000
1479755740016,1.505000,1.500000,3700,1.510000,300,5.990000,0.085000
1479755742026,1.505000,1.500000,3700,1.510000,300,5.990000,0.085000
1479755744036,1.505000,1.500000,3700,1.510000,300,5.990000,0.085000
1479755745034,1.505000,1.500000,3700,1.510000,300,5.990000,0.085000
1479755748517,1.505000,1.500000,3700,1.510000,300,5.990000,0.085000
1479755750502,1.505000,1.500000,3700,1.510000,300,5.990000,0.085000
1479755752040,1.505000,1.500000,3700,1.510000,300,5.990000,0.085000
1479755754513,1.505000,1.500000,3700,1.510000,300,5.990000,0.085000
1479755756541,1.505000,1.500000,3700,1.510000,300,5.990000,0.085000
1479755759050,1.505000,1.500000,3700,1.510000,300,5.990000,0.085000
1479755760532,1.505000,1.500000,3700,1.510000,300,5.990000,0.085000
1479755763039,1.505000,1.500000,3700,1.510000,300,5.990000,0.085000
1479755765081,1.505000,1.500000,3700,1.510000,300,5.990000,0.085000
1479755767042,1.505000,1.500000,3700,1.510000,300,5.990000,0.085000
1479755768513,1.505000,1.500000,3700,1.510000,300,5.990000,0.085000
1479755770527,1.505000,1.500000,3700,1.510000,300,5.990000,0.085000
1479755773056,1.505000,1.500000,3700,1.510000,300,5.990000,0.085000
1479755775114,1.505000,1.500000,3700,1.510000,300,5.990000,0.085000
1479755776529,1.505000,1.500000,3700,1.510000,300,5.990000,0.085000
1479755779049,1.505000,1.500000,3700,1.510000,300,5.990000,0.085000
1479755781535,1.505000,1.500000,3700,1.510000,300,5.990000,0.085000
1479755783553,1.505000,1.500000,3700,1.510000,300,5.990000,0.085000
1479755785910,1.505000,1.500000,3700,1.510000,300,5.990000,0.085000
1479755787899,1.505000,1.500000,3700,1.510000,300,5.990000,0.085000
1479755789405,1.505000,1.500000,3700,1.510000,300,5.990000,0.085000
1479755791389,1.505000,1.500000,3700,1.510000,300,5.990000,0.085000
1479755793921,1.505000,1.500000,3700,1.510000,300,5.990000,0.085000
1479755795906,1.505000,1.500000,3700,1.510000,300,5.990000,0.085000
1479755797398,1.505000,1.500000,3700,1.510000,300,5.990000,0.085000
1479755799403,1.505000,1.500000,3700,1.510000,300,5.990000,0.085000
1479755801439,1.505000,1.500000,3700,1.510000,300,5.990000,0.085000
1479755804393,1.505000,1.500000,3700,1.510000,300,5.990000,0.085000
1479755806411,1.505000,1.500000,3700,1.510000,300,5.990000,0.085000
1479755808437,1.505000,1.500000,3700,1.510000,300,5.990000,0.085000
1479755810467,1.505000,1.500000,3700,1.510000,300,5.990000,0.085000
1479755812425,1.505000,1.500000,3700,1.510000,300,5.990000,0.085000
1479755814410,1.505000,1.500000,3700,1.510000,300,5.990000,0.085000
1479755816445,1.505000,1.500000,3700,1.510000,300,5.990000,0.085000
1479755818418,1.505000,1.500000,3700,1.510000,300,5.990000,0.085000
1479755820422,1.505000,1.500000,3700,1.510000,300,5.990000,0.085000
1479755822431,1.505000,1.500000,3700,1.510000,300,5.990000,0.085000
1479755824976,1.505000,1.500000,3700,1.510000,300,5.990000,0.085000
1479755826945,1.505000,1.500000,3700,1.510000,300,5.990000,0.085000
1479755828940,1.505000,1.500000,3700,1.510000,300,5.990000,0.085000
1479755830972,1.505000,1.500000,3700,1.510000,300,5.990000,0.085000
1479755832911,1.505000,1.500000,3700,1.510000,300,5.990000,0.085000
1479755834405,1.505000,1.500000,3700,1.510000,300,5.990000,0.085000
1479755836415,1.505000,1.500000,3700,1.510000,300,5.990000,0.085000
1479755838925,1.505000,1.500000,3700,1.510000,300,5.990000,0.085000
1479755840937,1.505000,1.500000,3700,1.510000,300,5.990000,0.085000
1479755842941,1.505400,1.500000,3700,1.510000,300,6.010000,0.085400
1479755845461,1.505400,1.500000,3700,1.510000,300,6.010000,0.085400
1479755847440,1.505400,1.500000,3700,1.510000,300,6.010000,0.085400
1479755849447,1.505400,1.500000,3700,1.510000,300,6.010000,0.085400
1479755851529,1.505400,1.500000,3700,1.510000,300,6.010000,0.085400
1479755853437,1.505400,1.500000,3700,1.510000,300,6.010000,0.085400
1479755855457,1.500000,1.500000,3700,1.510000,300,5.630000,0.080000
1479755857437,1.505000,1.500000,3700,1.510000,300,5.990000,0.085000
1479755859463,1.505000,1.500000,3700,1.510000,300,5.990000,0.085000
1479755861931,1.505000,1.500000,3700,1.510000,300,5.990000,0.085000
1479755863455,1.505000,1.500000,3700,1.510000,300,5.990000,0.085000
1479755865928,1.505000,1.500000,3700,1.510000,300,5.990000,0.085000
1479755867939,1.505000,1.500000,3700,1.510000,300,5.990000,0.085000
1479755869949,1.505000,1.500000,3700,1.510000,300,5.990000,0.085000
1479755872467,1.505000,1.500000,3700,1.510000,300,5.990000,0.085000
1479755874449,1.505000,1.500000,3700,1.510000,300,5.990000,0.085000
1479755876451,1.505000,1.500000,3700,1.510000,300,5.990000,0.085000
1479755878481,1.505000,1.500000,3700,1.510000,300,5.990000,0.085000
1479755880494,1.505000,1.500000,3700,1.510000,300,5.990000,0.085000
1479755882470,1.505000,1.500000,3700,1.510000,300,5.990000,0.085000
1479755884464,1.505000,1.500000,3700,1.510000,300,5.990000,0.085000
1479755886468,1.505000,1.500000,3700,1.510000,300,5.990000,0.085000
1479755888463,1.505000,1.500000,3700,1.510000,300,5.990000,0.085000
1479755890941,1.505000,1.500000,3700,1.510000,300,5.990000,0.085000
1479755892986,1.505000,1.500000,3700,1.510000,300,5.990000,0.085000
1479755894979,1.505000,1.500000,3700,1.510000,300,5.990000,0.085000
1479755895979,1.505000,1.500000,3700,1.510000,300,5.990000,0.085000
1479755898465,1.505000,1.500000,3700,1.510000,300,5.990000,0.085000
1479755900956,1.505000,1.500000,3700,1.510000,300,5.990000,0.085000
1479755902969,1.505000,1.500000,3700,1.510000,300,5.990000,0.085000
1479755904955,1.505000,1.500000,3700,1.510000,300,5.990000,0.085000
1479755907015,1.505000,1.500000,3700,1.510000,300,5.990000,0.085000
1479755908954,1.505000,1.500000,3700,1.510000,300,5.990000,0.085000
1479755911445,1.505000,1.500000,3700,1.510000,300,5.990000,0.085000
1479755913477,1.505000,1.500000,3700,1.510000,300,5.990000,0.085000
1479755915474,1.505000,1.500000,3700,1.510000,300,5.990000,0.085000
1479755917505,1.505000,1.500000,3700,1.510000,300,5.990000,0.085000
1479755919486,1.505000,1.500000,3700,1.510000,300,5.990000,0.085000
1479755920969,1.505000,1.500000,3700,1.510000,300,5.990000,0.085000
1479755923503,1.505000,1.500000,3700,1.510000,300,5.990000,0.085000
1479755925492,1.505000,1.500000,3700,1.510000,300,5.990000,0.085000
1479755927477,1.505000,1.500000,3700,1.510000,300,5.990000,0.085000
1479755929490,1.505000,1.500000,3700,1.510000,300,5.990000,0.085000
1479755931484,1.505000,1.500000,3700,1.510000,300,5.990000,0.085000
1479755933997,1.505000,1.500000,3700,1.510000,300,5.990000,0.085000
1479755936030,1.505000,1.500000,3700,1.510000,300,5.990000,0.085000
1479755938028,1.505000,1.500000,3700,1.510000,300,5.990000,0.085000
1479755939472,1.505000,1.500000,3700,1.510000,300,5.990000,0.085000
1479755941985,1.505000,1.500000,3700,1.510000,300,5.990000,0.085000
1479755943973,1.505000,1.500000,3700,1.510000,300,5.990000,0.085000
1479755945963,1.505000,1.500000,3700,1.510000,300,5.990000,0.085000
1479755947478,1.505000,1.500000,3700,1.510000,300,5.990000,0.085000
1479755950006,1.505000,1.500000,3700,1.510000,300,5.990000,0.085000
1479755952011,1.505000,1.500000,3700,1.510000,300,5.990000,0.085000
1479755953986,1.505000,1.500000,3700,1.510000,300,5.990000,0.085000
1479755956497,1.505000,1.500000,3700,1.510000,300,5.990000,0.085000
1479755958482,1.505000,1.500000,3700,1.510000,300,5.990000,0.085000
1479755960519,1.505000,1.500000,3700,1.510000,300,5.990000,0.085000
1479755962532,1.505000,1.500000,3700,1.510000,300,5.990000,0.085000
1479755964504,1.505000,1.500000,3700,1.510000,300,5.990000,0.085000
1479755966025,1.505000,1.500000,3700,1.510000,300,5.990000,0.085000
1479755968492,1.505000,1.500000,3700,1.510000,300,5.990000,0.085000
1479755970511,1.505000,1.500000,3700,1.510000,300,5.990000,0.085000
1479755970983,1.505000,1.500000,3700,1.510000,300,5.990000,0.085000
1479755974008,1.505000,1.500000,3700,1.510000,300,5.990000,0.085000
1479755976520,1.505000,1.500000,3700,1.510000,300,5.990000,0.085000
1479755978506,1.505000,1.500000,3700,1.510000,300,5.990000,0.085000
1479755980492,1.505000,1.500000,3700,1.510000,300,5.990000,0.085000
1479755982019,1.505000,1.500000,3700,1.510000,300,5.990000,0.085000
1479755985009,1.505000,1.500000,3700,1.510000,300,5.990000,0.085000
1479755987029,1.505000,1.500000,3700,1.510000,300,5.990000,0.085000
1479755988517,1.505000,1.500000,3700,1.510000,300,5.990000,0.085000
1479755990028,1.505000,1.500000,3700,1.510000,300,5.990000,0.085000
1479755992999,1.505000,1.500000,3700,1.510000,300,5.990000,0.085000
1479755995036,1.505000,1.500000,3700,1.510000,300,5.990000,0.085000
1479755996053,1.505000,1.500000,3700,1.510000,300,5.990000,0.085000
1479755999533,1.505000,1.500000,3700,1.510000,300,5.990000,0.085000
1479756001527,1.505000,1.500000,3700,1.510000,300,5.990000,0.085000
1479756003569,1.505000,1.500000,3700,1.510000,300,5.990000,0.085000
1479756005526,1.505000,1.500000,3700,1.510000,300,5.990000,0.085000
1479756007517,1.505000,1.500000,3700,1.510000,300,5.990000,0.085000
1479756009549,1.505000,1.500000,3700,1.510000,300,5.990000,0.085000
1479756011602,1.505000,1.500000,3700,1.510000,300,5.990000,0.085000
1479756014047,1.505000,1.500000,3700,1.510000,300,5.990000,0.085000
1479756016024,1.505000,1.500000,3700,1.510000,300,5.990000,0.085000
1479756018081,1.505000,1.500000,3700,1.510000,300,5.990000,0.085000
1479756020034,1.505000,1.500000,3700,1.510000,300,5.990000,0.085000
1479756022047,1.505000,1.500000,3700,1.510000,300,5.990000,0.085000
1479756024078,1.505000,1.500000,3700,1.510000,300,5.990000,0.085000
1479756025552,1.505000,1.500000,3700,1.510000,300,5.990000,0.085000
1479756028057,1.505000,1.500000,3700,1.510000,300,5.990000,0.085000
1479756029525,1.505000,1.500000,3700,1.510000,300,5.990000,0.085000
1479756032042,1.505000,1.500000,3700,1.510000,300,5.990000,0.085000
1479756034026,1.505000,1.500000,3700,1.510000,300,5.990000,0.085000
1479756035538,1.505000,1.500000,3700,1.510000,300,5.990000,0.085000
1479756038591,1.505000,1.500000,3700,1.510000,300,5.990000,0.085000
1479756040547,1.505000,1.500000,3700,1.510000,300,5.990000,0.085000
1479756042043,1.505000,1.500000,3700,1.510000,300,5.990000,0.085000
1479756044606,1.505000,1.500000,3700,1.510000,300,5.990000,0.085000
1479756046898,1.505000,1.500000,3700,1.510000,300,5.990000,0.085000
1479756048894,1.505000,1.500000,3700,1.510000,300,5.990000,0.085000
1479756050892,1.505000,1.500000,3700,1.510000,300,5.990000,0.085000
1479756052900,1.505000,1.500000,3700,1.510000,300,5.990000,0.085000
1479756054933,1.505000,1.500000,3700,1.510000,300,5.990000,0.085000
1479756056912,1.505000,1.500000,3700,1.510000,300,5.990000,0.085000
1479756058904,1.505000,1.500000,3700,1.510000,300,5.990000,0.085000
1479756060914,1.505000,1.500000,3700,1.510000,300,5.990000,0.085000
1479756062922,1.505000,1.500000,3700,1.510000,300,5.990000,0.085000
1479756065412,1.505000,1.500000,3700,1.510000,300,5.990000,0.085000
1479756067426,1.505000,1.500000,3700,1.510000,300,5.990000,0.085000
1479756068424,1.505000,1.500000,3700,1.510000,300,5.990000,0.085000
1479756071435,1.505000,1.500000,3700,1.510000,300,5.990000,0.085000
1479756073406,1.505000,1.500000,3700,1.510000,300,5.990000,0.085000
1479756075414,1.505000,1.500000,3700,1.510000,300,5.990000,0.085000
1479756077409,1.505000,1.500000,3700,1.510000,300,5.990000,0.085000
1479756079479,1.505000,1.500000,3700,1.510000,300,5.990000,0.085000
1479756081426,1.505000,1.500000,3700,1.510000,300,5.990000,0.085000
1479756083449,1.505000,1.500000,3700,1.510000,300,5.990000,0.085000
1479756084901,1.505000,1.500000,3700,1.510000,300,5.990000,0.085000
1479756087922,1.505000,1.500000,3700,1.510000,300,5.990000,0.085000
1479756089914,1.505000,1.500000,3700,1.510000,300,5.990000,0.085000
1479756091935,1.505000,1.500000,3700,1.510000,300,5.990000,0.085000
1479756093972,1.505000,1.500000,3700,1.510000,300,5.990000,0.085000
1479756095923,1.505000,1.500000,3700,1.510000,300,5.990000,0.085000
1479756097939,1.505000,1.500000,3700,1.510000,300,5.990000,0.085000
1479756099948,1.505000,1.500000,3700,1.510000,300,5.990000,0.085000
1479756101923,1.505000,1.500000,6200,1.510000,300,5.990000,0.085000
1479756103917,1.505000,1.500000,6200,1.510000,300,5.990000,0.085000
1479756106453,1.505000,1.500000,6200,1.510000,300,5.990000,0.085000
1479756107966,1.505000,1.500000,6200,1.510000,300,5.990000,0.085000
1479756109955,1.505000,1.500000,6200,1.510000,300,5.990000,0.085000
1479756112433,1.505000,1.500000,6200,1.510000,300,5.990000,0.085000
1479756114462,1.505000,1.500000,6200,1.510000,200,5.990000,0.085000
1479756116465,1.505000,1.500000,6200,1.510000,200,5.990000,0.085000
1479756118479,1.505000,1.500000,6200,1.510000,200,5.990000,0.085000
1479756119991,1.505000,1.500000,6200,1.510000,200,5.990000,0.085000
1479756122464,1.505000,1.500000,6200,1.510000,200,5.990000,0.085000
1479756123954,1.505000,1.500000,6200,1.510000,200,5.990000,0.085000
1479756126498,1.505000,1.500000,6200,1.510000,200,5.990000,0.085000
1479756128953,1.505000,1.500000,6200,1.510000,200,5.990000,0.085000
1479756130948,1.505000,1.500000,6200,1.510000,200,5.990000,0.085000
1479756132960,1.505000,1.500000,6200,1.510000,200,5.990000,0.085000
1479756134978,1.505000,1.500000,6200,1.510000,200,5.990000,0.085000
1479756136954,1.505000,1.500000,6200,1.510000,200,5.990000,0.085000
1479756137961,1.505000,1.500000,6200,1.510000,200,5.990000,0.085000
1479756140953,1.505000,1.500000,6200,1.510000,200,5.990000,0.085000
1479756142961,1.505000,1.500000,6200,1.510000,200,5.990000,0.085000
1479756145455,1.505000,1.500000,6200,1.510000,200,5.990000,0.085000
1479756147440,1.505000,1.500000,6200,1.510000,200,5.990000,0.085000
1479756148951,1.505000,1.500000,6200,1.510000,200,5.990000,0.085000
1479756151449,1.505000,1.500000,6200,1.510000,200,5.990000,0.085000
1479756153496,1.505000,1.500000,6200,1.510000,200,5.990000,0.085000
1479756155491,1.505000,1.500000,6200,1.510000,200,5.990000,0.085000
1479756157459,1.505000,1.500000,6200,1.510000,200,5.990000,0.085000
1479756159452,1.505000,1.500000,6200,1.510000,200,5.990000,0.085000
1479756161463,1.505000,1.500000,3900,1.510000,200,5.990000,0.085000
1479756163488,1.505000,1.500000,3900,1.510000,200,5.990000,0.085000
1479756165467,1.505000,1.500000,3900,1.510000,200,5.990000,0.085000
1479756167513,1.505000,1.500000,3900,1.510000,200,5.990000,0.085000
1479756170011,1.505000,1.500000,3900,1.510000,200,5.990000,0.085000
1479756171470,1.505000,1.500000,3900,1.510000,200,5.990000,0.085000
1479756173499,1.505000,1.500000,3900,1.510000,200,5.990000,0.085000
1479756176034,1.505000,1.500000,3900,1.510000,200,5.990000,0.085000
1479756177992,1.505000,1.500000,3900,1.510000,200,5.990000,0.085000
1479756179985,1.505000,1.500000,3900,1.510000,200,5.990000,0.085000
1479756181992,1.505000,1.500000,3900,1.510000,200,5.990000,0.085000
1479756183993,1.505000,1.500000,3900,1.510000,200,5.990000,0.085000
1479756185966,1.505000,1.500000,3900,1.510000,200,5.990000,0.085000
1479756187984,1.505000,1.500000,3900,1.510000,200,5.990000,0.085000
1479756190483,1.505000,1.500000,3900,1.510000,200,5.990000,0.085000
1479756192490,1.505000,1.500000,3900,1.510000,200,5.990000,0.085000
1479756194469,1.505000,1.500000,3900,1.510000,200,5.990000,0.085000
1479756196486,1.505000,1.500000,3900,1.510000,200,5.990000,0.085000
1479756197483,1.505000,1.500000,3900,1.510000,200,5.990000,0.085000
1479756200578,1.505000,1.500000,3900,1.510000,200,5.990000,0.085000
1479756202495,1.505000,1.500000,3900,1.510000,200,5.990000,0.085000
1479756204513,1.505000,1.500000,3900,1.510000,200,5.990000,0.085000
1479756206471,1.505000,1.500000,3900,1.510000,200,5.990000,0.085000
1479756208975,1.505000,1.500000,3900,1.510000,200,5.990000,0.085000
1479756210499,1.505000,1.500000,3900,1.510000,200,5.990000,0.085000
1479756213020,1.505000,1.500000,3900,1.510000,200,5.990000,0.085000
1479756215013,1.505000,1.500000,3900,1.510000,200,5.990000,0.085000
1479756215994,1.505000,1.500000,3900,1.510000,200,5.990000,0.085000
1479756219028,1.505000,1.500000,3900,1.510000,200,5.990000,0.085000
1479756221043,1.505000,1.500000,3900,1.510000,200,5.990000,0.085000
1479756223022,1.505000,1.500000,3900,1.510000,200,5.990000,0.085000
1479756224008,1.505000,1.500000,3900,1.510000,200,5.990000,0.085000
1479756227001,1.505000,1.500000,3900,1.510000,200,5.990000,0.085000
1479756229017,1.505000,1.500000,3900,1.510000,200,5.990000,0.085000
1479756231550,1.505000,1.500000,3900,1.510000,200,5.990000,0.085000
1479756233531,1.505000,1.500000,3900,1.510000,200,5.990000,0.085000
1479756235509,1.505000,1.500000,3900,1.510000,200,5.990000,0.085000
1479756237527,1.505000,1.500000,3900,1.510000,200,5.990000,0.085000
1479756239551,1.505000,1.500000,3900,1.510000,200,5.990000,0.085000
1479756240980,1.505000,1.500000,3900,1.510000,200,5.990000,0.085000
1479756243525,1.505000,1.500000,3900,1.510000,200,5.990000,0.085000
1479756245545,1.505000,1.500000,3900,1.510000,200,5.990000,0.085000
1479756247540,1.505000,1.500000,3900,1.510000,200,5.990000,0.085000
1479756249516,1.505000,1.500000,3900,1.510000,200,5.990000,0.085000
1479756251013,1.505000,1.500000,3900,1.510000,200,5.990000,0.085000
1479756253517,1.505000,1.500000,3900,1.510000,200,5.990000,0.085000
1479756256000,1.505000,1.500000,3900,1.510000,200,5.990000,0.085000
1479756257515,1.505000,1.500000,3900,1.510000,200,5.990000,0.085000
1479756260072,1.505000,1.500000,3900,1.510000,200,5.990000,0.085000
1479756262074,1.505000,1.500000,3900,1.510000,200,5.990000,0.085000
1479756263541,1.505000,1.500000,3900,1.510000,200,5.990000,0.085000
1479756266058,1.500000,1.500000,3900,1.510000,200,5.630000,0.080000
1479756267529,1.500000,1.500000,3900,1.510000,200,5.630000,0.080000
1479756270528,1.500000,1.500000,3700,1.510000,200,5.630000,0.080000
1479756272515,1.500000,1.500000,3700,1.510000,200,5.630000,0.080000
1479756274525,1.500000,1.500000,3700,1.510000,200,5.630000,0.080000
1479756276582,1.500000,1.500000,3700,1.510000,200,5.630000,0.080000
1479756278529,1.500000,1.500000,3700,1.510000,200,5.630000,0.080000
1479756280528,1.500000,1.500000,3700,1.510000,200,5.630000,0.080000
1479756282521,1.500000,1.500000,3700,1.510000,200,5.630000,0.080000
1479756284538,1.500000,1.500000,3700,1.510000,200,5.630000,0.080000
1479756287052,1.500000,1.500000,3700,1.510000,200,5.630000,0.080000
1479756289039,1.500000,1.500000,3700,1.510000,200,5.630000,0.080000
1479756290592,1.500000,1.500000,3700,1.510000,200,5.630000,0.080000
1479756293072,1.500000,1.500000,3700,1.510000,200,5.630000,0.080000
1479756295059,1.500000,1.500000,3700,1.510000,200,5.630000,0.080000
1479756297043,1.500000,1.500000,3700,1.510000,200,5.630000,0.080000
1479756299030,1.500000,1.500000,3700,1.510000,200,5.630000,0.080000
1479756301056,1.500000,1.500000,3700,1.510000,200,5.630000,0.080000
1479756302554,1.500000,1.500000,3700,1.510000,200,5.630000,0.080000
1479756305064,1.500000,1.500000,3700,1.510000,200,5.630000,0.080000
1479756307085,1.500000,1.500000,3700,1.510000,200,5.630000,0.080000
1479756309054,1.500000,1.500000,3700,1.510000,200,5.630000,0.080000
1479756311386,1.500000,1.500000,3700,1.510000,200,5.630000,0.080000
1479756313907,1.500000,1.500000,3700,1.510000,200,5.630000,0.080000
1479756315905,1.500000,1.500000,3700,1.510000,200,5.630000,0.080000
1479756317912,1.500000,1.500000,3700,1.510000,200,5.630000,0.080000
1479756318910,1.500000,1.500000,3700,1.510000,200,5.630000,0.080000
1479756321899,1.500000,1.500000,3700,1.510000,200,5.630000,0.080000
1479756323393,1.500000,1.500000,3700,1.510000,200,5.630000,0.080000
1479756325414,1.500000,1.500000,3700,1.510000,200,5.630000,0.080000
1479756328393,1.500000,1.500000,3700,1.510000,200,5.630000,0.080000
1479756330393,1.500000,1.500000,3700,1.510000,200,5.630000,0.080000
1479756332415,1.500000,1.500000,3700,1.510000,200,5.630000,0.080000
1479756334417,1.500000,1.500000,3700,1.510000,200,5.630000,0.080000
1479756335894,1.500000,1.500000,3700,1.510000,200,5.630000,0.080000
1479756338440,1.500000,1.500000,3700,1.510000,200,5.630000,0.080000
1479756340415,1.500000,1.500000,3700,1.510000,200,5.630000,0.080000
1479756341909,1.500000,1.500000,3700,1.510000,200,5.630000,0.080000
1479756344914,1.500000,1.500000,3700,1.510000,200,5.630000,0.080000
1479756346953,1.500000,1.500000,3700,1.510000,200,5.630000,0.080000
1479756348959,1.500000,1.500000,3700,1.510000,200,5.630000,0.080000
1479756350918,1.500000,1.500000,3700,1.510000,200,5.630000,0.080000
1479756352903,1.500000,1.500000,3700,1.510000,200,5.630000,0.080000
1479756354932,1.500000,1.500000,3700,1.510000,200,5.630000,0.080000
1479756356905,1.500000,1.500000,3700,1.510000,200,5.630000,0.080000
1479756358928,1.500000,1.500000,3700,1.510000,200,5.630000,0.080000
1479756360970,1.500000,1.500000,3700,1.510000,200,5.630000,0.080000
1479756362949,1.500000,1.500000,3700,1.510000,200,5.630000,0.080000
1479756365478,1.500000,1.500000,3700,1.510000,200,5.630000,0.080000
1479756366988,1.500000,1.500000,3700,1.510000,200,5.630000,0.080000
1479756369446,1.500000,1.500000,3700,1.510000,200,5.630000,0.080000
1479756371426,1.500000,1.500000,3700,1.510000,200,5.630000,0.080000
1479756373497,1.500000,1.500000,3700,1.510000,200,5.630000,0.080000
1479756375429,1.500000,1.500000,3700,1.510000,200,5.630000,0.080000
1479756377436,1.500000,1.500000,3700,1.510000,200,5.630000,0.080000
1479756379420,1.500000,1.500000,3700,1.510000,200,5.630000,0.080000
1479756381436,1.500000,1.500000,3700,1.510000,200,5.630000,0.080000
1479756383942,1.500000,1.500000,3700,1.510000,200,5.630000,0.080000
1479756385947,1.500000,1.500000,3700,1.510000,200,5.630000,0.080000
1479756387430,1.500000,1.500000,3700,1.510000,200,5.630000,0.080000
1479756389978,1.500000,1.500000,3700,1.510000,200,5.630000,0.080000
1479756391957,1.500000,1.500000,3700,1.510000,200,5.630000,0.080000
1479756393948,1.500000,1.500000,3700,1.510000,200,5.630000,0.080000
1479756395960,1.500000,1.500000,3700,1.510000,200,5.630000,0.080000
1479756396487,1.500000,1.500000,3700,1.510000,200,5.630000,0.080000
1479756400479,1.500000,1.500000,3700,1.510000,200,5.630000,0.080000
1479756402459,1.500000,1.500000,3700,1.510000,200,5.630000,0.080000
1479756404502,1.500000,1.500000,3700,1.510000,200,5.630000,0.080000
1479756406468,1.500000,1.500000,3700,1.510000,200,5.630000,0.080000
1479756408451,1.500000,1.500000,3700,1.510000,200,5.630000,0.080000
1479756410475,1.500000,1.500000,3700,1.510000,200,5.630000,0.080000
1479756412456,1.500000,1.500000,3700,1.510000,200,5.630000,0.080000
1479756414461,1.500000,1.500000,3700,1.510000,200,5.630000,0.080000
1479756416479,1.500000,1.500000,3700,1.510000,200,5.630000,0.080000
1479756418494,1.500000,1.500000,3700,1.510000,200,5.630000,0.080000
1479756420967,1.500000,1.500000,3700,1.510000,200,5.630000,0.080000
1479756422980,1.500000,1.500000,3700,1.510000,200,5.630000,0.080000
1479756424476,1.500000,1.500000,3700,1.510000,200,5.630000,0.080000
1479756426978,1.500000,1.500000,3700,1.510000,200,5.630000,0.080000
1479756428974,1.500000,1.500000,3700,1.510000,200,5.630000,0.080000
1479756430970,1.500000,1.500000,3700,1.510000,200,5.630000,0.080000
1479756432966,1.500000,1.500000,3700,1.510000,200,5.630000,0.080000
1479756434963,1.500000,1.500000,3700,1.510000,200,5.630000,0.080000
1479756436458,1.500000,1.500000,3700,1.510000,200,5.630000,0.080000
1479756438981,1.500000,1.500000,3700,1.510000,200,5.630000,0.080000
1479756441482,1.500000,1.500000,3700,1.510000,200,5.630000,0.080000
1479756443463,1.500000,1.500000,3700,1.510000,200,5.630000,0.080000
1479756445456,1.500000,1.500000,3700,1.510000,200,5.630000,0.080000
1479756447465,1.500000,1.500000,3700,1.510000,200,5.630000,0.080000
1479756449521,1.500000,1.500000,3700,1.510000,200,5.630000,0.080000
1479756451486,1.500000,1.500000,3700,1.510000,200,5.630000,0.080000
1479756453036,1.500000,1.500000,3700,1.510000,200,5.630000,0.080000
1479756454967,1.500000,1.500000,3700,1.510000,200,5.630000,0.080000
1479756457514,1.500000,1.500000,3700,1.510000,200,5.630000,0.080000
1479756459997,1.500000,1.500000,3700,1.510000,200,5.630000,0.080000
1479756461985,1.500000,1.500000,3700,1.510000,200,5.630000,0.080000
1479756463975,1.500000,1.500000,3700,1.510000,200,5.630000,0.080000
1479756465473,1.500000,1.500000,3700,1.510000,200,5.630000,0.080000
1479756468013,1.500000,1.500000,3700,1.510000,200,5.630000,0.080000
1479756469538,1.500000,1.500000,3700,1.510000,200,5.630000,0.080000
1479756472018,1.500000,1.500000,3700,1.510000,200,5.630000,0.080000
1479756473985,1.500000,1.500000,3700,1.510000,200,5.630000,0.080000
1479756475504,1.500000,1.500000,3700,1.510000,200,5.630000,0.080000
1479756478526,1.500000,1.500000,3700,1.510000,200,5.630000,0.080000
1479756480548,1.500000,1.500000,3700,1.510000,200,5.630000,0.080000
1479756482507,1.500000,1.500000,3700,1.510000,200,5.630000,0.080000
1479756484535,1.500000,1.500000,3700,1.510000,200,5.630000,0.080000
1479756486511,1.500000,1.500000,3700,1.510000,200,5.630000,0.080000
1479756488504,1.500000,1.500000,3700,1.510000,200,5.630000,0.080000
1479756490491,1.500000,1.500000,3700,1.510000,200,5.630000,0.080000
1479756492490,1.500000,1.500000,3700,1.510000,200,5.630000,0.080000
1479756494528,1.500000,1.500000,3700,1.510000,200,5.630000,0.080000
1479756495998,1.500000,1.500000,3700,1.510000,200,5.630000,0.080000
1479756498496,1.500000,1.500000,3700,1.510000,200,5.630000,0.080000
1479756500559,1.500000,1.500000,3700,1.510000,200,5.630000,0.080000
1479756503047,1.500000,1.500000,3700,1.510000,200,5.630000,0.080000
1479756504515,1.500000,1.500000,3700,1.510000,200,5.630000,0.080000
1479756507041,1.500000,1.500000,3700,1.510000,200,5.630000,0.080000
1479756509028,1.500000,1.500000,3700,1.510000,200,5.630000,0.080000
1479756511029,1.500000,1.500000,3700,1.510000,200,5.630000,0.080000
1479756513030,1.500000,1.500000,3700,1.510000,200,5.630000,0.080000
1479756514535,1.500000,1.500000,3700,1.510000,200,5.630000,0.080000
1479756517528,1.500000,1.500000,3700,1.510000,200,5.630000,0.080000
1479756519557,1.500000,1.500000,3700,1.510000,200,5.630000,0.080000
1479756521533,1.500000,1.500000,3700,1.510000,200,5.630000,0.080000
1479756523525,1.500000,1.500000,3700,1.510000,200,5.630000,0.080000
1479756525573,1.500000,1.500000,3700,1.510000,200,5.630000,0.080000
1479756527573,1.500000,1.500000,3700,1.510000,200,5.630000,0.080000
1479756529548,1.500000,1.500000,3700,1.510000,200,5.630000,0.080000
1479756531541,1.500000,1.500000,3700,1.510000,200,5.630000,0.080000
1479756533542,1.500000,1.500000,3700,1.510000,200,5.630000,0.080000
1479756536058,1.500000,1.500000,3700,1.510000,200,5.630000,0.080000
1479756538051,1.500000,1.500000,3700,1.510000,200,5.630000,0.080000
1479756539543,1.500000,1.500000,3700,1.510000,200,5.630000,0.080000
1479756542092,1.500000,1.500000,3700,1.510000,200,5.630000,0.080000
1479756543623,1.500000,1.500000,3700,1.510000,200,5.630000,0.080000
1479756545528,1.500000,1.500000,3700,1.510000,200,5.630000,0.080000
1479756548045,1.500000,1.500000,3700,1.510000,200,5.630000,0.080000
1479756550068,1.500000,1.500000,3700,1.510000,200,5.630000,0.080000
1479756552054,1.500000,1.500000,3700,1.510000,200,5.630000,0.080000
1479756554048,1.500000,1.500000,3700,1.510000,200,5.630000,0.080000
1479756556061,1.500000,1.500000,3700,1.510000,200,5.630000,0.080000
1479756558551,1.500000,1.500000,3700,1.510000,200,5.630000,0.080000
1479756560080,1.500000,1.500000,3700,1.510000,200,5.630000,0.080000
1479756562567,1.500000,1.500000,3700,1.510000,200,5.630000,0.080000
1479756564566,1.500000,1.500000,3700,1.510000,200,5.630000,0.080000
1479756566547,1.500000,1.500000,3700,1.510000,200,5.630000,0.080000
1479756568565,1.500000,1.500000,3700,1.510000,200,5.630000,0.080000
1479756570905,1.500000,1.500000,3700,1.510000,200,5.630000,0.080000
1479756572919,1.500000,1.500000,3700,1.510000,200,5.630000,0.080000
1479756574399,1.500000,1.500000,3700,1.510000,200,5.630000,0.080000
1479756576918,1.500000,1.500000,3700,1.510000,200,5.630000,0.080000
1479756578889,1.500000,1.500000,3700,1.510000,200,5.630000,0.080000
1479756580920,1.500000,1.500000,3700,1.510000,200,5.630000,0.080000
1479756582894,1.500000,1.500000,3700,1.510000,200,5.630000,0.080000
1479756585425,1.500000,1.500000,3700,1.510000,200,5.630000,0.080000
1479756586929,1.500000,1.500000,3700,1.510000,200,5.630000,0.080000
1479756589409,1.500000,1.500000,3700,1.510000,200,5.630000,0.080000
1479756591414,1.500000,1.500000,3700,1.510000,200,5.630000,0.080000
1479756593414,1.500000,1.500000,3700,1.510000,200,5.630000,0.080000
1479756595399,1.500000,1.500000,3700,1.510000,200,5.630000,0.080000
1479756597437,1.500000,1.500000,3700,1.510000,200,5.630000,0.080000
1479756598910,1.500000,1.500000,3700,1.510000,200,5.630000,0.080000
1479756601429,1.500000,1.500000,3700,1.510000,200,5.630000,0.080000
1479756603952,1.500000,1.500000,3700,1.510000,200,5.630000,0.080000
1479756605906,1.500000,1.500000,3700,1.510000,200,5.630000,0.080000
1479756607411,1.500000,1.500000,3700,1.510000,200,5.630000,0.080000
1479756609450,1.500000,1.500000,3700,1.510000,200,5.630000,0.080000
1479756612423,1.500000,1.500000,3700,1.510000,200,5.630000,0.080000
1479756613943,1.500000,1.500000,3700,1.510000,200,5.630000,0.080000
1479756615923,1.500000,1.500000,3700,1.510000,200,5.630000,0.080000
1479756618437,1.500000,1.500000,3700,1.510000,200,5.630000,0.080000
1479756620456,1.500000,1.500000,3700,1.510000,200,5.630000,0.080000
1479756622448,1.500000,1.500000,3700,1.510000,200,5.630000,0.080000
1479756624430,1.500000,1.500000,3700,1.510000,200,5.630000,0.080000
1479756626439,1.500000,1.500000,3700,1.510000,200,5.630000,0.080000
1479756628422,1.500000,1.500000,3700,1.510000,200,5.630000,0.080000
1479756630449,1.500000,1.500000,3700,1.510000,200,5.630000,0.080000
1479756632456,1.500000,1.500000,3700,1.510000,200,5.630000,0.080000
1479756634960,1.500000,1.500000,3700,1.510000,200,5.630000,0.080000
1479756636936,1.500000,1.500000,3700,1.510000,200,5.630000,0.080000
1479756638988,1.500000,1.500000,3700,1.510000,200,5.630000,0.080000
1479756640931,1.500000,1.500000,3700,1.510000,200,5.630000,0.080000
1479756642939,1.500000,1.500000,3700,1.510000,200,5.630000,0.080000
1479756644969,1.500000,1.500000,3700,1.510000,200,5.630000,0.080000
1479756646466,1.500000,1.500000,3700,1.510000,200,5.630000,0.080000
1479756648525,1.500000,1.500000,3700,1.510000,200,5.630000,0.080000
1479756650965,1.500000,1.500000,3700,1.510000,200,5.630000,0.080000
1479756653469,1.500000,1.500000,3700,1.510000,200,5.630000,0.080000
1479756655478,1.500000,1.500000,3700,1.510000,200,5.630000,0.080000
1479756657477,1.500000,1.500000,3700,1.510000,200,5.630000,0.080000
1479756659493,1.500000,1.500000,3700,1.510000,200,5.630000,0.080000
1479756661499,1.500000,1.500000,3700,1.510000,200,5.630000,0.080000
1479756663494,1.500000,1.500000,3700,1.510000,200,5.630000,0.080000
1479756665476,1.500000,1.500000,3700,1.510000,200,5.630000,0.080000
1479756667435,1.500000,1.500000,3700,1.510000,200,5.630000,0.080000
1479756669461,1.500000,1.500000,3700,1.510000,200,5.630000,0.080000
1479756671978,1.500000,1.500000,3700,1.510000,200,5.630000,0.080000
1479756673964,1.500000,1.500000,3700,1.510000,200,5.630000,0.080000
1479756675958,1.500000,1.500000,3700,1.510000,300,5.630000,0.080000
1479756676468,1.500000,1.500000,3700,1.510000,300,5.630000,0.080000
1479756679988,1.500000,1.500000,3700,1.510000,300,5.630000,0.080000
1479756682001,1.500000,1.500000,3700,1.510000,300,5.630000,0.080000
1479756683992,1.500000,1.500000,3700,1.510000,300,5.630000,0.080000
1479756685972,1.500000,1.500000,3700,1.510000,300,5.630000,0.080000
1479756688006,1.500000,1.500000,3700,1.510000,300,5.630000,0.080000
1479756689990,1.500000,1.500000,3700,1.510000,300,5.630000,0.080000
1479756691970,1.500000,1.500000,3700,1.510000,300,5.630000,0.080000
1479756694495,1.500000,1.500000,3700,1.510000,300,5.630000,0.080000
1479756696479,1.500000,1.500000,3700,1.510000,300,5.630000,0.080000
1479756698465,1.500000,1.500000,3700,1.510000,300,5.630000,0.080000
1479756700496,1.500000,1.500000,3700,1.510000,300,5.630000,0.080000
1479756702470,1.500000,1.500000,3700,1.510000,300,5.630000,0.080000
1479756704477,1.500000,1.500000,3700,1.510000,300,5.630000,0.080000
1479756706033,1.500000,1.500000,3700,1.510000,300,5.630000,0.080000
1479756708002,1.500000,1.500000,3700,1.510000,300,5.630000,0.080000
1479756710480,1.500000,1.500000,3700,1.510000,300,5.630000,0.080000
1479756712980,1.500000,1.500000,3700,1.510000,300,5.630000,0.080000
1479756715011,1.500000,1.500000,3700,1.510000,300,5.630000,0.080000
1479756716999,1.500000,1.500000,3700,1.510000,300,5.630000,0.080000
1479756719037,1.500000,1.500000,3700,1.510000,300,5.630000,0.080000
1479756721029,1.500000,1.500000,3700,1.510000,300,5.630000,0.080000
1479756723016,1.500000,1.500000,3700,1.510000,300,5.630000,0.080000
1479756724500,1.500000,1.500000,3700,1.510000,300,5.630000,0.080000
1479756727014,1.500000,1.500000,3700,1.510000,300,5.630000,0.080000
1479756729512,1.500000,1.500000,3700,1.510000,300,5.630000,0.080000
1479756731489,1.500000,1.500000,3700,1.510000,300,5.630000,0.080000
1479756733537,1.500000,1.500000,3700,1.510000,300,5.630000,0.080000
1479756735537,1.500000,1.500000,3700,1.510000,300,5.630000,0.080000
1479756737001,1.500000,1.500000,3700,1.510000,300,5.630000,0.080000
1479756739530,1.500000,1.500000,3700,1.510000,300,5.630000,0.080000
1479756741521,1.500000,1.500000,3700,1.510000,300,5.630000,0.080000
1479756744019,1.500000,1.500000,3700,1.510000,300,5.630000,0.080000
1479756746037,1.500000,1.500000,3700,1.510000,300,5.630000,0.080000
1479756748044,1.500000,1.500000,3700,1.510000,300,5.630000,0.080000
1479756748999,1.500000,1.500000,3700,1.510000,300,5.630000,0.080000
1479756751556,1.500000,1.500000,3700,1.510000,300,5.630000,0.080000
1479756753545,1.500000,1.500000,3700,1.510000,300,5.630000,0.080000
1479756755106,1.500000,1.500000,3700,1.510000,300,5.630000,0.080000
1479756758036,1.500000,1.500000,3700,1.510000,300,5.630000,0.080000
1479756759501,1.500000,1.500000,3700,1.510000,300,5.630000,0.080000
1479756761531,1.500000,1.500000,3700,1.510000,300,5.630000,0.080000
1479756764068,1.500000,1.500000,3700,1.510000,300,5.630000,0.080000
1479756765551,1.500000,1.500000,3700,1.510000,300,5.630000,0.080000
1479756768549,1.500000,1.500000,3700,1.510000,300,5.630000,0.080000
1479756770530,1.500000,1.500000,3700,1.510000,300,5.630000,0.080000
1479756772048,1.500000,1.500000,3700,1.510000,300,5.630000,0.080000
1479756774551,1.500000,1.500000,3700,1.510000,300,5.630000,0.080000
1479756776533,1.500000,1.500000,3700,1.510000,300,5.630000,0.080000
1479756778546,1.500000,1.500000,3700,1.510000,300,5.630000,0.080000
1479756780539,1.500000,1.500000,3700,1.510000,300,5.630000,0.080000
1479756782562,1.500000,1.500000,3700,1.510000,300,5.630000,0.080000
1479756784571,1.500000,1.500000,3700,1.510000,300,5.630000,0.080000
1479756787042,1.500000,1.500000,3700,1.510000,300,5.630000,0.080000
1479756789049,1.500000,1.500000,3700,1.510000,300,5.630000,0.080000
1479756791068,1.500000,1.500000,3700,1.510000,300,5.630000,0.080000
1479756793061,1.500000,1.500000,3700,1.510000,300,5.630000,0.080000
1479756795106,1.500000,1.500000,3700,1.510000,300,5.630000,0.080000
1479756796563,1.500000,1.500000,3700,1.510000,300,5.630000,0.080000
1479756798099,1.500000,1.500000,3700,1.510000,300,5.630000,0.080000
1479756801067,1.500000,1.500000,3700,1.510000,300,5.630000,0.080000
1479756803092,1.500000,1.500000,3700,1.510000,300,5.630000,0.080000
1479756805077,1.500000,1.500000,3700,1.510000,300,5.630000,0.080000
1479756807088,1.500000,1.500000,3700,1.510000,300,5.630000,0.080000
1479756809090,1.500000,1.500000,3700,1.510000,300,5.630000,0.080000
1479756811051,1.500000,1.500000,3700,1.510000,300,5.630000,0.080000
1479756813566,1.500000,1.500000,3700,1.510000,300,5.630000,0.080000
1479756815573,1.500000,1.500000,3700,1.510000,300,5.630000,0.080000
1479756817556,1.500000,1.500000,3700,1.510000,300,5.630000,0.080000
1479756819907,1.500000,1.500000,3700,1.510000,300,5.630000,0.080000
1479756821907,1.500000,1.500000,3700,1.510000,300,5.630000,0.080000
1479756823935,1.500000,1.500000,3700,1.510000,300,5.630000,0.080000
1479756825917,1.500000,1.500000,3700,1.510000,300,5.630000,0.080000
1479756827927,1.500000,1.500000,3700,1.510000,300,5.630000,0.080000
1479756829924,1.500000,1.500000,3700,1.510000,300,5.630000,0.080000
1479756832403,1.500000,1.500000,3700,1.510000,300,5.630000,0.080000
1479756834403,1.500000,1.500000,3700,1.510000,300,5.630000,0.080000
1479756836414,1.500000,1.500000,3700,1.510000,300,5.630000,0.080000
1479756838399,1.500000,1.500000,3700,1.510000,300,5.630000,0.080000
1479756840394,1.500000,1.500000,3700,1.510000,300,5.630000,0.080000
1479756842417,1.500000,1.500000,3700,1.510000,300,5.630000,0.080000
1479756844414,1.500000,1.500000,3700,1.510000,300,5.630000,0.080000
1479756845440,1.500000,1.500000,3700,1.510000,300,5.630000,0.080000
1479756847936,1.500000,1.500000,3700,1.510000,300,5.630000,0.080000
1479756850929,1.500000,1.500000,3700,1.510000,300,5.630000,0.080000
1479756852927,1.500000,1.500000,3700,1.510000,300,5.630000,0.080000
1479756854952,1.500000,1.500000,3700,1.510000,300,5.630000,0.080000
1479756856920,1.500000,1.500000,3700,1.510000,300,5.630000,0.080000
1479756858937,1.500000,1.500000,3700,1.510000,300,5.630000,0.080000
1479756860453,1.500000,1.500000,3700,1.510000,300,5.630000,0.080000
1479756862949,1.500000,1.500000,3700,1.510000,300,5.630000,0.080000
1479756864927,1.500000,1.500000,3700,1.510000,300,5.630000,0.080000
1479756866987,1.500000,1.500000,3700,1.510000,300,5.630000,0.080000
1479756868937,1.500000,1.500000,3700,1.510000,300,5.630000,0.080000
1479756870940,1.500000,1.500000,3700,1.510000,300,5.630000,0.080000
1479756873451,1.500000,1.500000,3700,1.510000,300,5.630000,0.080000
1479756875428,1.500000,1.500000,3700,1.510000,300,5.630000,0.080000
1479756877457,1.500000,1.500000,3700,1.510000,300,5.630000,0.080000
1479756879421,1.500000,1.500000,3700,1.510000,300,5.630000,0.080000
1479756881478,1.500000,1.500000,3700,1.510000,300,5.630000,0.080000
1479756883538,1.500000,1.500000,3700,1.510000,300,5.630000,0.080000
1479756885446,1.500000,1.500000,5100,1.510000,300,5.630000,0.080000
1479756887486,1.500000,1.500000,5100,1.510000,300,5.630000,0.080000
1479756889458,1.500000,1.500000,5100,1.510000,300,5.630000,0.080000
1479756891473,1.500000,1.500000,5100,1.510000,300,5.630000,0.080000
1479756893457,1.500000,1.500000,5100,1.510000,300,5.630000,0.080000
1479756895458,1.500000,1.500000,5100,1.510000,300,5.630000,0.080000
1479756897476,1.500000,1.500000,5100,1.510000,300,5.630000,0.080000
1479756899968,1.500000,1.500000,5100,1.510000,300,5.630000,0.080000
1479756901962,1.500000,1.500000,5100,1.510000,300,5.630000,0.080000
1479756903997,1.500000,1.500000,5100,1.510000,300,5.630000,0.080000
1479756905976,1.500000,1.500000,5100,1.510000,300,5.630000,0.080000
1479756907452,1.500000,1.500000,5100,1.510000,300,5.630000,0.080000
1479756909974,1.500000,1.500000,5100,1.510000,300,5.630000,0.080000
1479756911990,1.500000,1.500000,5100,1.510000,300,5.630000,0.080000
1479756913450,1.500000,1.500000,5100,1.510000,300,5.630000,0.080000
1479756916475,1.500000,1.500000,5100,1.510000,1800,5.630000,0.080000
1479756918500,1.500000,1.500000,5100,1.510000,1800,5.630000,0.080000
1479756920496,1.500000,1.500000,5100,1.510000,1800,5.630000,0.080000
1479756922465,1.500000,1.500000,5100,1.510000,1800,5.630000,0.080000
1479756924484,1.500000,1.500000,5100,1.510000,1800,5.630000,0.080000
1479756926474,1.500000,1.500000,5100,1.510000,1800,5.630000,0.080000
1479756928488,1.500000,1.500000,5100,1.510000,1800,5.630000,0.080000
1479756930469,1.500000,1.500000,5100,1.510000,1800,5.630000,0.080000
1479756931468,1.500000,1.500000,5100,1.510000,1800,5.630000,0.080000
1479756934465,1.500000,1.500000,5100,1.510000,1800,5.630000,0.080000
1479756937001,1.500000,1.500000,5100,1.510000,1800,5.630000,0.080000
1479756939003,1.500000,1.500000,5100,1.510000,1800,5.630000,0.080000
1479756940467,1.500000,1.500000,5100,1.510000,1800,5.630000,0.080000
1479756943063,1.500000,1.500000,5100,1.510000,1800,5.630000,0.080000
1479756944496,1.500000,1.500000,5100,1.510000,1800,5.630000,0.080000
1479756946978,1.500000,1.500000,5100,1.510000,1800,5.630000,0.080000
1479756949018,1.500000,1.500000,5100,1.510000,1800,5.630000,0.080000
1479756951008,1.500000,1.500000,5100,1.510000,1800,5.630000,0.080000
1479756951996,1.500000,1.500000,5100,1.510000,1800,5.630000,0.080000
1479756955002,1.500000,1.500000,5100,1.510000,1800,5.630000,0.080000
1479756957079,1.500000,1.500000,5100,1.510000,1800,5.630000,0.080000
1479756958508,1.500000,1.500000,5100,1.510000,1800,5.630000,0.080000
1479756961541,1.500000,1.500000,5100,1.510000,1800,5.630000,0.080000
1479756963534,1.500000,1.500000,5100,1.510000,1800,5.630000,0.080000
1479756965501,1.500000,1.500000,5100,1.510000,1800,5.630000,0.080000
1479756967494,1.500000,1.500000,5100,1.510000,1800,5.630000,0.080000
1479756968554,1.500000,1.500000,5100,1.510000,1800,5.630000,0.080000
1479756971542,1.500000,1.500000,5100,1.510000,1800,5.630000,0.080000
1479756973005,1.500000,1.500000,5100,1.510000,1800,5.630000,0.080000
1479756976017,1.500000,1.500000,4900,1.510000,1800,5.630000,0.080000
1479756978006,1.500000,1.500000,4900,1.510000,1800,5.630000,0.080000
1479756979582,1.500000,1.500000,4900,1.510000,1800,5.630000,0.080000
1479756982012,1.500000,1.500000,4900,1.510000,1800,5.630000,0.080000
1479756983018,1.500000,1.500000,4900,1.510000,1800,5.630000,0.080000
1479756985515,1.500000,1.500000,4900,1.510000,1800,5.630000,0.080000
1479756988052,1.500000,1.500000,3700,1.510000,1800,5.630000,0.080000
1479756990021,1.500000,1.500000,3700,1.510000,1800,5.630000,0.080000
1479756992035,1.500000,1.500000,3700,1.510000,1800,5.630000,0.080000
1479756993540,1.500000,1.500000,3700,1.510000,1800,5.630000,0.080000
1479756996033,1.500000,1.500000,3700,1.510000,1800,5.630000,0.080000
1479756998025,1.500000,1.500000,3700,1.510000,1800,5.630000,0.080000
1479757000087,1.500000,1.500000,3700,1.510000,1800,5.630000,0.080000
1479757002512,1.500000,1.500000,3700,1.510000,1800,5.630000,0.080000
1479757004519,1.500000,1.500000,3700,1.510000,1800,5.630000,0.080000
1479757005525,1.500000,1.500000,3700,1.510000,1800,5.630000,0.080000
1479757008566,1.500000,1.500000,3700,1.510000,1800,5.630000,0.080000
1479757010038,1.500000,1.500000,3700,1.510000,1800,5.630000,0.080000
1479757012541,1.500000,1.500000,3700,1.510000,1800,5.630000,0.080000
1479757014572,1.500000,1.500000,3700,1.510000,1800,5.630000,0.080000
1479757016532,1.500000,1.500000,3700,1.510000,1800,5.630000,0.080000
1479757019038,1.500000,1.500000,3700,1.510000,1800,5.630000,0.080000
1479757021050,1.500000,1.500000,3700,1.510000,1800,5.630000,0.080000
1479757023035,1.500000,1.500000,3700,1.510000,1800,5.630000,0.080000
1479757025071,1.500000,1.500000,3700,1.510000,1800,5.630000,0.080000
1479757027106,1.500000,1.500000,3700,1.510000,1800,5.630000,0.080000
1479757029087,1.500000,1.500000,3700,1.510000,1800,5.630000,0.080000
1479757031101,1.500000,1.500000,3700,1.510000,1800,5.630000,0.080000
1479757033063,1.500000,1.500000,3700,1.510000,1800,5.630000,0.080000
1479757035100,1.500000,1.500000,3700,1.510000,1800,5.630000,0.080000
1479757037556,1.500000,1.500000,3700,1.510000,1800,5.630000,0.080000
1479757039041,1.500000,1.500000,3700,1.510000,1800,5.630000,0.080000
1479757041575,1.500000,1.500000,3700,1.510000,1800,5.630000,0.080000
1479757043097,1.500000,1.500000,3700,1.510000,1800,5.630000,0.080000
1479757045531,1.500000,1.500000,3700,1.510000,1800,5.630000,0.080000
1479757047057,1.500000,1.500000,3700,1.510000,1800,5.630000,0.080000
1479757049562,1.500000,1.500000,3700,1.510000,1800,5.630000,0.080000
1479757051562,1.500000,1.500000,3700,1.510000,1800,5.630000,0.080000
1479757053572,1.500000,1.500000,3700,1.510000,1800,5.630000,0.080000
1479757055594,1.500000,1.500000,3700,1.510000,1800,5.630000,0.080000
1479757057605,1.500000,1.500000,3700,1.510000,1800,5.630000,0.080000
1479757059894,1.500000,1.500000,3700,1.510000,1800,5.630000,0.080000
1479757061910,1.500000,1.500000,3700,1.510000,1800,5.630000,0.080000
1479757063902,1.500000,1.500000,3700,1.510000,1800,5.630000,0.080000
1479757066400,1.500000,1.500000,3700,1.510000,1800,5.630000,0.080000
1479757068394,1.500000,1.500000,3700,1.510000,1800,5.630000,0.080000
1479757070419,1.500000,1.500000,3700,1.510000,1800,5.630000,0.080000
1479757072465,1.500000,1.500000,3700,1.510000,1800,5.630000,0.080000
1479757074437,1.500000,1.500000,3700,1.510000,1800,5.630000,0.080000
1479757076410,1.500000,1.500000,3700,1.510000,1800,5.630000,0.080000
1479757078421,1.500000,1.500000,3700,1.510000,1800,5.630000,0.080000
1479757080449,1.500000,1.500000,3700,1.510000,1800,5.630000,0.080000
1479757082426,1.500000,1.500000,3700,1.510000,1800,5.630000,0.080000
1479757083916,1.500000,1.500000,3700,1.510000,1800,5.630000,0.080000
1479757086451,1.500000,1.500000,3700,1.510000,1800,5.630000,0.080000
1479757088935,1.500000,1.500000,3700,1.510000,1800,5.630000,0.080000
1479757090938,1.500000,1.500000,4900,1.510000,1800,5.630000,0.080000
1479757092969,1.500000,1.500000,4900,1.510000,1800,5.630000,0.080000
1479757094955,1.500000,1.500000,4900,1.510000,1800,5.630000,0.080000
1479757096443,1.500000,1.500000,4900,1.510000,1800,5.630000,0.080000
1479757098924,1.500000,1.500000,4900,1.510000,1800,5.630000,0.080000
1479757100964,1.500000,1.500000,4900,1.510000,1800,5.630000,0.080000
1479757102922,1.500000,1.500000,4900,1.510000,1800,5.630000,0.080000
1479757104920,1.500000,1.500000,4900,1.510000,1800,5.630000,0.080000
1479757106915,1.500000,1.500000,4900,1.510000,1800,5.630000,0.080000
1479757109458,1.500000,1.500000,4900,1.510000,1800,5.630000,0.080000
1479757111429,1.500000,1.500000,4900,1.510000,1800,5.630000,0.080000
1479757113410,1.500000,1.500000,4900,1.510000,1800,5.630000,0.080000
1479757114970,1.500000,1.500000,4900,1.510000,1800,5.630000,0.080000
1479757116964,1.500000,1.500000,4900,1.510000,1800,5.630000,0.080000
1479757119458,1.500000,1.500000,4900,1.510000,1800,5.630000,0.080000
1479757121432,1.500000,1.500000,4900,1.510000,1800,5.630000,0.080000
1479757123439,1.500000,1.500000,4900,1.510000,1800,5.630000,0.080000
1479757125425,1.500000,1.500000,4900,1.510000,1800,5.630000,0.080000
1479757126957,1.500000,1.500000,4900,1.510000,1800,5.630000,0.080000
1479757129967,1.500000,1.500000,4900,1.510000,1800,5.630000,0.080000
1479757130451,1.500000,1.500000,4900,1.510000,1800,5.630000,0.080000
1479757133959,1.500000,1.500000,4900,1.510000,1800,5.630000,0.080000
1479757135456,1.500000,1.500000,4900,1.510000,1800,5.630000,0.080000
1479757137501,1.500000,1.500000,4900,1.510000,1800,5.630000,0.080000
1479757139949,1.500000,1.500000,4900,1.510000,1800,5.630000,0.080000
1479757141974,1.500000,1.500000,4900,1.510000,1800,5.630000,0.080000
1479757144470,1.500000,1.500000,4900,1.510000,1800,5.630000,0.080000
1479757146529,1.500000,1.500000,4900,1.510000,1800,5.630000,0.080000
1479757148439,1.500000,1.500000,4900,1.510000,1800,5.630000,0.080000
1479757150453,1.500000,1.500000,4900,1.510000,1800,5.630000,0.080000
1479757152453,1.500000,1.500000,4900,1.510000,1800,5.630000,0.080000
1479757154476,1.505000,1.500000,4900,1.510000,1700,5.990000,0.085000
1479757156443,1.500000,1.500000,4900,1.510000,1700,5.630000,0.080000
1479757158529,1.500000,1.500000,4900,1.510000,1700,5.630000,0.080000
1479757160505,1.500000,1.500000,4900,1.510000,1700,5.630000,0.080000
1479757162959,1.500000,1.500000,4900,1.510000,1700,5.630000,0.080000
1479757164986,1.500000,1.500000,4900,1.510000,1700,5.630000,0.080000
1479757166971,1.500000,1.500000,4900,1.510000,1700,5.630000,0.080000
1479757168971,1.500000,1.500000,4900,1.510000,1700,5.630000,0.080000
1479757171008,1.500000,1.500000,4900,1.510000,1700,5.630000,0.080000
1479757171975,1.500000,1.500000,4900,1.510000,1700,5.630000,0.080000
1479757174978,1.500000,1.500000,4900,1.510000,1700,5.630000,0.080000
1479757175987,1.500000,1.500000,4900,1.510000,1700,5.630000,0.080000
1479757178978,1.500000,1.500000,4900,1.510000,1700,5.630000,0.080000
1479757181496,1.500000,1.500000,4900,1.510000,1700,5.630000,0.080000
1479757183498,1.500000,1.500000,4900,1.510000,1700,5.630000,0.080000
1479757185551,1.500000,1.500000,4900,1.510000,1700,5.630000,0.080000
1479757187551,1.500000,1.500000,4900,1.510000,1700,5.630000,0.080000
1479757189509,1.500000,1.500000,4900,1.510000,1700,5.630000,0.080000
1479757191505,1.500000,1.500000,4900,1.510000,1700,5.630000,0.080000
1479757193480,1.500000,1.500000,4900,1.510000,1700,5.630000,0.080000
1479757195477,1.500000,1.500000,4900,1.510000,1700,5.630000,0.080000
1479757197514,1.500000,1.500000,4900,1.510000,1700,5.630000,0.080000
1479757198513,1.500000,1.500000,4900,1.510000,1700,5.630000,0.080000
1479757201483,1.500000,1.500000,4900,1.510000,1700,5.630000,0.080000
1479757203529,1.500000,1.500000,4900,1.510000,1700,5.630000,0.080000
1479757206036,1.500000,1.500000,4900,1.510000,1700,5.630000,0.080000
1479757207510,1.500000,1.500000,4900,1.510000,1700,5.630000,0.080000
1479757210006,1.500000,1.500000,4900,1.510000,1700,5.630000,0.080000
1479757212024,1.500000,1.500000,4900,1.510000,1700,5.630000,0.080000
1479757214010,1.500000,1.500000,4900,1.510000,1700,5.630000,0.080000
1479757216024,1.500000,1.500000,4900,1.510000,1700,5.630000,0.080000
1479757218023,1.500000,1.500000,4900,1.510000,1700,5.630000,0.080000
1479757220027,1.500000,1.500000,4900,1.510000,1700,5.630000,0.080000
1479757222041,1.500000,1.500000,4900,1.510000,1700,5.630000,0.080000
1479757224505,1.500000,1.500000,4900,1.510000,1700,5.630000,0.080000
1479757226551,1.500000,1.500000,4900,1.510000,1700,5.630000,0.080000
1479757228520,1.500000,1.500000,4900,1.510000,1700,5.630000,0.080000
1479757230538,1.500000,1.500000,4900,1.510000,1700,5.630000,0.080000
1479757231573,1.500000,1.500000,4900,1.510000,1700,5.630000,0.080000
1479757234534,1.500000,1.500000,4900,1.510000,1700,5.630000,0.080000
1479757236517,1.500000,1.500000,4900,1.510000,1700,5.630000,0.080000
1479757238536,1.500000,1.500000,4900,1.510000,1700,5.630000,0.080000
1479757240526,1.500000,1.500000,4900,1.510000,1700,5.630000,0.080000
1479757242601,1.500000,1.500000,4900,1.510000,1700,5.630000,0.080000
1479757244561,1.500000,1.500000,4900,1.510000,1700,5.630000,0.080000
1479757246502,1.500000,1.500000,4900,1.510000,1700,5.630000,0.080000
1479757248566,1.500000,1.500000,4900,1.510000,1700,5.630000,0.080000
1479757251043,1.500000,1.500000,4900,1.510000,1700,5.630000,0.080000
1479757253031,1.500000,1.500000,4900,1.510000,1700,5.630000,0.080000
1479757254523,1.500000,1.500000,4900,1.510000,1700,5.630000,0.080000
1479757256555,1.500000,1.500000,4900,1.510000,1700,5.630000,0.080000
1479757259025,1.500000,1.500000,4900,1.510000,1700,5.630000,0.080000
1479757261074,1.500000,1.500000,5200,1.510000,1700,5.630000,0.080000
1479757263069,1.500000,1.500000,5200,1.510000,1700,5.630000,0.080000
1479757265044,1.500000,1.500000,5200,1.510000,1700,5.630000,0.080000
1479757267545,1.500000,1.500000,5200,1.510000,1700,5.630000,0.080000
1479757269560,1.500000,1.500000,5200,1.510000,1700,5.630000,0.080000
1479757271556,1.500000,1.500000,5200,1.510000,1700,5.630000,0.080000
1479757272562,1.500000,1.500000,5200,1.510000,1700,5.630000,0.080000
1479757275056,1.500000,1.500000,5200,1.510000,1700,5.630000,0.080000
1479757277624,1.500000,1.500000,5200,1.510000,1700,5.630000,0.080000
1479757278025,1.500000,1.500000,5200,1.510000,1700,5.630000,0.080000
1479757281551,1.500000,1.500000,5200,1.510000,1700,5.630000,0.080000
1479757283058,1.500000,1.500000,5200,1.510000,1700,5.630000,0.080000
1479757285544,1.500000,1.500000,5200,1.510000,1700,5.630000,0.080000
1479757288054,1.500000,1.500000,5200,1.510000,1700,5.630000,0.080000
1479757290072,1.500000,1.500000,5200,1.510000,1700,5.630000,0.080000
1479757292076,1.500000,1.500000,5200,1.510000,1700,5.630000,0.080000
1479757294102,1.500000,1.500000,5200,1.510000,1700,5.630000,0.080000
1479757296058,1.500000,1.500000,5200,1.510000,1700,5.630000,0.080000
1479757298047,1.500000,1.500000,5200,1.510000,1700,5.630000,0.080000
1479757300097,1.500000,1.500000,5200,1.510000,1700,5.630000,0.080000
1479757302069,1.500000,1.500000,5200,1.510000,1700,5.630000,0.080000
1479757304084,1.500000,1.500000,5200,1.510000,1700,5.630000,0.080000
1479757305917,1.500000,1.500000,5200,1.510000,1700,5.630000,0.080000
1479757308392,1.500000,1.500000,5200,1.510000,1700,5.630000,0.080000
1479757310415,1.500000,1.500000,5200,1.510000,1700,5.630000,0.080000
1479757312400,1.500000,1.500000,5200,1.510000,1700,5.630000,0.080000
1479757314395,1.500000,1.500000,5200,1.510000,1700,5.630000,0.080000
1479757316395,1.500000,1.500000,5200,1.510000,1700,5.630000,0.080000
1479757318906,1.500000,1.500000,5200,1.510000,1700,5.630000,0.080000
1479757320928,1.500000,1.500000,5200,1.510000,1700,5.630000,0.080000
1479757322903,1.500000,1.500000,5200,1.510000,1700,5.630000,0.080000
1479757324919,1.500000,1.500000,5200,1.510000,1700,5.630000,0.080000
1479757326922,1.500000,1.500000,5200,1.510000,1700,5.630000,0.080000
1479757328923,1.500000,1.500000,5200,1.510000,1700,5.630000,0.080000
1479757330945,1.500000,1.500000,5200,1.510000,1700,5.630000,0.080000
1479757332921,1.500000,1.500000,5200,1.510000,1700,5.630000,0.080000
1479757334913,1.500000,1.500000,5200,1.510000,1700,5.630000,0.080000
1479757337409,1.500000,1.500000,5200,1.510000,1700,5.630000,0.080000
1479757339422,1.500000,1.500000,5200,1.510000,1700,5.630000,0.080000
1479757341429,1.500000,1.500000,5200,1.510000,1700,5.630000,0.080000
1479757343425,1.500000,1.500000,5200,1.510000,1700,5.630000,0.080000
1479757345428,1.500000,1.500000,5600,1.510000,1700,5.630000,0.080000
1479757347428,1.500000,1.500000,5600,1.510000,1700,5.630000,0.080000
1479757349437,1.500000,1.500000,5600,1.510000,1700,5.630000,0.080000
1479757351435,1.500000,1.500000,5600,1.510000,1700,5.630000,0.080000
1479757353459,1.500000,1.500000,5600,1.510000,1700,5.630000,0.080000
1479757356453,1.500000,1.500000,5600,1.510000,1700,5.630000,0.080000
1479757358441,1.500000,1.500000,5600,1.510000,1700,5.630000,0.080000
1479757360427,1.500000,1.500000,5600,1.510000,1700,5.630000,0.080000
1479757361911,1.500000,1.500000,5600,1.510000,1700,5.630000,0.080000
1479757364482,1.500000,1.500000,5600,1.510000,1700,5.630000,0.080000
1479757366437,1.505000,1.500000,5600,1.510000,1700,5.990000,0.085000
1479757368437,1.505000,1.500000,5600,1.510000,1700,5.990000,0.085000
1479757370433,1.505000,1.500000,5600,1.510000,1700,5.990000,0.085000
1479757372465,1.505000,1.500000,5600,1.510000,1700,5.990000,0.085000
1479757374469,1.505000,1.500000,5600,1.510000,1700,5.990000,0.085000
1479757376511,1.505000,1.500000,5600,1.510000,1700,5.990000,0.085000
1479757378958,1.505000,1.500000,5600,1.510000,1700,5.990000,0.085000
1479757380970,1.505000,1.500000,5600,1.510000,1700,5.990000,0.085000
1479757382956,1.505000,1.500000,5600,1.510000,1700,5.990000,0.085000
1479757384972,1.505000,1.500000,5600,1.510000,1700,5.990000,0.085000
1479757386954,1.505000,1.500000,5600,1.510000,1700,5.990000,0.085000
1479757388963,1.505000,1.500000,5600,1.510000,1700,5.990000,0.085000
1479757390995,1.505000,1.500000,5600,1.510000,1700,5.990000,0.085000
1479757392963,1.505000,1.500000,5600,1.510000,1700,5.990000,0.085000
1479757395478,1.505000,1.500000,5600,1.510000,1700,5.990000,0.085000
1479757397440,1.505000,1.500000,5600,1.510000,1700,5.990000,0.085000
1479757399473,1.505000,1.500000,5600,1.510000,1700,5.990000,0.085000
1479757400975,1.505000,1.500000,5600,1.510000,1700,5.990000,0.085000
1479757402492,1.505000,1.500000,5600,1.510000,1700,5.990000,0.085000
1479757405512,1.505000,1.500000,5600,1.510000,1700,5.990000,0.085000
1479757407496,1.505000,1.500000,5600,1.510000,1700,5.990000,0.085000
1479757409481,1.505000,1.500000,5600,1.510000,1700,5.990000,0.085000
1479757411461,1.505000,1.500000,5600,1.510000,1700,5.990000,0.085000
1479757413510,1.505000,1.500000,5600,1.510000,1700,5.990000,0.085000
1479757415480,1.505000,1.500000,5600,1.510000,1700,5.990000,0.085000
1479757417483,1.505000,1.500000,5600,1.510000,1700,5.990000,0.085000
1479757419946,1.505000,1.500000,5600,1.510000,1700,5.990000,0.085000
1479757422017,1.505000,1.500000,5600,1.510000,1700,5.990000,0.085000
1479757423998,1.505000,1.500000,5600,1.510000,1700,5.990000,0.085000
1479757425993,1.505000,1.500000,5600,1.510000,1700,5.990000,0.085000
1479757428015,1.505000,1.500000,5600,1.510000,1700,5.990000,0.085000
1479757430005,1.505000,1.500000,5600,1.510000,1700,5.990000,0.085000
1479757432001,1.505000,1.500000,5600,1.510000,1700,5.990000,0.085000
1479757434000,1.505000,1.500000,5600,1.510000,1700,5.990000,0.085000
1479757435991,1.505000,1.500000,5600,1.510000,1700,5.990000,0.085000
1479757438001,1.505000,1.500000,5600,1.510000,1700,5.990000,0.085000
1479757440480,1.505000,1.500000,5600,1.510000,1700,5.990000,0.085000
1479757442510,1.505000,1.500000,5600,1.510000,1700,5.990000,0.085000
1479757444492,1.505000,1.500000,5600,1.510000,1700,5.990000,0.085000
1479757445511,1.505000,1.500000,5600,1.510000,1700,5.990000,0.085000
1479757448499,1.505000,1.500000,5600,1.510000,1700,5.990000,0.085000
1479757449522,1.505000,1.500000,5600,1.510000,1700,5.990000,0.085000
1479757450998,1.505000,1.500000,5600,1.510000,1700,5.990000,0.085000
1479757454502,1.505000,1.500000,5600,1.510000,1700,5.990000,0.085000
1479757456513,1.505000,1.500000,5600,1.510000,1700,5.990000,0.085000
1479757458503,1.505000,1.500000,5600,1.510000,1700,5.990000,0.085000
1479757460982,1.505000,1.500000,5600,1.510000,1700,5.990000,0.085000
1479757462498,1.505000,1.500000,5600,1.510000,1700,5.990000,0.085000
1479757465086,1.500000,1.500000,5600,1.510000,1700,5.630000,0.080000
1479757467042,1.500000,1.500000,5600,1.510000,1700,5.630000,0.080000
1479757468524,1.500000,1.500000,5600,1.510000,1700,5.630000,0.080000
1479757471026,1.500000,1.500000,5600,1.510000,1700,5.630000,0.080000
1479757473484,1.500000,1.500000,5600,1.510000,1700,5.630000,0.080000
1479757475538,1.500000,1.500000,5600,1.510000,1700,5.630000,0.080000
1479757477497,1.500000,1.500000,5600,1.510000,1700,5.630000,0.080000
1479757479034,1.500000,1.500000,5600,1.510000,1700,5.630000,0.080000
1479757481515,1.500000,1.500000,5600,1.510000,1700,5.630000,0.080000
1479757483497,1.500000,1.500000,5600,1.510000,1700,5.630000,0.080000
1479757485541,1.500000,1.500000,5600,1.510000,1700,5.630000,0.080000
1479757487507,1.500000,1.500000,5600,1.510000,1700,5.630000,0.080000
1479757490037,1.500000,1.500000,5600,1.510000,1700,5.630000,0.080000
1479757492032,1.500000,1.500000,5600,1.510000,1700,5.630000,0.080000
1479757493544,1.500000,1.500000,5600,1.510000,1700,5.630000,0.080000
1479757496046,1.500000,1.500000,5600,1.510000,1700,5.630000,0.080000
1479757498042,1.500000,1.500000,5600,1.510000,1700,5.630000,0.080000
1479757500029,1.500000,1.500000,5600,1.510000,1700,5.630000,0.080000
1479757501036,1.500000,1.500000,5600,1.510000,1700,5.630000,0.080000
1479757502028,1.500000,1.500000,5600,1.510000,1700,5.630000,0.080000
1479757506057,1.500000,1.500000,5600,1.510000,1700,5.630000,0.080000
1479757506525,1.500000,1.500000,5600,1.510000,1700,5.630000,0.080000
1479757510536,1.500000,1.500000,5600,1.510000,1700,5.630000,0.080000
1479757512062,1.500000,1.500000,5600,1.510000,1700,5.630000,0.080000
1479757514528,1.500000,1.500000,5600,1.510000,1700,5.630000,0.080000
1479757517051,1.500000,1.500000,5600,1.510000,1700,5.630000,0.080000
1479757518563,1.500000,1.500000,5600,1.510000,1700,5.630000,0.080000
1479757521039,1.500000,1.500000,5600,1.510000,1700,5.630000,0.080000
1479757522603,1.500000,1.500000,5600,1.510000,1700,5.630000,0.080000
1479757525090,1.500000,1.500000,5600,1.510000,1700,5.630000,0.080000
1479757527062,1.500000,1.500000,5600,1.510000,1700,5.630000,0.080000
1479757529054,1.500000,1.500000,5600,1.510000,1700,5.630000,0.080000
1479757531114,1.500000,1.500000,5600,1.510000,1700,5.630000,0.080000
1479757533093,1.500000,1.500000,5600,1.510000,1700,5.630000,0.080000
1479757535088,1.500000,1.500000,5600,1.510000,1700,5.630000,0.080000
1479757537119,1.500000,1.500000,5600,1.510000,1700,5.630000,0.080000
1479757538551,1.500000,1.500000,5600,1.510000,1700,5.630000,0.080000
1479757541570,1.500000,1.500000,5600,1.510000,1700,5.630000,0.080000
1479757542550,1.500000,1.500000,5600,1.510000,1700,5.630000,0.080000
1479757545581,1.500000,1.500000,5600,1.510000,1700,5.630000,0.080000
1479757546081,1.500000,1.500000,5600,1.510000,1700,5.630000,0.080000
1479757549128,1.500000,1.500000,5600,1.510000,1700,5.630000,0.080000
1479757551889,1.500000,1.500000,3900,1.510000,1700,5.630000,0.080000
1479757553936,1.500000,1.500000,3900,1.510000,1700,5.630000,0.080000
1479757555907,1.500000,1.500000,3900,1.510000,1700,5.630000,0.080000
1479757557406,1.500000,1.500000,3900,1.510000,1700,5.630000,0.080000
1479757559911,1.500000,1.500000,3900,1.510000,1700,5.630000,0.080000
1479757561920,1.500000,1.500000,3900,1.510000,1700,5.630000,0.080000
1479757563921,1.500000,1.500000,3900,1.510000,1700,5.630000,0.080000
1479757565890,1.500000,1.500000,3900,1.510000,1700,5.630000,0.080000
1479757568421,1.500000,1.500000,3900,1.510000,1700,5.630000,0.080000
1479757570423,1.500000,1.500000,3900,1.510000,1700,5.630000,0.080000
1479757572415,1.500000,1.500000,3900,1.510000,1700,5.630000,0.080000
1479757574409,1.500000,1.500000,3900,1.510000,1700,5.630000,0.080000
1479757576420,1.500000,1.500000,3900,1.510000,1700,5.630000,0.080000
1479757578436,1.500000,1.500000,3900,1.510000,1700,5.630000,0.080000
1479757580448,1.500000,1.500000,3900,1.510000,1700,5.630000,0.080000
1479757582953,1.500000,1.500000,3900,1.510000,1700,5.630000,0.080000
1479757584926,1.500000,1.500000,3900,1.510000,1700,5.630000,0.080000
1479757586942,1.500000,1.500000,3900,1.510000,1700,5.630000,0.080000
1479757588936,1.500000,1.500000,3900,1.510000,1700,5.630000,0.080000
1479757590944,1.500000,1.500000,3900,1.510000,1700,5.630000,0.080000
1479757592904,1.500000,1.500000,3900,1.510000,1700,5.630000,0.080000
1479757594951,1.500000,1.500000,3900,1.510000,1700,5.630000,0.080000
1479757596985,1.500000,1.500000,3900,1.510000,1700,5.630000,0.080000
1479757598941,1.500000,1.500000,3900,1.510000,1700,5.630000,0.080000
1479757601451,1.500000,1.500000,3900,1.510000,1700,5.630000,0.080000
1479757603430,1.500000,1.500000,3900,1.510000,1700,5.630000,0.080000
1479757604931,1.500000,1.500000,3900,1.510000,1700,5.630000,0.080000
1479757607492,1.500000,1.500000,3900,1.510000,1700,5.630000,0.080000
1479757609451,1.500000,1.500000,3900,1.510000,1700,5.630000,0.080000
1479757611441,1.500000,1.500000,3900,1.510000,1700,5.630000,0.080000
1479757612991,1.500000,1.500000,3900,1.510000,1700,5.630000,0.080000
1479757615450,1.500000,1.500000,3900,1.510000,1700,5.630000,0.080000
1479757617422,1.500000,1.500000,3900,1.510000,1700,5.630000,0.080000
1479757619960,1.500000,1.500000,3900,1.510000,1700,5.630000,0.080000
1479757621979,1.500000,1.500000,3900,1.510000,1700,5.630000,0.080000
1479757623951,1.500000,1.500000,3900,1.510000,1700,5.630000,0.080000
1479757625951,1.500000,1.500000,3600,1.510000,1700,5.630000,0.080000
1479757627493,1.500000,1.500000,3600,1.510000,1700,5.630000,0.080000
1479757629465,1.500000,1.500000,3600,1.510000,1700,5.630000,0.080000
1479757631952,1.500000,1.500000,3600,1.510000,1700,5.630000,0.080000
1479757633948,1.500000,1.500000,3600,1.510000,1700,5.630000,0.080000
1479757635934,1.500000,1.500000,13200,1.510000,1700,5.630000,0.080000
1479757637943,1.500000,1.500000,13200,1.510000,1700,5.630000,0.080000
1479757639956,1.500000,1.500000,13200,1.510000,1700,5.630000,0.080000
1479757642011,1.500000,1.500000,13200,1.510000,1700,5.630000,0.080000
1479757644481,1.500000,1.500000,13200,1.510000,1700,5.630000,0.080000
1479757646470,1.500000,1.500000,13200,1.510000,1700,5.630000,0.080000
1479757648472,1.500000,1.500000,13200,1.510000,1700,5.630000,0.080000
1479757650494,1.500000,1.500000,13200,1.510000,1700,5.630000,0.080000
1479757652455,1.500000,1.500000,13200,1.510000,1700,5.630000,0.080000
1479757654446,1.500000,1.500000,13200,1.510000,1700,5.630000,0.080000
1479757656470,1.500000,1.500000,13200,1.510000,1700,5.630000,0.080000
1479757658486,1.500000,1.500000,13200,1.510000,1700,5.630000,0.080000
1479757660507,1.500000,1.500000,13200,1.510000,1700,5.630000,0.080000
1479757662488,1.500000,1.500000,13200,1.510000,1700,5.630000,0.080000
1479757664988,1.500000,1.500000,13200,1.510000,1700,5.630000,0.080000
1479757666987,1.500000,1.500000,13200,1.510000,1700,5.630000,0.080000
1479757669023,1.500000,1.500000,13200,1.510000,1700,5.630000,0.080000
1479757670993,1.500000,1.500000,13200,1.510000,1700,5.630000,0.080000
1479757672984,1.500000,1.500000,13200,1.510000,1700,5.630000,0.080000
1479757675013,1.500000,1.500000,13200,1.510000,1700,5.630000,0.080000
1479757676998,1.500000,1.500000,13200,1.510000,1700,5.630000,0.080000
1479757678999,1.500000,1.500000,13200,1.510000,1700,5.630000,0.080000
1479757680970,1.500000,1.500000,13200,1.510000,1700,5.630000,0.080000
1479757683500,1.500000,1.500000,13200,1.510000,1700,5.630000,0.080000
1479757685511,1.500000,1.500000,13200,1.510000,1700,5.630000,0.080000
1479757687486,1.500000,1.500000,13200,1.510000,1700,5.630000,0.080000
1479757689498,1.500000,1.500000,13200,1.510000,1700,5.630000,0.080000
1479757691504,1.500000,1.500000,13200,1.510000,1700,5.630000,0.080000
1479757693530,1.500000,1.500000,13200,1.510000,1700,5.630000,0.080000
1479757695481,1.500000,1.500000,13200,1.510000,1700,5.630000,0.080000
1479757697522,1.500000,1.500000,13200,1.510000,1700,5.630000,0.080000
1479757699544,1.500000,1.500000,13200,1.510000,1700,5.630000,0.080000
1479757701586,1.500000,1.500000,13200,1.510000,1700,5.630000,0.080000
1479757703532,1.500000,1.500000,13200,1.510000,1700,5.630000,0.080000
1479757705523,1.500000,1.500000,13200,1.510000,1700,5.630000,0.080000
1479757708015,1.500000,1.500000,13200,1.510000,1700,5.630000,0.080000
1479757709525,1.500000,1.500000,13200,1.510000,1700,5.630000,0.080000
1479757711533,1.500000,1.500000,13200,1.510000,1700,5.630000,0.080000
1479757714002,1.500000,1.500000,13200,1.510000,1700,5.630000,0.080000
1479757716013,1.500000,1.500000,13200,1.510000,1700,5.630000,0.080000
1479757718036,1.500000,1.500000,13200,1.510000,1700,5.630000,0.080000
1479757720091,1.500000,1.500000,13200,1.510000,1700,5.630000,0.080000
1479757722007,1.500000,1.500000,13200,1.510000,1700,5.630000,0.080000
1479757724032,1.500000,1.500000,13200,1.510000,1700,5.630000,0.080000
1479757726123,1.500000,1.500000,13200,1.510000,1700,5.630000,0.080000
1479757728537,1.500000,1.500000,13200,1.510000,1700,5.630000,0.080000
1479757729031,1.500000,1.500000,13200,1.510000,1700,5.630000,0.080000
1479757732500,1.500000,1.500000,13200,1.510000,1700,5.630000,0.080000
1479757734025,1.500000,1.500000,13200,1.510000,1700,5.630000,0.080000
1479757736515,1.500000,1.500000,13200,1.510000,1700,5.630000,0.080000
1479757738551,1.500000,1.500000,13200,1.510000,1700,5.630000,0.080000
1479757740590,1.500000,1.500000,13200,1.510000,1700,5.630000,0.080000
1479757742511,1.500000,1.500000,13200,1.510000,1700,5.630000,0.080000
1479757744045,1.500000,1.500000,13200,1.510000,1700,5.630000,0.080000
1479757747018,1.500000,1.500000,13200,1.510000,1700,5.630000,0.080000
1479757749027,1.500000,1.500000,13200,1.510000,1700,5.630000,0.080000
1479757751047,1.509000,1.500000,13200,1.510000,1700,6.270000,0.089000
1479757753036,1.508900,1.500000,13200,1.510000,1700,6.260000,0.088900
1479757755064,1.508900,1.500000,13200,1.510000,1700,6.260000,0.088900
1479757756534,1.508900,1.500000,13200,1.510000,1700,6.260000,0.088900
1479757758065,1.508900,1.500000,13200,1.510000,1700,6.260000,0.088900
1479757760549,1.505000,1.500000,13200,1.510000,1700,5.990000,0.085000
1479757763053,1.509200,1.500000,13200,1.510000,1700,6.280000,0.089200
1479757765526,1.509200,1.500000,13200,1.510000,1700,6.280000,0.089200
1479757767550,1.509200,1.500000,13200,1.510000,1700,6.280000,0.089200
1479757769566,1.509200,1.500000,13200,1.510000,1700,6.280000,0.089200
1479757771163,1.509200,1.500000,13200,1.510000,1700,6.280000,0.089200
1479757773562,1.509200,1.500000,13200,1.510000,1700,6.280000,0.089200
1479757775544,1.509200,1.500000,13200,1.510000,1700,6.280000,0.089200
1479757777561,1.509200,1.500000,13200,1.510000,1700,6.280000,0.089200
1479757779541,1.509200,1.500000,13200,1.510000,1700,6.280000,0.089200
1479757781065,1.509200,1.500000,13200,1.510000,1700,6.280000,0.089200
1479757783542,1.509200,1.500000,13200,1.510000,1700,6.280000,0.089200
1479757785053,1.509200,1.500000,13200,1.510000,1700,6.280000,0.089200
1479757787589,1.509200,1.500000,13200,1.510000,1700,6.280000,0.089200
1479757790064,1.509200,1.500000,13200,1.510000,1700,6.280000,0.089200
1479757792121,1.509200,1.500000,13200,1.510000,1700,6.280000,0.089200
1479757794077,1.509200,1.500000,13200,1.510000,1700,6.280000,0.089200
1479757796068,1.509200,1.500000,13200,1.510000,1700,6.280000,0.089200
1479757798061,1.509200,1.500000,13200,1.510000,1700,6.280000,0.089200
1479757800111,1.509200,1.500000,13200,1.510000,1700,6.280000,0.089200
1479757802398,1.509200,1.500000,13200,1.510000,1700,6.280000,0.089200
1479757804403,1.509200,1.500000,13200,1.510000,1700,6.280000,0.089200
1479757806399,1.509200,1.500000,13200,1.510000,1700,6.280000,0.089200
1479757808404,1.509200,1.500000,13200,1.510000,1700,6.280000,0.089200
1479757810409,1.509200,1.500000,13200,1.510000,1700,6.280000,0.089200
1479757811898,1.509200,1.500000,13200,1.510000,1700,6.280000,0.089200
1479757814419,1.509200,1.500000,13200,1.510000,1700,6.280000,0.089200
1479757816923,1.509200,1.500000,13200,1.510000,1700,6.280000,0.089200
1479757818913,1.509200,1.500000,13200,1.510000,1700,6.280000,0.089200
1479757820901,1.509200,1.500000,13200,1.510000,1700,6.280000,0.089200
1479757822935,1.509200,1.500000,13200,1.510000,1700,6.280000,0.089200
1479757824408,1.509200,1.500000,13200,1.510000,1700,6.280000,0.089200
1479757826918,1.500000,1.500000,13200,1.510000,1700,5.630000,0.080000
1479757828920,1.500000,1.500000,13200,1.510000,1700,5.630000,0.080000
1479757830442,1.500000,1.500000,13200,1.510000,1700,5.630000,0.080000
1479757832930,1.500000,1.500000,13200,1.510000,1700,5.630000,0.080000
1479757834926,1.500000,1.500000,13200,1.510000,1700,5.630000,0.080000
1479757836943,1.500000,1.500000,13200,1.510000,1700,5.630000,0.080000
1479757839448,1.500000,1.500000,13200,1.510000,1700,5.630000,0.080000
1479757841421,1.500000,1.500000,13200,1.510000,1700,5.630000,0.080000
1479757843427,1.500000,1.500000,13200,1.510000,1700,5.630000,0.080000
1479757845433,1.500000,1.500000,13200,1.510000,1700,5.630000,0.080000
1479757847453,1.500000,1.500000,13200,1.510000,1700,5.630000,0.080000
1479757849434,1.500000,1.500000,13200,1.510000,1700,5.630000,0.080000
1479757851440,1.500000,1.500000,13200,1.510000,1700,5.630000,0.080000
1479757853414,1.500000,1.500000,13200,1.510000,1700,5.630000,0.080000
1479757855929,1.500000,1.500000,13200,1.510000,1700,5.630000,0.080000
1479757857937,1.500000,1.500000,13200,1.510000,1700,5.630000,0.080000
1479757859978,1.500000,1.500000,13200,1.510000,1700,5.630000,0.080000
1479757861963,1.500000,1.500000,13200,1.510000,1700,5.630000,0.080000
1479757863966,1.500000,1.500000,13200,1.510000,1700,5.630000,0.080000
1479757866466,1.500000,1.500000,13200,1.510000,1700,5.630000,0.080000
1479757868455,1.500000,1.500000,13200,1.510000,1700,5.630000,0.080000
1479757870451,1.500000,1.500000,13200,1.510000,1700,5.630000,0.080000
1479757872459,1.500000,1.500000,13200,1.510000,1700,5.630000,0.080000
1479757874479,1.500000,1.500000,13200,1.510000,1700,5.630000,0.080000
1479757876448,1.500000,1.500000,13200,1.510000,1700,5.630000,0.080000
1479757878453,1.500000,1.500000,13200,1.510000,1700,5.630000,0.080000
1479757880949,1.500000,1.500000,13200,1.510000,1700,5.630000,0.080000
1479757882965,1.500000,1.500000,13200,1.510000,1700,5.630000,0.080000
1479757884952,1.500000,1.500000,13200,1.510000,1700,5.630000,0.080000
1479757887020,1.500000,1.500000,13200,1.510000,1700,5.630000,0.080000
1479757888980,1.500000,1.500000,13200,1.510000,1700,5.630000,0.080000
1479757890963,1.500000,1.500000,13200,1.510000,1700,5.630000,0.080000
1479757892979,1.500000,1.500000,13200,1.510000,1700,5.630000,0.080000
1479757894943,1.500000,1.500000,13200,1.510000,1700,5.630000,0.080000
1479757896953,1.500000,1.500000,13200,1.510000,1700,5.630000,0.080000
1479757899464,1.500000,1.500000,3600,1.510000,1700,5.630000,0.080000
1479757901476,1.500000,1.500000,3600,1.510000,1700,5.630000,0.080000
1479757902968,1.510000,1.500000,3600,1.510000,1400,6.340000,0.090000
1479757905465,1.510000,1.500000,3600,1.510000,1400,6.340000,0.090000
1479757907533,1.510000,1.500000,3600,1.510000,1400,6.340000,0.090000
1479757909468,1.510000,1.500000,3600,1.510000,1400,6.340000,0.090000
1479757911477,1.510000,1.500000,3600,1.510000,1400,6.340000,0.090000
1479757913470,1.510000,1.500000,3600,1.510000,1400,6.340000,0.090000
1479757914499,1.510000,1.500000,3600,1.510000,1400,6.340000,0.090000
1479757917993,1.510000,1.500000,3600,1.510000,1400,6.340000,0.090000
1479757919988,1.510000,1.500000,3600,1.510000,1400,6.340000,0.090000
1479757922001,1.510000,1.500000,3600,1.510000,1400,6.340000,0.090000
1479757923971,1.510000,1.500000,3600,1.510000,1400,6.340000,0.090000
1479757925991,1.510000,1.500000,3600,1.510000,1400,6.340000,0.090000
1479757927485,1.510000,1.500000,3600,1.510000,1400,6.340000,0.090000
1479757929476,1.510000,1.500000,3600,1.510000,1400,6.340000,0.090000
1479757932018,1.510000,1.500000,3600,1.510000,1400,6.340000,0.090000
1479757933970,1.510000,1.500000,3600,1.510000,1400,6.340000,0.090000
1479757936507,1.510000,1.500000,3600,1.510000,1400,6.340000,0.090000
1479757938008,1.510000,1.500000,3600,1.510000,1400,6.340000,0.090000
1479757940460,1.510000,1.500000,3600,1.510000,1400,6.340000,0.090000
1479757942976,1.510000,1.500000,3600,1.510000,1400,6.340000,0.090000
1479757945046,1.510000,1.500000,3600,1.510000,1400,6.340000,0.090000
1479757946540,1.510000,1.500000,3600,1.510000,1400,6.340000,0.090000
1479757949006,1.510000,1.500000,3600,1.510000,1400,6.340000,0.090000
1479757950990,1.510000,1.500000,3600,1.510000,1400,6.340000,0.090000
1479757953016,1.510000,1.500000,3600,1.510000,1400,6.340000,0.090000
1479757955047,1.510000,1.500000,3600,1.510000,1400,6.340000,0.090000
1479757956486,1.510000,1.500000,3600,1.510000,1400,6.340000,0.090000
1479757959037,1.510000,1.500000,3600,1.510000,1400,6.340000,0.090000
1479757961013,1.510000,1.500000,3600,1.510000,1400,6.340000,0.090000
1479757963510,1.510000,1.500000,3600,1.510000,1400,6.340000,0.090000
1479757965510,1.510000,1.500000,3600,1.510000,1400,6.340000,0.090000
1479757967009,1.510000,1.500000,3600,1.510000,1400,6.340000,0.090000
1479757969509,1.510000,1.500000,3600,1.510000,1400,6.340000,0.090000
1479757971063,1.510000,1.500000,3600,1.510000,1400,6.340000,0.090000
1479757973518,1.510000,1.500000,3600,1.510000,1400,6.340000,0.090000
1479757975034,1.510000,1.500000,3600,1.510000,1400,6.340000,0.090000
1479757978007,1.510000,1.500000,3600,1.510000,1400,6.340000,0.090000
1479757980053,1.510000,1.500000,3600,1.510000,1400,6.340000,0.090000
1479757982023,1.510000,1.500000,3600,1.510000,1400,6.340000,0.090000
1479757984034,1.510000,1.500000,3600,1.510000,1400,6.340000,0.090000
1479757986050,1.505000,1.500000,3600,1.510000,1400,5.990000,0.085000
1479757988553,1.505000,1.500000,3600,1.510000,1400,5.990000,0.085000
1479757990535,1.505000,1.500000,3600,1.510000,1400,5.990000,0.085000
1479757992541,1.505000,1.500000,3600,1.510000,1400,5.990000,0.085000
1479757994033,1.505000,1.500000,3600,1.510000,1400,5.990000,0.085000
1479757996549,1.505000,1.500000,3600,1.510000,1400,5.990000,0.085000
1479757998543,1.505000,1.500000,3600,1.510000,1400,5.990000,0.085000
1479758000554,1.500000,1.500000,3600,1.510000,1400,5.630000,0.080000
1479758002621,1.500000,1.500000,3600,1.510000,1400,5.630000,0.080000
1479758005113,1.500000,1.500000,3600,1.510000,1400,5.630000,0.080000
1479758007088,1.500000,1.500000,3600,1.510000,1400,5.630000,0.080000
1479758009066,1.500000,1.500000,3600,1.510000,1400,5.630000,0.080000
1479758011034,1.500000,1.500000,3600,1.510000,1400,5.630000,0.080000
1479758013054,1.500000,1.500000,3600,1.510000,1400,5.630000,0.080000
1479758015074,1.500000,1.500000,3600,1.510000,1400,5.630000,0.080000
1479758017053,1.500000,1.500000,3600,1.510000,1400,5.630000,0.080000
1479758019117,1.500000,1.500000,3600,1.510000,1400,5.630000,0.080000
1479758021076,1.500000,1.500000,3600,1.510000,1400,5.630000,0.080000
1479758023048,1.500000,1.500000,3600,1.510000,1400,5.630000,0.080000
1479758025560,1.500000,1.500000,3600,1.510000,1400,5.630000,0.080000
1479758027594,1.500000,1.500000,3600,1.510000,1400,5.630000,0.080000
1479758029571,1.500000,1.500000,3600,1.510000,1400,5.630000,0.080000
1479758031563,1.500000,1.500000,3600,1.510000,1400,5.630000,0.080000
1479758033070,1.500000,1.500000,3600,1.510000,1400,5.630000,0.080000
1479758035648,1.500000,1.500000,3600,1.510000,1400,5.630000,0.080000
1479758037068,1.500000,1.500000,3600,1.510000,1400,5.630000,0.080000
1479758039569,1.500000,1.500000,3600,1.510000,1400,5.630000,0.080000
1479758041581,1.500000,1.500000,3600,1.510000,1400,5.630000,0.080000
1479758044075,1.500000,1.500000,3600,1.510000,1400,5.630000,0.080000
1479758046066,1.500000,1.500000,3600,1.510000,1400,5.630000,0.080000
1479758048106,1.500000,1.500000,3600,1.510000,1400,5.630000,0.080000
1479758049099,1.500000,1.500000,3600,1.510000,1400,5.630000,0.080000
1479758052398,1.500000,1.500000,3600,1.510000,1400,5.630000,0.080000
1479758054407,1.500000,1.500000,3600,1.510000,1400,5.630000,0.080000
1479758056407,1.500000,1.500000,3600,1.510000,1400,5.630000,0.080000
1479758057912,1.500000,1.500000,3600,1.510000,1400,5.630000,0.080000
1479758059917,1.500000,1.500000,3600,1.510000,1400,5.630000,0.080000
1479758062392,1.500000,1.500000,3600,1.510000,1400,5.630000,0.080000
1479758064411,1.500000,1.500000,3600,1.510000,1400,5.630000,0.080000
1479758065898,1.500000,1.500000,3600,1.510000,1400,5.630000,0.080000
1479758068908,1.500000,1.500000,3600,1.510000,1400,5.630000,0.080000
1479758070909,1.500000,1.500000,3600,1.510000,1400,5.630000,0.080000
1479758072930,1.500000,1.500000,3600,1.510000,1400,5.630000,0.080000
1479758074918,1.500000,1.500000,3600,1.510000,1400,5.630000,0.080000
1479758076947,1.500000,1.500000,3600,1.510000,1400,5.630000,0.080000
1479758078900,1.500000,1.500000,3600,1.510000,1400,5.630000,0.080000
1479758080974,1.500000,1.500000,3600,1.510000,1400,5.630000,0.080000
1479758082910,1.500000,1.500000,3600,1.510000,1400,5.630000,0.080000
1479758084934,1.500000,1.500000,3600,1.510000,1400,5.630000,0.080000
1479758086958,1.500000,1.500000,3600,1.510000,1400,5.630000,0.080000
1479758088950,1.500000,1.500000,3600,1.510000,1400,5.630000,0.080000
1479758090942,1.500000,1.500000,3600,1.510000,1400,5.630000,0.080000
1479758093463,1.500000,1.500000,3600,1.510000,1400,5.630000,0.080000
1479758095454,1.500000,1.500000,3600,1.510000,1400,5.630000,0.080000
1479758097461,1.500000,1.500000,3600,1.510000,1400,5.630000,0.080000
1479758099431,1.500000,1.500000,3600,1.510000,1400,5.630000,0.080000
1479758101481,1.500000,1.500000,3600,1.510000,1400,5.630000,0.080000
1479758103438,1.500000,1.500000,3600,1.510000,1400,5.630000,0.080000
1479758105452,1.500000,1.500000,3600,1.510000,1400,5.630000,0.080000
1479758107439,1.500000,1.500000,3600,1.510000,1400,5.630000,0.080000
1479758108947,1.500000,1.500000,3600,1.510000,1400,5.630000,0.080000
1479758111933,1.500000,1.500000,3600,1.510000,1400,5.630000,0.080000
1479758113437,1.500000,1.500000,3600,1.510000,1400,5.630000,0.080000
1479758115953,1.500000,1.500000,3600,1.510000,1400,5.630000,0.080000
1479758117924,1.500000,1.500000,3600,1.510000,1400,5.630000,0.080000
1479758119934,1.500000,1.500000,3600,1.510000,1400,5.630000,0.080000
1479758121951,1.500000,1.500000,3600,1.510000,1400,5.630000,0.080000
1479758123952,1.500000,1.500000,3600,1.510000,1400,5.630000,0.080000
1479758125437,1.500000,1.500000,3600,1.510000,1400,5.630000,0.080000
1479758127983,1.500000,1.500000,3600,1.510000,1400,5.630000,0.080000
1479758130454,1.500000,1.500000,3600,1.510000,1400,5.630000,0.080000
1479758132442,1.500000,1.500000,3600,1.510000,1400,5.630000,0.080000
1479758134452,1.500000,1.500000,3600,1.510000,1400,5.630000,0.080000
1479758136460,1.500000,1.500000,3600,1.510000,1400,5.630000,0.080000
1479758138462,1.500000,1.500000,3600,1.510000,1400,5.630000,0.080000
1479758140437,1.500000,1.500000,3600,1.510000,1400,5.630000,0.080000
1479758142473,1.500000,1.500000,3600,1.510000,1400,5.630000,0.080000
1479758144467,1.500000,1.500000,3600,1.510000,1400,5.630000,0.080000
1479758146455,1.510000,1.500000,3600,1.510000,1100,6.340000,0.090000
1479758148454,1.510000,1.500000,3600,1.510000,1100,6.340000,0.090000
1479758150492,1.510000,1.500000,3600,1.510000,1100,6.340000,0.090000
1479758152964,1.510000,1.500000,3600,1.510000,1100,6.340000,0.090000
1479758154971,1.510000,1.500000,3600,1.510000,1100,6.340000,0.090000
1479758156968,1.510000,1.500000,3600,1.510000,1100,6.340000,0.090000
1479758159015,1.510000,1.500000,3600,1.510000,1100,6.340000,0.090000
1479758160962,1.510000,1.500000,3600,1.510000,1100,6.340000,0.090000
1479758162994,1.510000,1.500000,3600,1.510000,1100,6.340000,0.090000
1479758164500,1.510000,1.500000,3600,1.510000,1100,6.340000,0.090000
1479758167014,1.510000,1.500000,3600,1.510000,1100,6.340000,0.090000
1479758169020,1.510000,1.500000,3600,1.510000,1100,6.340000,0.090000
1479758171481,1.510000,1.500000,3600,1.510000,1100,6.340000,0.090000
1479758173471,1.510000,1.500000,3600,1.510000,1100,6.340000,0.090000
1479758174985,1.510000,1.500000,3600,1.510000,1100,6.340000,0.090000
1479758177484,1.510000,1.500000,3600,1.510000,1100,6.340000,0.090000
1479758179511,1.510000,1.500000,3600,1.510000,1100,6.340000,0.090000
1479758181482,1.510000,1.500000,3600,1.510000,1100,6.340000,0.090000
1479758183472,1.510000,1.500000,3600,1.510000,1100,6.340000,0.090000
1479758185490,1.510000,1.500000,3600,1.510000,1100,6.340000,0.090000
1479758187491,1.510000,1.500000,3600,1.510000,1100,6.340000,0.090000
1479758190003,1.510000,1.500000,3600,1.510000,1100,6.340000,0.090000
1479758191487,1.510000,1.500000,3600,1.510000,1100,6.340000,0.090000
1479758194000,1.510000,1.500000,3600,1.510000,1100,6.340000,0.090000
1479758196034,1.510000,1.500000,3600,1.510000,1100,6.340000,0.090000
1479758197980,1.510000,1.500000,3600,1.510000,1100,6.340000,0.090000
1479758200018,1.510000,1.500000,3600,1.510000,1100,6.340000,0.090000
1479758202008,1.510000,1.500000,3600,1.510000,1100,6.340000,0.090000
1479758203513,1.510000,1.500000,3600,1.510000,1100,6.340000,0.090000
1479758206008,1.510000,1.500000,3600,1.510000,1100,6.340000,0.090000
1479758207593,1.510000,1.500000,3600,1.510000,1100,6.340000,0.090000
1479758210495,1.510000,1.500000,3600,1.510000,1100,6.340000,0.090000
1479758212508,1.510000,1.500000,3600,1.510000,1100,6.340000,0.090000
1479758214503,1.510000,1.500000,3600,1.510000,1100,6.340000,0.090000
1479758216511,1.510000,1.500000,3600,1.510000,1100,6.340000,0.090000
1479758218545,1.510000,1.500000,3600,1.510000,1100,6.340000,0.090000
1479758220537,1.510000,1.500000,3600,1.510000,1100,6.340000,0.090000
1479758222042,1.510000,1.500000,3600,1.510000,1100,6.340000,0.090000
1479758224505,1.510000,1.500000,3600,1.510000,1100,6.340000,0.090000
1479758226561,1.510000,1.500000,3600,1.510000,1100,6.340000,0.090000
1479758228537,1.510000,1.500000,3600,1.510000,1100,6.340000,0.090000
1479758229536,1.510000,1.500000,3600,1.510000,600,6.340000,0.090000
1479758232998,1.510000,1.500000,3600,1.510000,600,6.340000,0.090000
1479758235051,1.510000,1.500000,3600,1.510000,600,6.340000,0.090000
1479758236020,1.510000,1.500000,3600,1.510000,600,6.340000,0.090000
1479758239021,1.510000,1.500000,3600,1.510000,600,6.340000,0.090000
1479758240540,1.510000,1.500000,3600,1.510000,600,6.340000,0.090000
1479758243040,1.510000,1.500000,3600,1.510000,600,6.340000,0.090000
1479758244992,1.510000,1.500000,3600,1.510000,600,6.340000,0.090000
1479758247036,1.510000,1.500000,3600,1.510000,600,6.340000,0.090000
1479758249515,1.510000,1.500000,3600,1.510000,600,6.340000,0.090000
1479758251033,1.510000,1.500000,3600,1.510000,600,6.340000,0.090000
1479758253542,1.510000,1.500000,3600,1.510000,600,6.340000,0.090000
1479758255529,1.510000,1.500000,3600,1.510000,600,6.340000,0.090000
1479758257025,1.510000,1.500000,3600,1.510000,600,6.340000,0.090000
1479758259524,1.510000,1.500000,3600,1.510000,600,6.340000,0.090000
1479758261528,1.510000,1.500000,3600,1.510000,600,6.340000,0.090000
1479758263507,1.510000,1.500000,3600,1.510000,600,6.340000,0.090000
1479758266053,1.510000,1.500000,3600,1.510000,600,6.340000,0.090000
1479758267548,1.510000,1.500000,3600,1.510000,600,6.340000,0.090000
1479758270056,1.510000,1.500000,3600,1.510000,600,6.340000,0.090000
1479758271524,1.510000,1.500000,3600,1.510000,600,6.340000,0.090000
1479758274057,1.510000,1.500000,3600,1.510000,600,6.340000,0.090000
1479758276044,1.510000,1.500000,3600,1.510000,600,6.340000,0.090000
1479758278055,1.510000,1.500000,3600,1.510000,600,6.340000,0.090000
1479758279520,1.510000,1.500000,3600,1.510000,600,6.340000,0.090000
1479758282051,1.510000,1.500000,3600,1.510000,600,6.340000,0.090000
1479758284077,1.510000,1.500000,3600,1.510000,600,6.340000,0.090000
1479758286069,1.510000,1.500000,3600,1.510000,600,6.340000,0.090000
1479758288541,1.510000,1.500000,3600,1.510000,600,6.340000,0.090000
1479758290034,1.510000,1.500000,3600,1.510000,600,6.340000,0.090000
1479758292583,1.510000,1.500000,3600,1.510000,600,6.340000,0.090000
1479758294071,1.510000,1.500000,3600,1.510000,600,6.340000,0.090000
1479758296543,1.510000,1.500000,3600,1.510000,600,6.340000,0.090000
1479758298054,1.510000,1.500000,3600,1.510000,600,6.340000,0.090000
1479758299102,1.510000,1.500000,3600,1.510000,600,6.340000,0.090000
1479758302889,1.510000,1.500000,3600,1.510000,600,6.340000,0.090000
1479758304897,1.510000,1.500000,3600,1.510000,600,6.340000,0.090000
1479758306389,1.510000,1.500000,3600,1.510000,600,6.340000,0.090000
1479758308901,1.510000,1.500000,3600,1.510000,600,6.340000,0.090000
1479758310944,1.510000,1.500000,3600,1.510000,600,6.340000,0.090000
1479758313393,1.510000,1.500000,3600,1.510000,600,6.340000,0.090000
1479758315395,1.510000,1.500000,3600,1.510000,600,6.340000,0.090000
1479758317396,1.510000,1.500000,3600,1.510000,600,6.340000,0.090000
1479758319421,1.510000,1.500000,3600,1.510000,600,6.340000,0.090000
1479758321400,1.510000,1.500000,3600,1.510000,600,6.340000,0.090000
1479758322903,1.510000,1.500000,3600,1.510000,600,6.340000,0.090000
1479758324945,1.510000,1.500000,3600,1.510000,600,6.340000,0.090000
1479758327409,1.510000,1.500000,3600,1.510000,600,6.340000,0.090000
1479758329462,1.510000,1.500000,3600,1.510000,600,6.340000,0.090000
1479758330902,1.510000,1.500000,3600,1.510000,600,6.340000,0.090000
1479758333913,1.510000,1.500000,3600,1.510000,600,6.340000,0.090000
1479758335430,1.510000,1.500000,3600,1.510000,600,6.340000,0.090000
1479758337935,1.510000,1.500000,3600,1.510000,800,6.340000,0.090000
1479758339916,1.510000,1.500000,3600,1.510000,800,6.340000,0.090000
1479758341936,1.510000,1.500000,3600,1.510000,800,6.340000,0.090000
1479758343906,1.510000,1.500000,3600,1.510000,800,6.340000,0.090000
1479758345933,1.510000,1.500000,3600,1.510000,800,6.340000,0.090000
1479758347899,1.510000,1.500000,3600,1.510000,800,6.340000,0.090000
1479758349940,1.510000,1.500000,3600,1.510000,800,6.340000,0.090000
1479758351927,1.510000,1.500000,3600,1.510000,800,6.340000,0.090000
1479758354436,1.510000,1.500000,3600,1.510000,800,6.340000,0.090000
1479758355965,1.510000,1.500000,3600,1.510000,800,6.340000,0.090000
1479758359412,1.510000,1.500000,3600,1.510000,800,6.340000,0.090000
1479758361431,1.510000,1.500000,3600,1.510000,800,6.340000,0.090000
1479758363430,1.510000,1.500000,3600,1.510000,800,6.340000,0.090000
1479758365424,1.500000,1.500000,3200,1.510000,800,5.630000,0.080000
1479758367923,1.500000,1.500000,3200,1.510000,800,5.630000,0.080000
1479758369416,1.500000,1.500000,3200,1.510000,800,5.630000,0.080000
1479758371966,1.500000,1.500000,3200,1.510000,800,5.630000,0.080000
1479758373967,1.500000,1.500000,3200,1.510000,800,5.630000,0.080000
1479758375953,1.500000,1.500000,3200,1.510000,800,5.630000,0.080000
1479758377958,1.500000,1.500000,3200,1.510000,800,5.630000,0.080000
1479758379960,1.500000,1.500000,3200,1.510000,800,5.630000,0.080000
1479758381938,1.500000,1.500000,3200,1.510000,800,5.630000,0.080000
1479758383456,1.500000,1.500000,3200,1.510000,600,5.630000,0.080000
1479758385953,1.500000,1.500000,3200,1.510000,600,5.630000,0.080000
1479758387967,1.500000,1.500000,3200,1.510000,600,5.630000,0.080000
1479758390452,1.500000,1.500000,3200,1.510000,600,5.630000,0.080000
1479758392461,1.500000,1.500000,3200,1.510000,600,5.630000,0.080000
1479758394438,1.500000,1.500000,3200,1.510000,600,5.630000,0.080000
1479758396441,1.500000,1.500000,3200,1.510000,600,5.630000,0.080000
1479758397454,1.500000,1.500000,3200,1.510000,600,5.630000,0.080000
1479758400434,1.500000,1.500000,3200,1.510000,600,5.630000,0.080000
1479758402457,1.500000,1.500000,3200,1.510000,600,5.630000,0.080000
1479758404955,1.500000,1.500000,3200,1.510000,600,5.630000,0.080000
1479758406915,1.500000,1.500000,3200,1.510000,600,5.630000,0.080000
1479758409006,1.500000,1.500000,3200,1.510000,600,5.630000,0.080000
1479758410962,1.500000,1.500000,3200,1.510000,600,5.630000,0.080000
1479758412961,1.500000,1.500000,3200,1.510000,600,5.630000,0.080000
1479758414964,1.500000,1.500000,3200,1.510000,600,5.630000,0.080000
1479758416979,1.500000,1.500000,3200,1.510000,600,5.630000,0.080000
1479758418514,1.500000,1.500000,3200,1.510000,600,5.630000,0.080000
1479758420976,1.500000,1.500000,3200,1.510000,600,5.630000,0.080000
1479758423499,1.500000,1.500000,3200,1.510000,600,5.630000,0.080000
1479758425032,1.500000,1.500000,3200,1.510000,600,5.630000,0.080000
1479758427486,1.500000,1.500000,3200,1.510000,600,5.630000,0.080000
1479758429480,1.500000,1.500000,3200,1.510000,600,5.630000,0.080000
1479758431482,1.500000,1.500000,3200,1.510000,600,5.630000,0.080000
1479758433490,1.500000,1.500000,3200,1.510000,600,5.630000,0.080000
1479758435470,1.500000,1.500000,3200,1.510000,600,5.630000,0.080000
1479758437500,1.500000,1.500000,3200,1.510000,600,5.630000,0.080000
1479758439462,1.500000,1.500000,3200,1.510000,600,5.630000,0.080000
1479758441491,1.500000,1.500000,3200,1.510000,600,5.630000,0.080000
1479758444017,1.500000,1.500000,3200,1.510000,600,5.630000,0.080000
1479758446031,1.500000,1.500000,3200,1.510000,600,5.630000,0.080000
1479758448007,1.500000,1.500000,3200,1.510000,600,5.630000,0.080000
1479758450025,1.500000,1.500000,3200,1.510000,600,5.630000,0.080000
1479758451973,1.500000,1.500000,3200,1.510000,600,5.630000,0.080000
1479758453974,1.500000,1.500000,3200,1.510000,600,5.630000,0.080000
1479758455987,1.500100,1.500000,3200,1.510000,600,5.640000,0.080100
1479758458018,1.500100,1.500000,3200,1.510000,600,5.640000,0.080100
1479758460009,1.500100,1.500000,3200,1.510000,600,5.640000,0.080100
1479758462065,1.500100,1.500000,3200,1.510000,600,5.640000,0.080100
1479758464006,1.500100,1.500000,3200,1.510000,600,5.640000,0.080100
1479758465994,1.500100,1.500000,3200,1.510000,600,5.640000,0.080100
1479758467548,1.500100,1.500000,3200,1.510000,600,5.640000,0.080100
1479758470489,1.500100,1.500000,3200,1.510000,600,5.640000,0.080100
1479758472506,1.500100,1.500000,3200,1.510000,600,5.640000,0.080100
1479758474497,1.500100,1.500000,3200,1.510000,600,5.640000,0.080100
1479758475525,1.500100,1.500000,3200,1.510000,600,5.640000,0.080100
1479758478552,1.500100,1.500000,3200,1.510000,600,5.640000,0.080100
1479758480504,1.500100,1.500000,3200,1.510000,600,5.640000,0.080100
1479758482537,1.500100,1.500000,3200,1.510000,600,5.640000,0.080100
1479758484527,1.500100,1.500000,3200,1.510000,600,5.640000,0.080100
1479758487017,1.500100,1.500000,3200,1.510000,600,5.640000,0.080100
1479758489004,1.500100,1.500000,3200,1.510000,600,5.640000,0.080100
1479758491071,1.500100,1.500000,3200,1.510000,600,5.640000,0.080100
1479758493048,1.500100,1.500000,3200,1.510000,600,5.640000,0.080100
1479758495095,1.500100,1.500000,3200,1.510000,600,5.640000,0.080100
1479758497093,1.500100,1.500000,3200,1.510000,600,5.640000,0.080100
1479758498516,1.500100,1.500000,3200,1.510000,600,5.640000,0.080100
1479758501016,1.500100,1.500000,3500,1.510000,600,5.640000,0.080100
1479758503030,1.500100,1.500000,3500,1.510000,600,5.640000,0.080100
1479758505043,1.500100,1.500000,3500,1.510000,600,5.640000,0.080100
1479758507038,1.500100,1.500000,3500,1.510000,600,5.640000,0.080100
1479758509507,1.500100,1.500000,3500,1.510000,600,5.640000,0.080100
1479758511540,1.500100,1.500000,3500,1.510000,600,5.640000,0.080100
1479758513047,1.500100,1.500000,3500,1.510000,600,5.640000,0.080100
1479758515047,1.500100,1.500000,3500,1.510000,600,5.640000,0.080100
1479758517590,1.500100,1.500000,3500,1.510000,600,5.640000,0.080100
1479758519508,1.500100,1.500000,3500,1.510000,600,5.640000,0.080100
1479758521579,1.500100,1.500000,3500,1.510000,600,5.640000,0.080100
1479758523553,1.500100,1.500000,3500,1.510000,600,5.640000,0.080100
1479758525552,1.500100,1.500000,3500,1.510000,600,5.640000,0.080100
1479758527557,1.500100,1.500000,3500,1.510000,600,5.640000,0.080100
1479758530076,1.500100,1.500000,3500,1.510000,600,5.640000,0.080100
1479758531058,1.500100,1.500000,3500,1.510000,600,5.640000,0.080100
1479758533603,1.500100,1.500000,3500,1.510000,600,5.640000,0.080100
1479758536105,1.500100,1.500000,3500,1.510000,600,5.640000,0.080100
1479758538131,1.500100,1.500000,3500,1.510000,600,5.640000,0.080100
1479758540047,1.500100,1.500000,3500,1.510000,600,5.640000,0.080100
1479758542042,1.500100,1.500000,3500,1.510000,600,5.640000,0.080100
1479758543578,1.500100,1.500000,3500,1.510000,600,5.640000,0.080100
1479758546054,1.500100,1.500000,3500,1.510000,600,5.640000,0.080100
1479758548566,1.500100,1.500000,3500,1.510000,600,5.640000,0.080100
1479758550608,1.500100,1.500000,3500,1.510000,600,5.640000,0.080100
1479758552589,1.500100,1.500000,3500,1.510000,600,5.640000,0.080100
1479758554575,1.500100,1.500000,3500,1.510000,600,5.640000,0.080100
1479758556586,1.500100,1.500000,3500,1.510000,600,5.640000,0.080100
1479758558584,1.500100,1.500000,3500,1.510000,600,5.640000,0.080100
1479758560893,1.500100,1.500000,3500,1.510000,600,5.640000,0.080100
1479758562910,1.500100,1.500000,3500,1.510000,600,5.640000,0.080100
1479758564892,1.500100,1.500000,3500,1.510000,600,5.640000,0.080100
1479758566905,1.500100,1.500000,3500,1.510000,600,5.640000,0.080100
1479758568909,1.500100,1.500000,3500,1.510000,600,5.640000,0.080100
1479758570918,1.500100,1.500000,3500,1.510000,600,5.640000,0.080100
1479758572900,1.500100,1.500000,3500,1.510000,600,5.640000,0.080100
1479758575416,1.500100,1.500000,3500,1.510000,600,5.640000,0.080100
1479758577425,1.500100,1.500000,3500,1.510000,600,5.640000,0.080100
1479758579406,1.500100,1.500000,3500,1.510000,600,5.640000,0.080100
1479758581425,1.500100,1.500000,3500,1.510000,600,5.640000,0.080100
1479758582905,1.500100,1.500000,3500,1.510000,600,5.640000,0.080100
1479758585403,1.500100,1.500000,3500,1.510000,600,5.640000,0.080100
1479758587439,1.500100,1.500000,3500,1.510000,600,5.640000,0.080100
1479758589461,1.500100,1.500000,3500,1.510000,600,5.640000,0.080100
1479758590899,1.500100,1.500000,3500,1.510000,600,5.640000,0.080100
1479758593394,1.500100,1.500000,3500,1.510000,600,5.640000,0.080100
1479758595907,1.500100,1.500000,3500,1.510000,600,5.640000,0.080100
1479758597933,1.500100,1.500000,3500,1.510000,600,5.640000,0.080100
1479758599915,1.500100,1.500000,3500,1.510000,600,5.640000,0.080100
1479758601952,1.500100,1.500000,3500,1.510000,600,5.640000,0.080100
1479758603932,1.500100,1.500000,3500,1.510000,600,5.640000,0.080100
1479758605922,1.500100,1.500000,3500,1.510000,600,5.640000,0.080100
1479758606952,1.505000,1.500000,3500,1.510000,600,5.990000,0.085000
1479758609949,1.505000,1.500000,3500,1.510000,600,5.990000,0.085000
1479758611935,1.505000,1.500000,3500,1.510000,600,5.990000,0.085000
1479758613945,1.505000,1.500000,3500,1.510000,600,5.990000,0.085000
1479758616445,1.502300,1.500000,2700,1.510000,600,5.800000,0.082300
1479758618421,1.502300,1.500000,2700,1.510000,600,5.800000,0.082300
1479758620436,1.502300,1.500000,2700,1.510000,600,5.800000,0.082300
1479758622448,1.502300,1.500000,2700,1.510000,600,5.800000,0.082300
1479758624438,1.502300,1.500000,2700,1.510000,600,5.800000,0.082300
1479758626451,1.500000,1.500000,2700,1.510000,600,5.630000,0.080000
1479758628462,1.500000,1.500000,2700,1.510000,600,5.630000,0.080000
1479758630426,1.505000,1.500000,2700,1.510000,600,5.990000,0.085000
1479758632467,1.505000,1.500000,2700,1.510000,600,5.990000,0.085000
1479758634416,1.505000,1.500000,2700,1.510000,600,5.990000,0.085000
1479758636948,1.505000,1.500000,2700,1.510000,600,5.990000,0.085000
1479758638961,1.505000,1.500000,2700,1.510000,600,5.990000,0.085000
1479758641002,1.505000,1.500000,2700,1.510000,600,5.990000,0.085000
1479758642986,1.505000,1.500000,2700,1.510000,600,5.990000,0.085000
1479758644942,1.505000,1.500000,2700,1.510000,600,5.990000,0.085000
1479758646918,1.505000,1.500000,2700,1.510000,600,5.990000,0.085000
1479758648964,1.505000,1.500000,2700,1.510000,600,5.990000,0.085000
1479758651453,1.505000,1.500000,2700,1.510000,600,5.990000,0.085000
1479758653482,1.505000,1.500000,2700,1.510000,600,5.990000,0.085000
1479758655440,1.505000,1.500000,2700,1.510000,600,5.990000,0.085000
1479758656953,1.505000,1.500000,2700,1.510000,600,5.990000,0.085000
1479758659461,1.505000,1.500000,2700,1.510000,600,5.990000,0.085000
1479758661467,1.505000,1.500000,2700,1.510000,600,5.990000,0.085000
1479758663463,1.505000,1.500000,2700,1.510000,600,5.990000,0.085000
1479758665471,1.505000,1.500000,2700,1.510000,600,5.990000,0.085000
1479758667469,1.505000,1.500000,2700,1.510000,600,5.990000,0.085000
1479758669500,1.505000,1.500000,2700,1.510000,600,5.990000,0.085000
1479758671479,1.505000,1.500000,2700,1.510000,600,5.990000,0.085000
1479758673468,1.505000,1.500000,2700,1.510000,600,5.990000,0.085000
1479758675967,1.505000,1.500000,2700,1.510000,600,5.990000,0.085000
1479758677971,1.505000,1.500000,2700,1.510000,600,5.990000,0.085000
1479758679981,1.505000,1.500000,2700,1.510000,600,5.990000,0.085000
1479758681959,1.505000,1.500000,2700,1.510000,600,5.990000,0.085000
1479758683487,1.505000,1.500000,2700,1.510000,600,5.990000,0.085000
1479758685497,1.505000,1.500000,2700,1.510000,600,5.990000,0.085000
1479758687967,1.505000,1.500000,2700,1.510000,600,5.990000,0.085000
1479758689965,1.505000,1.500000,2700,1.510000,600,5.990000,0.085000
1479758692469,1.505000,1.500000,2700,1.510000,600,5.990000,0.085000
1479758694471,1.505000,1.500000,2700,1.510000,600,5.990000,0.085000
1479758696488,1.505000,1.500000,2700,1.510000,600,5.990000,0.085000
1479758698475,1.505000,1.500000,2700,1.510000,600,5.990000,0.085000
1479758700486,1.505000,1.500000,2700,1.510000,600,5.990000,0.085000
1479758702526,1.505000,1.500000,2700,1.510000,600,5.990000,0.085000
1479758704512,1.505000,1.500000,2700,1.510000,600,5.990000,0.085000
1479758706515,1.505000,1.500000,2700,1.510000,600,5.990000,0.085000
1479758708483,1.505000,1.500000,2700,1.510000,600,5.990000,0.085000
1479758710479,1.505000,1.500000,2700,1.510000,600,5.990000,0.085000
1479758712530,1.505000,1.500000,2700,1.510000,600,5.990000,0.085000
1479758714997,1.505000,1.500000,2700,1.510000,600,5.990000,0.085000
1479758717005,1.504500,1.500000,2000,1.510000,600,5.950000,0.084500
1479758719010,1.504500,1.500000,2000,1.510000,600,5.950000,0.084500
1479758721499,1.504500,1.500000,2000,1.510000,600,5.950000,0.084500
1479758723535,1.504500,1.500000,5500,1.510000,600,5.950000,0.084500
1479758725503,1.504500,1.500000,5500,1.510000,600,5.950000,0.084500
1479758727510,1.504500,1.500000,5500,1.510000,600,5.950000,0.084500
1479758729024,1.504500,1.500000,5500,1.510000,600,5.950000,0.084500
1479758731500,1.504500,1.500000,5500,1.510000,600,5.950000,0.084500
1479758733504,1.504500,1.500000,5500,1.510000,600,5.950000,0.084500
1479758735511,1.504500,1.500000,5500,1.510000,600,5.950000,0.084500
1479758737575,1.504500,1.500000,5500,1.510000,600,5.950000,0.084500
1479758739513,1.504500,1.500000,5500,1.510000,600,5.950000,0.084500
1479758741568,1.504500,1.500000,5500,1.510000,600,5.950000,0.084500
1479758744039,1.504500,1.500000,5500,1.510000,600,5.950000,0.084500
1479758745531,1.504500,1.500000,5500,1.510000,600,5.950000,0.084500
1479758748012,1.504500,1.500000,5500,1.510000,600,5.950000,0.084500
1479758750004,1.504500,1.500000,5500,1.510000,600,5.950000,0.084500
1479758752044,1.504500,1.500000,5500,1.510000,600,5.950000,0.084500
1479758752521,1.504500,1.500000,5500,1.510000,600,5.950000,0.084500
1479758756012,1.504500,1.500000,5500,1.510000,600,5.950000,0.084500
1479758758020,1.504500,1.500000,5500,1.510000,600,5.950000,0.084500
1479758760552,1.504500,1.500000,5500,1.510000,600,5.950000,0.084500
1479758762529,1.504500,1.500000,5500,1.510000,600,5.950000,0.084500
1479758764536,1.504500,1.500000,5500,1.510000,600,5.950000,0.084500
1479758766581,1.504500,1.500000,5500,1.510000,600,5.950000,0.084500
1479758768525,1.504500,1.500000,5500,1.510000,600,5.950000,0.084500
1479758770075,1.504500,1.500000,5500,1.510000,600,5.950000,0.084500
1479758772048,1.504500,1.500000,5500,1.510000,600,5.950000,0.084500
1479758774539,1.504500,1.500000,5500,1.510000,600,5.950000,0.084500
1479758776538,1.504500,1.500000,5500,1.510000,600,5.950000,0.084500
1479758778514,1.504500,1.500000,5500,1.510000,600,5.950000,0.084500
1479758780530,1.504500,1.500000,5500,1.510000,600,5.950000,0.084500
1479758782523,1.504500,1.500000,5500,1.510000,600,5.950000,0.084500
1479758784046,1.504500,1.500000,5500,1.510000,600,5.950000,0.084500
1479758787072,1.509300,1.500000,5500,1.510000,600,6.290000,0.089300
1479758788537,1.509300,1.500000,5500,1.510000,600,6.290000,0.089300
1479758791058,1.508900,1.500000,5500,1.510000,600,6.260000,0.088900
1479758793046,1.508900,1.500000,5500,1.510000,600,6.260000,0.088900
1479758795023,1.508900,1.500000,5500,1.510000,600,6.260000,0.088900
1479758796566,1.508900,1.500000,5500,1.510000,600,6.260000,0.088900
1479758798604,1.508900,1.500000,5500,1.510000,600,6.260000,0.088900
1479758801067,1.508900,1.500000,5500,1.510000,600,6.260000,0.088900
1479758803542,1.508900,1.500000,5500,1.510000,600,6.260000,0.088900
1479758805072,1.508900,1.500000,5500,1.510000,600,6.260000,0.088900
1479758806048,1.508900,1.500000,5500,1.510000,600,6.260000,0.088900
1479758809599,1.508900,1.500000,5500,1.510000,600,6.260000,0.088900
1479758811547,1.508900,1.500000,5500,1.510000,600,6.260000,0.088900
1479758813604,1.508900,1.500000,5500,1.510000,600,6.260000,0.088900
1479758815150,1.508900,1.500000,5500,1.510000,600,6.260000,0.088900
1479758817904,1.508900,1.500000,5500,1.510000,600,6.260000,0.088900
1479758819905,1.508900,1.500000,5500,1.510000,600,6.260000,0.088900
1479758821394,1.508900,1.500000,5500,1.510000,600,6.260000,0.088900
1479758823900,1.508900,1.500000,5500,1.510000,600,6.260000,0.088900
1479758825900,1.508900,1.500000,5500,1.510000,600,6.260000,0.088900
1479758827914,1.508900,1.500000,5500,1.510000,600,6.260000,0.088900
1479758830417,1.508000,1.500000,5500,1.510000,600,6.200000,0.088000
1479758832435,1.508000,1.500000,5500,1.510000,600,6.200000,0.088000
1479758834398,1.508000,1.500000,5500,1.510000,600,6.200000,0.088000
1479758836396,1.508000,1.500000,5500,1.510000,600,6.200000,0.088000
1479758838405,1.508000,1.500000,5500,1.510000,600,6.200000,0.088000
1479758840414,1.508000,1.500000,5500,1.510000,600,6.200000,0.088000
1479758842400,1.508000,1.500000,5500,1.510000,600,6.200000,0.088000
1479758843945,1.508000,1.500000,5500,1.510000,600,6.200000,0.088000
1479758846443,1.508000,1.500000,5500,1.510000,600,6.200000,0.088000
1479758848409,1.508000,1.500000,5500,1.510000,600,6.200000,0.088000
1479758849914,1.508000,1.500000,5500,1.510000,600,6.200000,0.088000
1479758852938,1.508000,1.500000,5500,1.510000,600,6.200000,0.088000
1479758854435,1.508000,1.500000,5500,1.510000,600,6.200000,0.088000
1479758856946,1.508000,1.500000,5500,1.510000,600,6.200000,0.088000
1479758858946,1.508000,1.500000,5500,1.510000,600,6.200000,0.088000
1479758860922,1.508000,1.500000,5500,1.510000,600,6.200000,0.088000
1479758862930,1.508000,1.500000,5500,1.510000,600,6.200000,0.088000
1479758864928,1.508000,1.500000,5500,1.510000,600,6.200000,0.088000
1479758866973,1.508000,1.500000,5500,1.510000,600,6.200000,0.088000
1479758869450,1.508000,1.500000,5500,1.510000,600,6.200000,0.088000
1479758871459,1.508000,1.500000,5500,1.510000,600,6.200000,0.088000
1479758873469,1.508000,1.500000,5500,1.510000,600,6.200000,0.088000
1479758874932,1.508000,1.500000,5500,1.510000,600,6.200000,0.088000
1479758876946,1.508000,1.500000,5500,1.510000,600,6.200000,0.088000
1479758879421,1.508000,1.500000,5500,1.510000,600,6.200000,0.088000
1479758881447,1.508000,1.500000,5500,1.510000,600,6.200000,0.088000
1479758882961,1.508000,1.500000,5500,1.510000,600,6.200000,0.088000
1479758885954,1.508000,1.500000,5500,1.510000,600,6.200000,0.088000
1479758887993,1.508000,1.500000,5500,1.510000,600,6.200000,0.088000
1479758889945,1.508000,1.500000,5500,1.510000,600,6.200000,0.088000
1479758891991,1.508000,1.500000,5500,1.510000,600,6.200000,0.088000
1479758893437,1.508000,1.500000,5500,1.510000,600,6.200000,0.088000
1479758895958,1.508000,1.500000,5500,1.510000,600,6.200000,0.088000
1479758897957,1.508000,1.500000,5500,1.510000,600,6.200000,0.088000
1479758899935,1.508000,1.500000,5500,1.510000,600,6.200000,0.088000
1479758901966,1.508000,1.500000,5500,1.510000,600,6.200000,0.088000
1479758903974,1.508000,1.500000,5500,1.510000,600,6.200000,0.088000
1479758906463,1.508000,1.500000,5500,1.510000,600,6.200000,0.088000
1479758908488,1.508000,1.500000,5500,1.510000,600,6.200000,0.088000
1479758910475,1.508000,1.500000,5500,1.510000,600,6.200000,0.088000
1479758912472,1.508000,1.500000,5500,1.510000,600,6.200000,0.088000
1479758914501,1.508000,1.500000,5500,1.510000,600,6.200000,0.088000
1479758916533,1.508000,1.500000,5500,1.510000,600,6.200000,0.088000
1479758918451,1.508000,1.500000,5500,1.510000,600,6.200000,0.088000
1479758919962,1.508000,1.500000,5500,1.510000,600,6.200000,0.088000
1479758922433,1.508000,1.500000,5500,1.510000,600,6.200000,0.088000
1479758924478,1.508000,1.500000,5500,1.510000,600,6.200000,0.088000
1479758926986,1.508000,1.500000,5500,1.510000,600,6.200000,0.088000
1479758928970,1.508000,1.500000,5500,1.510000,600,6.200000,0.088000
1479758931012,1.508000,1.500000,5500,1.510000,600,6.200000,0.088000
1479758933001,1.508000,1.500000,5500,1.510000,600,6.200000,0.088000
1479758934976,1.508000,1.500000,5500,1.510000,600,6.200000,0.088000
1479758936977,1.508000,1.500000,5500,1.510000,600,6.200000,0.088000
1479758939004,1.508000,1.500000,5500,1.510000,600,6.200000,0.088000
1479758940962,1.508000,1.500000,5500,1.510000,600,6.200000,0.088000
1479758942477,1.508000,1.500000,5500,1.510000,600,6.200000,0.088000
1479758944993,1.508000,1.500000,5500,1.510000,600,6.200000,0.088000
1479758947001,1.508000,1.500000,5500,1.510000,600,6.200000,0.088000
1479758949460,1.508000,1.500000,5500,1.510000,600,6.200000,0.088000
1479758951486,1.505000,1.500000,5500,1.510000,400,5.990000,0.085000
1479758953490,1.505000,1.500000,5500,1.510000,400,5.990000,0.085000
1479758955544,1.505000,1.500000,5500,1.510000,400,5.990000,0.085000
1479758956997,1.505000,1.500000,5500,1.510000,400,5.990000,0.085000
1479758959520,1.505000,1.500000,5500,1.510000,400,5.990000,0.085000
1479758961537,1.505000,1.500000,5500,1.510000,400,5.990000,0.085000
1479758962479,1.505000,1.500000,5500,1.510000,400,5.990000,0.085000
1479758966020,1.505000,1.500000,5500,1.510000,400,5.990000,0.085000
1479758968007,1.505000,1.500000,5500,1.510000,400,5.990000,0.085000
1479758969980,1.505000,1.500000,5500,1.510000,400,5.990000,0.085000
1479758971497,1.505000,1.500000,5500,1.510000,400,5.990000,0.085000
1479758974009,1.505000,1.500000,5500,1.510000,400,5.990000,0.085000
1479758975539,1.505000,1.500000,5500,1.510000,400,5.990000,0.085000
1479758977515,1.509000,1.500000,5500,1.510000,400,6.270000,0.089000
1479758980014,1.509000,1.500000,5500,1.510000,400,6.270000,0.089000
1479758982018,1.509000,1.500000,5500,1.510000,400,6.270000,0.089000
1479758983994,1.509000,1.500000,5500,1.510000,400,6.270000,0.089000
1479758986003,1.509000,1.500000,5500,1.510000,400,6.270000,0.089000
1479758988021,1.509000,1.500000,5500,1.510000,400,6.270000,0.089000
1479758990038,1.505000,1.500000,5500,1.510000,400,5.990000,0.085000
1479758992523,1.505000,1.500000,5500,1.510000,400,5.990000,0.085000
1479758994532,1.505000,1.500000,5500,1.510000,400,5.990000,0.085000
1479758996531,1.505000,1.500000,5500,1.510000,400,5.990000,0.085000
1479758998535,1.505000,1.500000,5500,1.510000,400,5.990000,0.085000
1479759000023,1.505000,1.500000,5500,1.510000,400,5.990000,0.085000
1479759002583,1.505000,1.500000,5500,1.510000,400,5.990000,0.085000
1479759004554,1.505000,1.500000,5500,1.510000,400,5.990000,0.085000
1479759006532,1.505000,1.500000,5500,1.510000,400,5.990000,0.085000
1479759009019,1.505000,1.500000,5500,1.510000,400,5.990000,0.085000
1479759011020,1.505000,1.500000,5500,1.510000,400,5.990000,0.085000
1479759012511,1.505000,1.500000,5500,1.510000,400,5.990000,0.085000
1479759015038,1.505000,1.500000,5500,1.510000,400,5.990000,0.085000
1479759017048,1.505000,1.500000,5500,1.510000,400,5.990000,0.085000
1479759019014,1.505000,1.500000,5500,1.510000,400,5.990000,0.085000
1479759020580,1.505000,1.500000,5500,1.510000,400,5.990000,0.085000
1479759022543,1.505000,1.500000,5500,1.510000,400,5.990000,0.085000
1479759025051,1.505000,1.500000,5500,1.510000,400,5.990000,0.085000
1479759027519,1.505000,1.500000,5500,1.510000,400,5.990000,0.085000
1479759029526,1.505000,1.500000,5500,1.510000,400,5.990000,0.085000
1479759031539,1.505000,1.500000,5500,1.510000,400,5.990000,0.085000
1479759033539,1.505000,1.500000,5500,1.510000,400,5.990000,0.085000
1479759035537,1.505000,1.500000,5500,1.510000,400,5.990000,0.085000
1479759037597,1.505000,1.500000,5500,1.510000,400,5.990000,0.085000
1479759039545,1.505000,1.500000,5500,1.510000,400,5.990000,0.085000
1479759041576,1.500000,1.500000,5500,1.510000,400,5.630000,0.080000
1479759043533,1.500000,1.500000,5500,1.510000,400,5.630000,0.080000
1479759046038,1.500000,1.500000,5500,1.510000,400,5.630000,0.080000
1479759048077,1.500000,1.500000,5500,1.510000,400,5.630000,0.080000
1479759050101,1.500000,1.500000,5500,1.510000,400,5.630000,0.080000
1479759050580,1.500000,1.500000,5500,1.510000,400,5.630000,0.080000
1479759054093,1.500000,1.500000,5500,1.510000,400,5.630000,0.080000
1479759056044,1.500000,1.500000,5500,1.510000,400,5.630000,0.080000
1479759058097,1.500000,1.500000,5500,1.510000,400,5.630000,0.080000
1479759060054,1.500000,1.500000,5500,1.510000,400,5.630000,0.080000
1479759062077,1.500000,1.500000,5500,1.510000,400,5.630000,0.080000
1479759064042,1.500000,1.500000,5500,1.510000,400,5.630000,0.080000
1479759066047,1.500000,1.500000,5500,1.510000,400,5.630000,0.080000
1479759068144,1.500000,1.500000,5500,1.510000,400,5.630000,0.080000
1479759069079,1.500000,1.500000,5500,1.510000,400,5.630000,0.080000
1479759072074,1.500000,1.500000,5500,1.510000,400,5.630000,0.080000
1479759074907,1.500000,1.500000,5500,1.510000,400,5.630000,0.080000
1479759076917,1.500000,1.500000,5500,1.510000,400,5.630000,0.080000
1479759078891,1.500000,1.500000,5500,1.510000,400,5.630000,0.080000
1479759080898,1.500000,1.500000,5500,1.510000,400,5.630000,0.080000
1479759082899,1.500000,1.500000,5500,1.510000,400,5.630000,0.080000
1479759084891,1.500000,1.500000,5500,1.510000,400,5.630000,0.080000
1479759086899,1.500000,1.500000,5500,1.510000,400,5.630000,0.080000
1479759088933,1.500000,1.500000,5500,1.510000,400,5.630000,0.080000
1479759090416,1.500000,1.500000,5500,1.510000,400,5.630000,0.080000
1479759092891,1.500000,1.500000,5500,1.510000,400,5.630000,0.080000
1479759095420,1.500000,1.500000,5500,1.510000,400,5.630000,0.080000
1479759097408,1.500000,1.500000,5500,1.510000,400,5.630000,0.080000
1479759099426,1.500000,1.500000,5500,1.510000,400,5.630000,0.080000
1479759101408,1.500000,1.500000,5500,1.510000,400,5.630000,0.080000
1479759103403,1.500000,1.500000,5500,1.510000,400,5.630000,0.080000
1479759105423,1.500000,1.500000,5500,1.510000,400,5.630000,0.080000
1479759107480,1.500000,1.500000,5500,1.510000,400,5.630000,0.080000
1479759108942,1.500000,1.500000,5500,1.510000,400,5.630000,0.080000
1479759111421,1.500000,1.500000,5500,1.510000,400,5.630000,0.080000
1479759113418,1.500000,1.500000,5500,1.510000,400,5.630000,0.080000
1479759115930,1.500000,1.500000,5500,1.510000,400,5.630000,0.080000
1479759117932,1.500000,1.500000,5500,1.510000,400,5.630000,0.080000
1479759119915,1.500000,1.500000,5500,1.510000,400,5.630000,0.080000
1479759121435,1.500000,1.500000,5500,1.510000,400,5.630000,0.080000
1479759123490,1.500000,1.500000,5500,1.510000,400,5.630000,0.080000
1479759125944,1.500000,1.500000,5500,1.510000,400,5.630000,0.080000
1479759127946,1.500000,1.500000,5500,1.510000,400,5.630000,0.080000
1479759129947,1.500000,1.500000,5500,1.510000,400,5.630000,0.080000
1479759131965,1.500000,1.500000,5500,1.510000,400,5.630000,0.080000
1479759133941,1.500000,1.500000,5500,1.510000,400,5.630000,0.080000
1479759136442,1.500000,1.500000,5500,1.510000,400,5.630000,0.080000
1479759138438,1.500000,1.500000,5500,1.510000,400,5.630000,0.080000
1479759139979,1.500000,1.500000,5500,1.510000,400,5.630000,0.080000
1479759142480,1.500000,1.500000,5500,1.510000,400,5.630000,0.080000
1479759144493,1.500000,1.500000,5500,1.510000,400,5.630000,0.080000
1479759146437,1.500000,1.500000,5500,1.510000,400,5.630000,0.080000
1479759148450,1.500000,1.500000,5500,1.510000,400,5.630000,0.080000
1479759150450,1.500000,1.500000,5500,1.510000,400,5.630000,0.080000
1479759152469,1.500000,1.500000,5500,1.510000,400,5.630000,0.080000
1479759154540,1.500000,1.500000,5500,1.510000,400,5.630000,0.080000
1479759156497,1.500000,1.500000,5500,1.510000,400,5.630000,0.080000
1479759158970,1.500000,1.500000,5500,1.510000,400,5.630000,0.080000
1479759160945,1.500000,1.500000,5500,1.510000,400,5.630000,0.080000
1479759161931,1.500000,1.500000,5500,1.510000,400,5.630000,0.080000
1479759164446,1.500000,1.500000,5500,1.510000,400,5.630000,0.080000
1479759166972,1.500000,1.500000,5500,1.510000,400,5.630000,0.080000
1479759168977,1.500000,1.500000,5500,1.510000,400,5.630000,0.080000
1479759170963,1.500000,1.500000,5500,1.510000,400,5.630000,0.080000
1479759172951,1.500000,1.500000,3500,1.510000,400,5.630000,0.080000
1479759174954,1.500000,1.500000,3500,1.510000,400,5.630000,0.080000
1479759176992,1.500000,1.500000,3500,1.510000,400,5.630000,0.080000
1479759178479,1.500000,1.500000,3500,1.510000,400,5.630000,0.080000
1479759181447,1.500000,1.500000,3500,1.510000,400,5.630000,0.080000
1479759183484,1.500000,1.500000,3500,1.510000,400,5.630000,0.080000
1479759185472,1.500000,1.500000,3500,1.510000,400,5.630000,0.080000
1479759187438,1.500000,1.500000,3500,1.510000,400,5.630000,0.080000
1479759189471,1.500000,1.500000,3500,1.510000,400,5.630000,0.080000
1479759190960,1.500000,1.500000,3500,1.510000,400,5.630000,0.080000
1479759192960,1.500000,1.500000,3500,1.510000,400,5.630000,0.080000
1479759195482,1.500000,1.500000,3500,1.510000,400,5.630000,0.080000
1479759197951,1.500000,1.500000,3500,1.510000,400,5.630000,0.080000
1479759199964,1.500000,1.500000,3500,1.510000,400,5.630000,0.080000
1479759200493,1.500000,1.500000,3500,1.510000,400,5.630000,0.080000
1479759203964,1.500000,1.500000,3500,1.510000,400,5.630000,0.080000
1479759205975,1.500000,1.500000,3500,1.510000,400,5.630000,0.080000
1479759207503,1.500000,1.500000,3500,1.510000,400,5.630000,0.080000
1479759209463,1.500000,1.500000,3500,1.510000,400,5.630000,0.080000
1479759211985,1.500000,1.500000,3500,1.510000,400,5.630000,0.080000
1479759213018,1.500000,1.500000,3500,1.510000,400,5.630000,0.080000
1479759215976,1.500000,1.500000,3500,1.510000,400,5.630000,0.080000
1479759217972,1.500000,1.500000,3500,1.510000,400,5.630000,0.080000
1479759220024,1.500000,1.500000,3500,1.510000,400,5.630000,0.080000
1479759222478,1.500000,1.500000,3500,1.510000,400,5.630000,0.080000
1479759224502,1.500000,1.500000,3500,1.510000,400,5.630000,0.080000
1479759225514,1.500000,1.500000,3500,1.510000,400,5.630000,0.080000
1479759227505,1.500000,1.500000,3500,1.510000,400,5.630000,0.080000
1479759230497,1.500000,1.500000,3500,1.510000,400,5.630000,0.080000
1479759232486,1.500000,1.500000,3500,1.510000,400,5.630000,0.080000
1479759234497,1.500000,1.500000,3500,1.510000,400,5.630000,0.080000
1479759236510,1.500000,1.500000,3500,1.510000,400,5.630000,0.080000
1479759238485,1.500000,1.500000,3500,1.510000,400,5.630000,0.080000
1479759240488,1.500000,1.500000,3500,1.510000,400,5.630000,0.080000
1479759241998,1.500000,1.500000,3500,1.510000,400,5.630000,0.080000
1479759245024,1.500000,1.500000,3500,1.510000,400,5.630000,0.080000
1479759247010,1.500000,1.500000,3500,1.510000,400,5.630000,0.080000
1479759248979,1.500000,1.500000,3500,1.510000,400,5.630000,0.080000
1479759251002,1.500000,1.500000,3500,1.510000,400,5.630000,0.080000
1479759252991,1.500000,1.500000,3500,1.510000,400,5.630000,0.080000
1479759255034,1.500000,1.500000,3500,1.510000,400,5.630000,0.080000
1479759257014,1.500000,1.500000,3500,1.510000,400,5.630000,0.080000
1479759258017,1.500000,1.500000,3500,1.510000,400,5.630000,0.080000
1479759260030,1.500000,1.500000,3500,1.510000,400,5.630000,0.080000
1479759263021,1.500000,1.500000,3500,1.510000,400,5.630000,0.080000
1479759265514,1.500000,1.500000,3500,1.510000,400,5.630000,0.080000
1479759267491,1.500000,1.500000,3500,1.510000,400,5.630000,0.080000
1479759269020,1.500000,1.500000,3500,1.510000,400,5.630000,0.080000
1479759271578,1.500000,1.500000,3500,1.510000,400,5.630000,0.080000
1479759272071,1.500000,1.500000,3500,1.510000,400,5.630000,0.080000
1479759275571,1.500000,1.500000,3500,1.510000,400,5.630000,0.080000
1479759277511,1.500000,1.500000,3500,1.510000,400,5.630000,0.080000
1479759279014,1.500000,1.500000,3500,1.510000,400,5.630000,0.080000
1479759281510,1.500000,1.500000,3500,1.510000,400,5.630000,0.080000
1479759283025,1.500000,1.500000,3500,1.510000,400,5.630000,0.080000
1479759285021,1.500000,1.500000,3500,1.510000,400,5.630000,0.080000
1479759287999,1.500000,1.500000,3500,1.510000,400,5.630000,0.080000
1479759288546,1.500000,1.500000,3500,1.510000,400,5.630000,0.080000
1479759292025,1.505000,1.500000,3500,1.510000,400,5.990000,0.085000
1479759294519,1.505000,1.500000,3500,1.510000,400,5.990000,0.085000
1479759296029,1.505000,1.500000,3500,1.510000,400,5.990000,0.085000
1479759298553,1.505000,1.500000,3500,1.510000,400,5.990000,0.085000
1479759300527,1.505000,1.500000,3500,1.510000,400,5.990000,0.085000
1479759302567,1.505000,1.500000,3500,1.510000,400,5.990000,0.085000
1479759304590,1.505000,1.500000,3500,1.510000,400,5.990000,0.085000
1479759306529,1.505000,1.500000,3500,1.510000,400,5.990000,0.085000
1479759308553,1.505000,1.500000,3500,1.510000,400,5.990000,0.085000
1479759311048,1.505000,1.500000,3500,1.510000,400,5.990000,0.085000
1479759313044,1.509300,1.500000,3500,1.510000,300,6.290000,0.089300
1479759314573,1.509300,1.500000,3500,1.510000,300,6.290000,0.089300
1479759317051,1.509300,1.500000,3500,1.510000,300,6.290000,0.089300
1479759318584,1.509300,1.500000,3500,1.510000,300,6.290000,0.089300
1479759321071,1.509300,1.500000,3500,1.510000,300,6.290000,0.089300
1479759322548,1.509300,1.500000,3500,1.510000,300,6.290000,0.089300
1479759325037,1.509300,1.500000,3500,1.510000,300,6.290000,0.089300
1479759327068,1.509300,1.500000,3500,1.510000,300,6.290000,0.089300
1479759329070,1.509300,1.500000,3500,1.510000,300,6.290000,0.089300
1479759331111,1.509300,1.500000,3500,1.510000,300,6.290000,0.089300
1479759333548,1.509300,1.500000,3500,1.510000,300,6.290000,0.089300
1479759335592,1.509300,1.500000,3500,1.510000,300,6.290000,0.089300
1479759336542,1.509300,1.500000,3500,1.510000,300,6.290000,0.089300
1479759339895,1.509300,1.500000,3500,1.510000,300,6.290000,0.089300
1479759341898,1.509300,1.500000,3500,1.510000,300,6.290000,0.089300
1479759343921,1.509300,1.500000,3500,1.510000,300,6.290000,0.089300
1479759345906,1.509300,1.500000,3500,1.510000,300,6.290000,0.089300
1479759346913,1.509300,1.500000,3500,1.510000,300,6.290000,0.089300
1479759348910,1.500000,1.500000,3500,1.510000,300,5.630000,0.080000
1479759351405,1.500000,1.500000,3500,1.510000,300,5.630000,0.080000
1479759353904,1.500000,1.500000,3500,1.510000,300,5.630000,0.080000
1479759355904,1.500000,1.500000,3500,1.510000,300,5.630000,0.080000
1479759357931,1.500000,1.500000,3500,1.510000,300,5.630000,0.080000
1479759359417,1.500000,1.500000,3500,1.510000,300,5.630000,0.080000
1479759362458,1.500000,1.500000,3500,1.510000,300,5.630000,0.080000
1479759363926,1.500000,1.500000,3500,1.510000,300,5.630000,0.080000
1479759366397,1.500000,1.500000,3500,1.510000,300,5.630000,0.080000
1479759368428,1.500000,1.500000,4500,1.510000,300,5.630000,0.080000
1479759370427,1.500000,1.500000,4500,1.510000,300,5.630000,0.080000
1479759372441,1.500000,1.500000,4500,1.510000,300,5.630000,0.080000
1479759374458,1.500000,1.500000,4500,1.510000,300,5.630000,0.080000
1479759376432,1.500000,1.500000,4500,1.510000,300,5.630000,0.080000
1479759378442,1.500000,1.500000,4500,1.510000,300,5.630000,0.080000
1479759380438,1.500000,1.500000,4500,1.510000,300,5.630000,0.080000
1479759382425,1.500000,1.500000,4500,1.510000,300,5.630000,0.080000
1479759384940,1.500000,1.500000,4500,1.510000,300,5.630000,0.080000
1479759386921,1.500000,1.500000,4500,1.510000,300,5.630000,0.080000
1479759388962,1.500000,1.500000,4500,1.510000,300,5.630000,0.080000
1479759390916,1.500000,1.500000,4500,1.510000,300,5.630000,0.080000
1479759392966,1.500000,1.500000,4500,1.510000,300,5.630000,0.080000
1479759394932,1.500000,1.500000,4500,1.510000,300,5.630000,0.080000
1479759396939,1.500000,1.500000,4500,1.510000,300,5.630000,0.080000
1479759398438,1.500000,1.500000,4500,1.510000,300,5.630000,0.080000
1479759401446,1.500000,1.500000,4500,1.510000,300,5.630000,0.080000
1479759402938,1.500000,1.500000,4500,1.510000,300,5.630000,0.080000
1479759405460,1.500000,1.500000,4500,1.510000,300,5.630000,0.080000
1479759407416,1.500000,1.500000,4500,1.510000,300,5.630000,0.080000
1479759409421,1.505000,1.500000,4500,1.510000,300,5.990000,0.085000
1479759411453,1.505000,1.500000,4500,1.510000,300,5.990000,0.085000
1479759413449,1.505000,1.500000,4500,1.510000,300,5.990000,0.085000
1479759415486,1.505000,1.500000,4500,1.510000,300,5.990000,0.085000
1479759416963,1.505000,1.500000,4500,1.510000,300,5.990000,0.085000
1479759419968,1.505000,1.500000,4500,1.510000,300,5.990000,0.085000
1479759421964,1.505000,1.500000,4500,1.510000,300,5.990000,0.085000
1479759423963,1.505000,1.500000,4500,1.510000,300,5.990000,0.085000
1479759425946,1.505000,1.500000,4500,1.510000,300,5.990000,0.085000
1479759427462,1.505000,1.500000,4500,1.510000,300,5.990000,0.085000
1479759429976,1.505000,1.500000,4500,1.510000,300,5.990000,0.085000
1479759431973,1.505000,1.500000,4500,1.510000,300,5.990000,0.085000
1479759434465,1.505000,1.500000,4500,1.510000,300,5.990000,0.085000
1479759436461,1.505000,1.500000,4500,1.510000,300,5.990000,0.085000
1479759438453,1.505000,1.500000,4500,1.510000,300,5.990000,0.085000
1479759440461,1.505000,1.500000,4500,1.510000,300,5.990000,0.085000
1479759442500,1.505000,1.500000,4500,1.510000,300,5.990000,0.085000
1479759444463,1.505000,1.500000,4500,1.510000,300,5.990000,0.085000
1479759446471,1.505000,1.500000,4500,1.510000,300,5.990000,0.085000
1479759447551,1.505000,1.500000,4500,1.510000,300,5.990000,0.085000
1479759450465,1.505000,1.500000,4500,1.510000,300,5.990000,0.085000
1479759452482,1.505000,1.500000,4500,1.510000,300,5.990000,0.085000
1479759454469,1.505000,1.500000,4500,1.510000,300,5.990000,0.085000
1479759456977,1.505000,1.500000,4500,1.510000,300,5.990000,0.085000
1479759458990,1.505000,1.500000,4500,1.510000,300,5.990000,0.085000
1479759460975,1.505000,1.500000,4500,1.510000,300,5.990000,0.085000
1479759462982,1.505000,1.500000,4500,1.510000,300,5.990000,0.085000
1479759464978,1.505000,1.500000,4500,1.510000,300,5.990000,0.085000
1479759467006,1.505000,1.500000,4500,1.510000,300,5.990000,0.085000
1479759467498,1.505000,1.500000,4500,1.510000,300,5.990000,0.085000
1479759470979,1.505000,1.500000,4500,1.510000,300,5.990000,0.085000
1479759472968,1.505000,1.500000,4500,1.510000,300,5.990000,0.085000
1479759474996,1.505000,1.500000,4500,1.510000,300,5.990000,0.085000
1479759477014,1.505000,1.500000,4500,1.510000,300,5.990000,0.085000
1479759479494,1.505000,1.500000,4500,1.510000,300,5.990000,0.085000
1479759481473,1.505000,1.500000,4500,1.510000,300,5.990000,0.085000
1479759483509,1.500000,1.500000,4400,1.510000,300,5.630000,0.080000
1479759485470,1.500000,1.500000,4400,1.510000,300,5.630000,0.080000
1479759487504,1.500000,1.500000,4400,1.510000,300,5.630000,0.080000
1479759488500,1.500000,1.500000,4400,1.510000,300,5.630000,0.080000
1479759491557,1.500000,1.500000,4400,1.510000,200,5.630000,0.080000
1479759493004,1.500000,1.500000,4400,1.510000,300,5.630000,0.080000
1479759495532,1.500000,1.500000,4400,1.510000,300,5.630000,0.080000
1479759497507,1.500000,1.500000,4400,1.510000,300,5.630000,0.080000
1479759500014,1.500000,1.500000,4400,1.510000,300,5.630000,0.080000
1479759502009,1.500000,1.500000,4400,1.510000,300,5.630000,0.080000
1479759504005,1.500000,1.500000,4400,1.510000,300,5.630000,0.080000
1479759506004,1.500000,1.500000,4200,1.510000,300,5.630000,0.080000
1479759508009,1.500000,1.500000,4200,1.510000,300,5.630000,0.080000
1479759509528,1.500000,1.500000,4200,1.510000,300,5.630000,0.080000
1479759512047,1.505000,1.500000,4200,1.510000,300,5.990000,0.085000
1479759514052,1.505000,1.500000,4200,1.510000,300,5.990000,0.085000
1479759516030,1.505000,1.500000,4200,1.510000,300,5.990000,0.085000
1479759518522,1.505000,1.500000,4200,1.510000,300,5.990000,0.085000
1479759520557,1.505000,1.500000,4200,1.510000,300,5.990000,0.085000
1479759522569,1.505000,1.500000,4200,1.510000,300,5.990000,0.085000
1479759524536,1.505000,1.500000,4200,1.510000,300,5.990000,0.085000
1479759526529,1.505000,1.500000,4200,1.510000,300,5.990000,0.085000
1479759528519,1.505000,1.500000,4200,1.510000,300,5.990000,0.085000
1479759530014,1.505000,1.500000,4200,1.510000,300,5.990000,0.085000
1479759532518,1.505000,1.500000,4200,1.510000,300,5.990000,0.085000
1479759533561,1.505000,1.500000,4200,1.510000,300,5.990000,0.085000
1479759536568,1.505000,1.500000,4200,1.510000,300,5.990000,0.085000
1479759538066,1.505000,1.500000,4200,1.510000,300,5.990000,0.085000
1479759540553,1.505000,1.500000,4200,1.510000,300,5.990000,0.085000
1479759543052,1.505000,1.500000,4200,1.510000,300,5.990000,0.085000
1479759545041,1.505000,1.500000,4200,1.510000,300,5.990000,0.085000
1479759547041,1.505000,1.500000,4200,1.510000,300,5.990000,0.085000
1479759549025,1.505000,1.500000,4200,1.510000,300,5.990000,0.085000
1479759551109,1.505000,1.500000,4200,1.510000,300,5.990000,0.085000
1479759553117,1.505000,1.500000,4200,1.510000,300,5.990000,0.085000
1479759555534,1.505000,1.500000,4200,1.510000,300,5.990000,0.085000
1479759557553,1.505000,1.500000,4200,1.510000,300,5.990000,0.085000
1479759559571,1.505000,1.500000,4200,1.510000,300,5.990000,0.085000
1479759561569,1.505000,1.500000,4200,1.510000,300,5.990000,0.085000
1479759563558,1.505000,1.500000,4200,1.510000,300,5.990000,0.085000
1479759565592,1.505000,1.500000,4200,1.510000,300,5.990000,0.085000
1479759567059,1.505000,1.500000,4200,1.510000,300,5.990000,0.085000
1479759569067,1.505000,1.500000,4200,1.510000,300,5.990000,0.085000
1479759571560,1.505000,1.500000,4200,1.510000,300,5.990000,0.085000
1479759573571,1.505000,1.500000,4200,1.510000,300,5.990000,0.085000
1479759575562,1.505000,1.500000,4200,1.510000,300,5.990000,0.085000
1479759578043,1.505000,1.500000,4200,1.510000,300,5.990000,0.085000
1479759579105,1.505000,1.500000,4200,1.510000,300,5.990000,0.085000
1479759581087,1.505000,1.500000,4200,1.510000,300,5.990000,0.085000
1479759584130,1.505000,1.500000,4200,1.510000,300,5.990000,0.085000
1479759586076,1.505000,1.500000,4200,1.510000,300,5.990000,0.085000
1479759588413,1.505000,1.500000,4200,1.510000,300,5.990000,0.085000
1479759590404,1.505000,1.500000,4200,1.510000,300,5.990000,0.085000
1479759592398,1.505000,1.500000,4200,1.510000,300,5.990000,0.085000
1479759594407,1.505000,1.500000,4200,1.510000,300,5.990000,0.085000
1479759596404,1.505000,1.500000,4200,1.510000,300,5.990000,0.085000
1479759598397,1.505000,1.500000,4200,1.510000,300,5.990000,0.085000
1479759600432,1.505000,1.500000,4200,1.510000,300,5.990000,0.085000
1479759601916,1.505000,1.500000,4200,1.510000,300,5.990000,0.085000
1479759604411,1.505000,1.500000,4200,1.510000,300,5.990000,0.085000
1479759606920,1.505000,1.500000,4200,1.510000,300,5.990000,0.085000
1479759608912,1.505000,1.500000,4200,1.510000,300,5.990000,0.085000
1479759610932,1.505000,1.500000,4200,1.510000,300,5.990000,0.085000
1479759612906,1.505000,1.500000,4200,1.510000,300,5.990000,0.085000
1479759614918,1.505000,1.500000,4200,1.510000,300,5.990000,0.085000
1479759616930,1.505000,1.500000,4200,1.510000,300,5.990000,0.085000
1479759618909,1.505000,1.500000,4200,1.510000,300,5.990000,0.085000
1479759620903,1.505000,1.500000,4200,1.510000,300,5.990000,0.085000
1479759622937,1.505000,1.500000,4200,1.510000,300,5.990000,0.085000
1479759625446,1.505000,1.500000,4200,1.510000,300,5.990000,0.085000
1479759627446,1.505000,1.500000,4200,1.510000,300,5.990000,0.085000
1479759629448,1.505000,1.500000,4200,1.510000,300,5.990000,0.085000
1479759631435,1.505000,1.500000,4200,1.510000,300,5.990000,0.085000
1479759633435,1.505000,1.500000,4200,1.510000,300,5.990000,0.085000
1479759635443,1.505000,1.500000,4200,1.510000,300,5.990000,0.085000
1479759637417,1.505000,1.500000,4200,1.510000,300,5.990000,0.085000
1479759638942,1.505000,1.500000,4200,1.510000,300,5.990000,0.085000
1479759641473,1.505000,1.500000,4200,1.510000,300,5.990000,0.085000
1479759643944,1.505000,1.500000,4200,1.510000,300,5.990000,0.085000
1479759645962,1.505000,1.500000,4200,1.510000,300,5.990000,0.085000
1479759647436,1.505000,1.500000,4200,1.510000,300,5.990000,0.085000
1479759649977,1.505000,1.500000,4200,1.510000,300,5.990000,0.085000
1479759651940,1.505000,1.500000,4200,1.510000,300,5.990000,0.085000
1479759653923,1.505000,1.500000,4200,1.510000,300,5.990000,0.085000
1479759655913,1.500000,1.500000,1300,1.510000,300,5.630000,0.080000
1479759657947,1.500000,1.500000,1300,1.510000,300,5.630000,0.080000
1479759659940,1.500000,1.500000,1300,1.510000,300,5.630000,0.080000
1479759661961,1.500000,1.500000,1300,1.510000,300,5.630000,0.080000
1479759663456,1.500000,1.500000,1300,1.510000,300,5.630000,0.080000
1479759665953,1.500000,1.500000,1300,1.510000,300,5.630000,0.080000
1479759667457,1.500000,1.500000,1300,1.510000,300,5.630000,0.080000
1479759670460,1.500000,1.500000,1300,1.510000,300,5.630000,0.080000
1479759672437,1.500000,1.500000,1300,1.510000,300,5.630000,0.080000
1479759674435,1.500000,1.500000,1300,1.510000,300,5.630000,0.080000
1479759676468,1.500000,1.500000,1300,1.510000,300,5.630000,0.080000
1479759678460,1.491000,1.490000,2000,1.510000,300,5.000000,0.071000
1479759680466,1.491000,1.490000,2000,1.510000,300,5.000000,0.071000
1479759682471,1.491000,1.490000,2500,1.510000,300,5.000000,0.071000
1479759683470,1.491000,1.490000,2500,1.510000,300,5.000000,0.071000
1479759686478,1.491000,1.490000,2500,1.510000,300,5.000000,0.071000
1479759688975,1.491000,1.490000,2500,1.510000,300,5.000000,0.071000
1479759690984,1.491000,1.490000,2500,1.510000,300,5.000000,0.071000
1479759692978,1.491000,1.490000,2500,1.510000,300,5.000000,0.071000
1479759694966,1.491000,1.490000,2500,1.510000,300,5.000000,0.071000
1479759696960,1.491000,1.490000,2500,1.510000,300,5.000000,0.071000
1479759697982,1.491000,1.490000,2500,1.510000,300,5.000000,0.071000
1479759700973,1.491000,1.490000,2500,1.510000,300,5.000000,0.071000
1479759702967,1.491000,1.490000,2500,1.510000,300,5.000000,0.071000
1479759704977,1.491000,1.490000,2500,1.510000,300,5.000000,0.071000
1479759706978,1.491000,1.490000,2500,1.510000,300,5.000000,0.071000
1479759709453,1.491000,1.490000,2500,1.510000,300,5.000000,0.071000
1479759711477,1.491000,1.490000,2500,1.510000,300,5.000000,0.071000
1479759713517,1.491000,1.490000,2500,1.510000,300,5.000000,0.071000
1479759715492,1.491000,1.490000,2500,1.510000,300,5.000000,0.071000
1479759717498,1.491000,1.490000,2500,1.510000,300,5.000000,0.071000
1479759719478,1.491000,1.490000,2500,1.510000,300,5.000000,0.071000
1479759721530,1.491000,1.490000,2500,1.510000,300,5.000000,0.071000
1479759723480,1.491000,1.490000,2500,1.510000,300,5.000000,0.071000
1479759725472,1.491000,1.490000,2500,1.510000,300,5.000000,0.071000
1479759727038,1.491000,1.490000,2500,1.510000,300,5.000000,0.071000
1479759730004,1.491000,1.490000,2500,1.510000,300,5.000000,0.071000
1479759731488,1.491000,1.490000,2500,1.510000,300,5.000000,0.071000
1479759733992,1.491000,1.490000,2500,1.510000,300,5.000000,0.071000
1479759735998,1.491000,1.490000,2500,1.510000,300,5.000000,0.071000
1479759737985,1.491000,1.490000,2500,1.510000,300,5.000000,0.071000
1479759740043,1.491000,1.490000,2500,1.510000,300,5.000000,0.071000
1479759742032,1.491000,1.490000,2500,1.510000,300,5.000000,0.071000
1479759743986,1.491000,1.490000,2500,1.510000,300,5.000000,0.071000
1479759746522,1.491000,1.490000,2500,1.510000,300,5.000000,0.071000
1479759748485,1.491000,1.490000,2500,1.510000,300,5.000000,0.071000
1479759750501,1.491000,1.490000,2500,1.510000,300,5.000000,0.071000
1479759752519,1.491000,1.490000,2500,1.510000,300,5.000000,0.071000
1479759754021,1.491000,1.490000,2500,1.510000,300,5.000000,0.071000
1479759757011,1.491000,1.490000,2500,1.510000,300,5.000000,0.071000
1479759759008,1.491000,1.490000,2500,1.510000,300,5.000000,0.071000
1479759761013,1.491000,1.490000,2500,1.510000,300,5.000000,0.071000
1479759763046,1.491000,1.490000,2500,1.510000,300,5.000000,0.071000
1479759765049,1.491000,1.490000,2500,1.510000,300,5.000000,0.071000
1479759767016,1.491000,1.490000,2500,1.510000,300,5.000000,0.071000
1479759768505,1.500000,1.490000,2500,1.510000,300,5.630000,0.080000
1479759771033,1.500000,1.490000,2500,1.510000,300,5.630000,0.080000
1479759773021,1.500000,1.490000,2500,1.510000,300,5.630000,0.080000
1479759775021,1.500000,1.490000,2500,1.510000,300,5.630000,0.080000
1479759777029,1.500000,1.490000,2500,1.510000,300,5.630000,0.080000
1479759779054,1.500000,1.490000,2500,1.510000,300,5.630000,0.080000
1479759781546,1.500000,1.490000,2500,1.510000,300,5.630000,0.080000
1479759782988,1.500000,1.490000,2500,1.510000,300,5.630000,0.080000
1479759785563,1.500000,1.490000,2500,1.510000,300,5.630000,0.080000
1479759787017,1.500000,1.490000,2500,1.510000,300,5.630000,0.080000
1479759789521,1.500000,1.490000,2500,1.510000,300,5.630000,0.080000
1479759791526,1.500000,1.490000,2500,1.510000,300,5.630000,0.080000
1479759793525,1.500000,1.490000,2500,1.510000,300,5.630000,0.080000
1479759795092,1.500000,1.490000,2500,1.510000,300,5.630000,0.080000
1479759796535,1.500000,1.490000,2500,1.510000,300,5.630000,0.080000
1479759800515,1.500000,1.490000,2500,1.510000,300,5.630000,0.080000
1479759802574,1.500000,1.490000,2500,1.510000,300,5.630000,0.080000
1479759804533,1.500000,1.490000,2500,1.510000,300,5.630000,0.080000
1479759806060,1.500000,1.490000,2500,1.510000,300,5.630000,0.080000
1479759808551,1.500000,1.490000,2500,1.510000,300,5.630000,0.080000
1479759810550,1.500000,1.490000,2500,1.510000,300,5.630000,0.080000
1479759812531,1.500000,1.490000,2500,1.510000,300,5.630000,0.080000
1479759814552,1.500000,1.490000,2500,1.510000,300,5.630000,0.080000
1479759816097,1.500000,1.490000,2500,1.510000,300,5.630000,0.080000
1479759817562,1.500000,1.490000,2500,1.510000,300,5.630000,0.080000
1479759821038,1.500000,1.490000,2500,1.510000,300,5.630000,0.080000
1479759822600,1.500000,1.490000,2500,1.510000,300,5.630000,0.080000
1479759825064,1.500000,1.490000,2500,1.510000,300,5.630000,0.080000
1479759827047,1.500000,1.490000,2500,1.510000,300,5.630000,0.080000
1479759829563,1.500000,1.490000,2500,1.510000,300,5.630000,0.080000
1479759831058,1.500000,1.490000,2500,1.510000,300,5.630000,0.080000
1479759834109,1.490000,1.490000,1900,1.510000,300,4.930000,0.070000
1479759836050,1.490000,1.490000,1900,1.510000,300,4.930000,0.070000
1479759838026,1.490000,1.490000,1900,1.510000,300,4.930000,0.070000
1479759840398,1.490000,1.490000,1900,1.510000,300,4.930000,0.070000
1479759841952,1.490000,1.490000,1900,1.510000,300,4.930000,0.070000
1479759844409,1.490000,1.490000,1900,1.510000,300,4.930000,0.070000
1479759846418,1.490000,1.490000,1900,1.510000,300,4.930000,0.070000
1479759847926,1.490000,1.490000,1900,1.510000,300,4.930000,0.070000
1479759849909,1.490000,1.490000,1900,1.510000,300,4.930000,0.070000
1479759852422,1.490000,1.490000,1900,1.510000,300,4.930000,0.070000
1479759854429,1.490000,1.490000,1900,1.510000,300,4.930000,0.070000
1479759855898,1.490000,1.490000,1900,1.510000,300,4.930000,0.070000
1479759858431,1.490000,1.490000,1900,1.510000,300,4.930000,0.070000
1479759859941,1.490000,1.490000,1900,1.510000,300,4.930000,0.070000
1479759862963,1.490000,1.490000,1900,1.510000,300,4.930000,0.070000
1479759864958,1.490000,1.490000,1900,1.510000,300,4.930000,0.070000
1479759866907,1.490000,1.490000,13100,1.510000,300,4.930000,0.070000
1479759868926,1.500000,1.490000,13100,1.510000,300,5.630000,0.080000
1479759870909,1.500000,1.490000,13100,1.510000,300,5.630000,0.080000
1479759872933,1.500000,1.490000,13100,1.510000,300,5.630000,0.080000
1479759874930,1.500000,1.490000,13100,1.510000,300,5.630000,0.080000
1479759876917,1.500000,1.490000,13100,1.510000,300,5.630000,0.080000
1479759878933,1.500000,1.490000,13100,1.510000,300,5.630000,0.080000
1479759880964,1.500000,1.490000,13100,1.510000,300,5.630000,0.080000
1479759883454,1.500000,1.490000,13100,1.510000,300,5.630000,0.080000
1479759885419,1.500000,1.490000,13100,1.510000,300,5.630000,0.080000
1479759887434,1.500000,1.490000,13100,1.510000,300,5.630000,0.080000
1479759889436,1.500000,1.490000,13100,1.510000,300,5.630000,0.080000
1479759891435,1.500000,1.490000,13100,1.510000,300,5.630000,0.080000
1479759893460,1.500000,1.490000,13100,1.510000,300,5.630000,0.080000
1479759895432,1.500000,1.490000,13100,1.510000,300,5.630000,0.080000
1479759897448,1.500000,1.490000,13100,1.510000,300,5.630000,0.080000
1479759899436,1.500000,1.490000,13100,1.510000,300,5.630000,0.080000
1479759901437,1.500000,1.490000,13100,1.510000,300,5.630000,0.080000
1479759903438,1.500000,1.490000,13100,1.510000,300,5.630000,0.080000
1479759905473,1.500000,1.490000,13100,1.510000,200,5.630000,0.080000
1479759907926,1.490000,1.490000,12800,1.510000,200,4.930000,0.070000
1479759909958,1.490000,1.490000,12800,1.510000,200,4.930000,0.070000
1479759911439,1.490000,1.490000,12800,1.510000,200,4.930000,0.070000
1479759913963,1.490000,1.490000,12800,1.510000,200,4.930000,0.070000
1479759915944,1.490000,1.490000,12800,1.510000,200,4.930000,0.070000
1479759917984,1.490000,1.490000,12800,1.510000,200,4.930000,0.070000
1479759920455,1.500000,1.490000,12800,1.500000,2000,5.630000,0.080000
1479759922458,1.500000,1.490000,12800,1.500000,2000,5.630000,0.080000
1479759923956,1.500000,1.490000,12800,1.500000,2000,5.630000,0.080000
1479759926528,1.500000,1.490000,12800,1.500000,2000,5.630000,0.080000
1479759928442,1.500000,1.490000,12800,1.500000,2000,5.630000,0.080000
1479759930505,1.500000,1.490000,12800,1.500000,2000,5.630000,0.080000
1479759930954,1.500000,1.490000,12800,1.500000,2000,5.630000,0.080000
1479759934972,1.500000,1.490000,12800,1.500000,2000,5.630000,0.080000
1479759936962,1.500000,1.490000,12800,1.500000,2000,5.630000,0.080000
1479759938933,1.500000,1.490000,12800,1.500000,2000,5.630000,0.080000
1479759940970,1.500000,1.490000,12800,1.500000,2000,5.630000,0.080000
1479759942989,1.500000,1.490000,12800,1.500000,2000,5.630000,0.080000
1479759944975,1.500000,1.490000,12800,1.500000,2000,5.630000,0.080000
1479759946981,1.500000,1.490000,12800,1.500000,2000,5.630000,0.080000
1479759948463,1.500000,1.490000,12800,1.500000,2000,5.630000,0.080000
1479759950962,1.500000,1.490000,12800,1.500000,2000,5.630000,0.080000
1479759952983,1.500000,1.490000,12800,1.500000,2000,5.630000,0.080000
1479759955465,1.500000,1.490000,12800,1.500000,2000,5.630000,0.080000
1479759957487,1.500000,1.490000,12800,1.500000,2000,5.630000,0.080000
1479759959476,1.500000,1.490000,12800,1.500000,2000,5.630000,0.080000
1479759961486,1.500000,1.490000,12800,1.500000,2000,5.630000,0.080000
1479759963537,1.500000,1.490000,12800,1.500000,2000,5.630000,0.080000
1479759965496,1.500000,1.490000,12800,1.500000,2000,5.630000,0.080000
1479759967474,1.500000,1.490000,12800,1.500000,2000,5.630000,0.080000
1479759969493,1.500000,1.490000,12800,1.500000,2000,5.630000,0.080000
1479759971492,1.500000,1.490000,12800,1.500000,2000,5.630000,0.080000
1479759973466,1.500000,1.490000,12800,1.500000,2000,5.630000,0.080000
1479759975983,1.500000,1.490000,12800,1.500000,2000,5.630000,0.080000
1479759978006,1.500000,1.490000,12800,1.500000,2000,5.630000,0.080000
1479759979985,1.500000,1.490000,12800,1.500000,2000,5.630000,0.080000
1479759981992,1.500000,1.490000,13700,1.500000,2000,5.630000,0.080000
1479759984004,1.500000,1.490000,13700,1.500000,2000,5.630000,0.080000
1479759986007,1.500000,1.490000,13700,1.500000,2000,5.630000,0.080000
1479759987514,1.500000,1.490000,13700,1.500000,2000,5.630000,0.080000
1479759989999,1.500000,1.490000,13700,1.500000,2000,5.630000,0.080000
1479759992504,1.500000,1.490000,13700,1.500000,2000,5.630000,0.080000
1479759993004,1.500000,1.490000,13700,1.500000,2000,5.630000,0.080000
1479759996522,1.500000,1.490000,13700,1.500000,2000,5.630000,0.080000
1479759998500,1.500000,1.490000,13700,1.500000,2000,5.630000,0.080000
1479760000514,1.500000,1.490000,13700,1.500000,2000,5.630000,0.080000
1479760002496,1.500000,1.490000,13700,1.500000,2000,5.630000,0.080000
1479760004526,1.500000,1.490000,13700,1.500000,2000,5.630000,0.080000
1479760006510,1.500000,1.490000,13700,1.500000,2000,5.630000,0.080000
1479760008524,1.500000,1.490000,13700,1.500000,2000,5.630000,0.080000
1479760010031,1.500000,1.490000,13700,1.500000,2000,5.630000,0.080000
1479760013020,1.500000,1.490000,13700,1.500000,2000,5.630000,0.080000
1479760014526,1.500000,1.490000,13700,1.500000,2000,5.630000,0.080000
1479760017005,1.500000,1.490000,13700,1.500000,2000,5.630000,0.080000
1479760019031,1.500000,1.490000,13700,1.500000,2000,5.630000,0.080000
1479760021004,1.500000,1.490000,13700,1.500000,2000,5.630000,0.080000
1479760023010,1.500000,1.490000,13700,1.500000,2000,5.630000,0.080000
1479760025072,1.500000,1.490000,13700,1.500000,2000,5.630000,0.080000
1479760027017,1.500000,1.490000,13700,1.500000,2000,5.630000,0.080000
1479760029525,1.500000,1.490000,13700,1.500000,2000,5.630000,0.080000
1479760031547,1.500000,1.490000,13700,1.500000,2000,5.630000,0.080000
1479760033507,1.500000,1.490000,13700,1.500000,2100,5.630000,0.080000
1479760035550,1.500000,1.490000,13700,1.500000,2100,5.630000,0.080000
1479760037041,1.500000,1.490000,13700,1.500000,2100,5.630000,0.080000
1479760039061,1.500000,1.490000,13700,1.500000,2100,5.630000,0.080000
1479760041533,1.500000,1.490000,13700,1.500000,2100,5.630000,0.080000
1479760043518,1.500000,1.490000,13700,1.500000,2100,5.630000,0.080000
1479760045009,1.500000,1.490000,13700,1.500000,2100,5.630000,0.080000
1479760047519,1.500000,1.490000,13700,1.500000,2100,5.630000,0.080000
1479760049536,1.500000,1.490000,13700,1.500000,2100,5.630000,0.080000
1479760051583,1.500000,1.490000,13700,1.500000,2100,5.630000,0.080000
1479760054034,1.500000,1.490000,13700,1.500000,2100,5.630000,0.080000
1479760056048,1.500000,1.490000,13700,1.500000,2100,5.630000,0.080000
1479760058052,1.500000,1.490000,13700,1.500000,2100,5.630000,0.080000
1479760060035,1.500000,1.490000,13700,1.500000,2100,5.630000,0.080000
1479760061559,1.500000,1.490000,13700,1.500000,2100,5.630000,0.080000
1479760064543,1.500000,1.490000,13700,1.500000,2100,5.630000,0.080000
1479760066629,1.500000,1.490000,13700,1.500000,2100,5.630000,0.080000
1479760068541,1.500000,1.490000,13700,1.500000,2100,5.630000,0.080000
1479760070548,1.500000,1.490000,13700,1.500000,2100,5.630000,0.080000
1479760072547,1.500000,1.490000,13700,1.500000,2100,5.630000,0.080000
1479760074568,1.500000,1.490000,13700,1.500000,2100,5.630000,0.080000
1479760076543,1.500000,1.490000,13700,1.500000,2100,5.630000,0.080000
1479760078053,1.500000,1.490000,13700,1.500000,2100,5.630000,0.080000
1479760080091,1.500000,1.490000,13700,1.500000,2100,5.630000,0.080000
1479760082562,1.500000,1.490000,13700,1.500000,2100,5.630000,0.080000
1479760083539,1.500000,1.490000,13700,1.500000,2100,5.630000,0.080000
1479760087070,1.500000,1.490000,13700,1.500000,2100,5.630000,0.080000
1479760089065,1.500000,1.490000,13700,1.500000,2100,5.630000,0.080000
1479760091068,1.500000,1.490000,13700,1.500000,2100,5.630000,0.080000
1479760092068,1.500000,1.490000,13700,1.500000,2100,5.630000,0.080000
1479760095054,1.500000,1.490000,13700,1.500000,2100,5.630000,0.080000
1479760097015,1.500000,1.490000,13700,1.500000,2100,5.630000,0.080000
1479760099402,1.500000,1.490000,13700,1.500000,2100,5.630000,0.080000
1479760100902,1.500000,1.490000,13700,1.500000,2100,5.630000,0.080000
1479760102902,1.500000,1.490000,13700,1.500000,2100,5.630000,0.080000
1479760105417,1.500000,1.490000,13700,1.500000,2100,5.630000,0.080000
1479760107401,1.500000,1.490000,13700,1.500000,2100,5.630000,0.080000
1479760109439,1.500000,1.490000,13700,1.500000,2100,5.630000,0.080000
1479760110910,1.500000,1.490000,13700,1.500000,2100,5.630000,0.080000
1479760113423,1.500000,1.490000,13700,1.500000,2100,5.630000,0.080000
1479760115430,1.500000,1.490000,13700,1.500000,2100,5.630000,0.080000
1479760117402,1.500000,1.490000,13700,1.500000,2100,5.630000,0.080000
1479760119946,1.500000,1.490000,13700,1.500000,2100,5.630000,0.080000
1479760121904,1.500000,1.490000,13700,1.500000,2100,5.630000,0.080000
1479760123456,1.500000,1.490000,13700,1.500000,2100,5.630000,0.080000
1479760125928,1.500000,1.490000,13700,1.500000,2100,5.630000,0.080000
1479760127928,1.500000,1.490000,13700,1.500000,2100,5.630000,0.080000
1479760129937,1.500000,1.490000,13700,1.500000,2100,5.630000,0.080000
1479760131915,1.490000,1.490000,13700,1.500000,2100,4.930000,0.070000
1479760133928,1.490000,1.490000,13700,1.500000,2100,4.930000,0.070000
1479760135911,1.490000,1.490000,13700,1.500000,2100,4.930000,0.070000
1479760137905,1.490000,1.490000,13700,1.500000,2100,4.930000,0.070000
1479760139926,1.490000,1.490000,13700,1.500000,2100,4.930000,0.070000
1479760142415,1.490000,1.490000,13700,1.500000,2100,4.930000,0.070000
1479760144437,1.490000,1.490000,13700,1.500000,2100,4.930000,0.070000
1479760146449,1.490000,1.490000,13700,1.500000,2100,4.930000,0.070000
1479760148439,1.490000,1.490000,13700,1.500000,2100,4.930000,0.070000
1479760150433,1.490000,1.490000,13700,1.500000,2100,4.930000,0.070000
1479760152469,1.490000,1.490000,13700,1.500000,2100,4.930000,0.070000
1479760153935,1.490000,1.490000,13700,1.500000,2100,4.930000,0.070000
1479760156472,1.490000,1.490000,13700,1.500000,2100,4.930000,0.070000
1479760158903,1.490000,1.490000,13700,1.500000,2100,4.930000,0.070000
1479760160930,1.490000,1.490000,13700,1.500000,2100,4.930000,0.070000
1479760162953,1.490000,1.490000,13700,1.500000,2100,4.930000,0.070000
1479760164954,1.490000,1.490000,13700,1.500000,2100,4.930000,0.070000
1479760166459,1.490000,1.490000,13700,1.500000,2100,4.930000,0.070000
1479760168421,1.490000,1.490000,13700,1.500000,2100,4.930000,0.070000
1479760170442,1.490000,1.490000,13700,1.500000,2100,4.930000,0.070000
1479760172450,1.490000,1.490000,12700,1.500000,2100,4.930000,0.070000
1479760174956,1.490000,1.490000,12700,1.500000,2100,4.930000,0.070000
1479760176968,1.490000,1.490000,12700,1.500000,2100,4.930000,0.070000
1479760179996,1.490000,1.490000,12700,1.500000,2100,4.930000,0.070000
1479760182436,1.490000,1.490000,12700,1.500000,2100,4.930000,0.070000
1479760183979,1.490000,1.490000,12700,1.500000,2100,4.930000,0.070000
1479760186469,1.490000,1.490000,12700,1.500000,2100,4.930000,0.070000
1479760188472,1.490000,1.490000,12700,1.500000,2100,4.930000,0.070000
1479760190477,1.490000,1.490000,12700,1.500000,2100,4.930000,0.070000
1479760192447,1.490000,1.490000,12700,1.500000,2100,4.930000,0.070000
1479760194466,1.490000,1.490000,12700,1.500000,2100,4.930000,0.070000
1479760196472,1.490000,1.490000,12700,1.500000,2100,4.930000,0.070000
1479760198480,1.490000,1.490000,12700,1.500000,2100,4.930000,0.070000
1479760200473,1.490000,1.490000,12700,1.500000,2100,4.930000,0.070000
1479760202963,1.490000,1.490000,12700,1.500000,2100,4.930000,0.070000
1479760204976,1.490000,1.490000,12700,1.500000,2100,4.930000,0.070000
1479760206972,1.490000,1.490000,12700,1.500000,2100,4.930000,0.070000
1479760208963,1.490000,1.490000,12700,1.500000,2100,4.930000,0.070000
1479760210990,1.490000,1.490000,12700,1.500000,2100,4.930000,0.070000
1479760212974,1.490000,1.490000,12700,1.500000,2100,4.930000,0.070000
1479760215062,1.490000,1.490000,12700,1.500000,2100,4.930000,0.070000
1479760216977,1.490000,1.490000,12700,1.500000,2100,4.930000,0.070000
1479760218990,1.490000,1.490000,12700,1.500000,2100,4.930000,0.070000
1479760221465,1.490000,1.490000,12700,1.500000,2100,4.930000,0.070000
1479760222981,1.490000,1.490000,12700,1.500000,2100,4.930000,0.070000
1479760225472,1.490000,1.490000,12700,1.500000,2100,4.930000,0.070000
1479760227516,1.490000,1.490000,12600,1.500000,2100,4.930000,0.070000
1479760229468,1.490000,1.490000,12600,1.500000,2100,4.930000,0.070000
1479760231506,1.490000,1.490000,12600,1.500000,2100,4.930000,0.070000
1479760233485,1.490000,1.490000,12600,1.500000,2100,4.930000,0.070000
1479760235483,1.490000,1.490000,12600,1.500000,2100,4.930000,0.070000
1479760237484,1.490000,1.490000,12600,1.500000,2100,4.930000,0.070000
1479760239489,1.490000,1.490000,12600,1.500000,2100,4.930000,0.070000
1479760240994,1.490000,1.490000,12600,1.500000,2100,4.930000,0.070000
1479760244004,1.490000,1.490000,12600,1.500000,2100,4.930000,0.070000
1479760246008,1.499500,1.490000,12600,1.500000,2100,5.600000,0.079500
1479760246008,1.499500,1.490000,12600,1.500000,2100,5.600000,0.079500
1479760250008,1.499500,1.490000,12600,1.500000,2100,5.600000,0.079500
1479760252004,1.490000,1.490000,12600,1.500000,2100,4.930000,0.070000
1479760253988,1.490000,1.490000,12600,1.500000,2100,4.930000,0.070000
1479760255997,1.490000,1.490000,12600,1.500000,2100,4.930000,0.070000
1479760258019,1.490000,1.490000,12600,1.500000,2100,4.930000,0.070000
1479760260017,1.490000,1.490000,12600,1.500000,2100,4.930000,0.070000
1479760262008,1.490000,1.490000,12600,1.500000,2100,4.930000,0.070000
1479760264000,1.490000,1.490000,12600,1.500000,2100,4.930000,0.070000
1479760266505,1.490000,1.490000,12600,1.500000,2100,4.930000,0.070000
1479760268594,1.490000,1.490000,12600,1.500000,2100,4.930000,0.070000
1479760270550,1.490000,1.490000,12600,1.500000,2100,4.930000,0.070000
1479760272522,1.490000,1.490000,12600,1.500000,2100,4.930000,0.070000
1479760274524,1.490000,1.490000,12600,1.500000,2100,4.930000,0.070000
1479760276516,1.490000,1.490000,12600,1.500000,2100,4.930000,0.070000
1479760278521,1.490000,1.490000,12600,1.500000,2100,4.930000,0.070000
1479760280005,1.490000,1.490000,12600,1.500000,2100,4.930000,0.070000
1479760283030,1.490000,1.490000,12600,1.500000,2100,4.930000,0.070000
1479760284511,1.490000,1.490000,12600,1.500000,2100,4.930000,0.070000
1479760286506,1.490000,1.490000,12500,1.500000,2100,4.930000,0.070000
1479760289004,1.490000,1.490000,12500,1.500000,2100,4.930000,0.070000
1479760291059,1.490000,1.490000,12500,1.500000,2100,4.930000,0.070000
1479760292096,1.490000,1.490000,12500,1.500000,2100,4.930000,0.070000
1479760295041,1.490000,1.490000,12500,1.500000,2100,4.930000,0.070000
1479760296560,1.490000,1.490000,12500,1.500000,2100,4.930000,0.070000
1479760298550,1.490000,1.490000,13900,1.500000,2100,4.930000,0.070000
1479760301044,1.490000,1.490000,12500,1.500000,2100,4.930000,0.070000
1479760303519,1.490000,1.490000,12500,1.500000,2100,4.930000,0.070000
1479760305024,1.490000,1.490000,12500,1.500000,2100,4.930000,0.070000
1479760307569,1.490000,1.490000,12200,1.500000,2100,4.930000,0.070000
1479760309538,1.490000,1.490000,12200,1.500000,2100,4.930000,0.070000
1479760311552,1.490000,1.490000,12200,1.500000,2100,4.930000,0.070000
1479760313543,1.490000,1.490000,12200,1.500000,2100,4.930000,0.070000
1479760314578,1.490000,1.490000,12100,1.500000,2100,4.930000,0.070000
1479760318058,1.490000,1.490000,12000,1.500000,2100,4.930000,0.070000
1479760320041,1.490000,1.490000,12000,1.500000,2100,4.930000,0.070000
1479760322056,1.495000,1.490000,5200,1.500000,2100,5.280000,0.075000
1479760324047,1.495000,1.490000,5200,1.500000,2100,5.280000,0.075000
1479760326012,1.490000,1.490000,5200,1.500000,2100,4.930000,0.070000
1479760328071,1.490000,1.490000,5200,1.500000,2100,4.930000,0.070000
1479760330088,1.490000,1.490000,5100,1.500000,2100,4.930000,0.070000
1479760331567,1.490000,1.490000,5000,1.500000,2100,4.930000,0.070000
1479760334582,1.490000,1.490000,5000,1.500000,2100,4.930000,0.070000
1479760336612,1.490000,1.490000,5000,1.500000,2100,4.930000,0.070000
1479760338569,1.490000,1.490000,4800,1.500000,2100,4.930000,0.070000
1479760340616,1.490000,1.490000,4800,1.500000,2100,4.930000,0.070000
1479760342599,1.490000,1.490000,4800,1.500000,2100,4.930000,0.070000
1479760344579,1.490000,1.490000,4800,1.500000,2100,4.930000,0.070000
1479760346535,1.490000,1.490000,4800,1.500000,2300,4.930000,0.070000
1479760348542,1.490000,1.490000,4700,1.500000,2300,4.930000,0.070000
1479760350592,1.498600,1.490000,4600,1.500000,2300,5.540000,0.078600
1479760352910,1.498600,1.490000,4600,1.500000,2300,5.540000,0.078600
1479760354908,1.495000,1.490000,4600,1.500000,2300,5.280000,0.075000
1479760357407,1.490000,1.490000,4600,1.500000,2300,4.930000,0.070000
1479760359418,1.490000,1.490000,4500,1.500000,2300,4.930000,0.070000
1479760361396,1.490000,1.490000,4500,1.500000,2300,4.930000,0.070000
1479760363397,1.490000,1.490000,4500,1.500000,2300,4.930000,0.070000
1479760365434,1.490000,1.490000,4300,1.500000,2300,4.930000,0.070000
1479760367396,1.490000,1.490000,4300,1.500000,2300,4.930000,0.070000
1479760369403,1.490000,1.490000,4300,1.500000,2300,4.930000,0.070000
1479760371407,1.490000,1.490000,4200,1.500000,2100,4.930000,0.070000
1479760372916,1.490000,1.490000,4200,1.500000,2100,4.930000,0.070000
1479760374891,1.490000,1.490000,4200,1.500000,2100,4.930000,0.070000
1479760377422,1.490000,1.490000,4000,1.500000,2100,4.930000,0.070000
1479760379910,1.490000,1.490000,4000,1.500000,2100,4.930000,0.070000
1479760381425,1.490000,1.490000,3900,1.500000,2100,4.930000,0.070000
1479760383897,1.490000,1.490000,3800,1.500000,2100,4.930000,0.070000
1479760385399,1.490000,1.490000,3800,1.500000,2100,4.930000,0.070000
1479760387941,1.490000,1.490000,3800,1.500000,2100,4.930000,0.070000
1479760389959,1.490000,1.490000,3800,1.500000,2100,4.930000,0.070000
1479760391924,1.490000,1.490000,3800,1.500000,2100,4.930000,0.070000
1479760393934,1.490000,1.490000,3800,1.500000,2100,4.930000,0.070000
1479760395437,1.490000,1.490000,3800,1.500000,2100,4.930000,0.070000
1479760397956,1.490000,1.490000,3700,1.500000,2100,4.930000,0.070000
1479760399454,1.490000,1.490000,3700,1.500000,2100,4.930000,0.070000
1479760401966,1.490000,1.490000,3700,1.500000,2100,4.930000,0.070000
1479760404437,1.490000,1.490000,3600,1.500000,2100,4.930000,0.070000
1479760406443,1.490000,1.490000,3600,1.500000,2100,4.930000,0.070000
1479760408447,1.490000,1.490000,3600,1.500000,2100,4.930000,0.070000
1479760410436,1.490000,1.490000,3600,1.500000,2100,4.930000,0.070000
1479760412502,1.490000,1.490000,3600,1.500000,2100,4.930000,0.070000
1479760413930,1.490000,1.490000,3600,1.500000,2100,4.930000,0.070000
1479760416495,1.495000,1.490000,3600,1.500000,2100,5.280000,0.075000
1479760418441,1.495000,1.490000,3600,1.500000,2100,5.280000,0.075000
1479760420427,1.495000,1.490000,3600,1.500000,2100,5.280000,0.075000
1479760422439,1.495000,1.490000,3600,1.500000,2100,5.280000,0.075000
1479760424439,1.490000,1.490000,3100,1.500000,2100,4.930000,0.070000
1479760426956,1.490000,1.490000,3100,1.500000,2100,4.930000,0.070000
1479760428437,1.490000,1.490000,3100,1.500000,2100,4.930000,0.070000
1479760430990,1.490000,1.490000,3100,1.500000,2100,4.930000,0.070000
1479760432966,1.490000,1.490000,3100,1.500000,2100,4.930000,0.070000
1479760434969,1.490000,1.490000,1200,1.500000,2100,4.930000,0.070000
1479760436962,1.490000,1.490000,1200,1.500000,2100,4.930000,0.070000
1479760438957,1.490000,1.490000,1200,1.500000,2100,4.930000,0.070000
1479760440960,1.490000,1.490000,1200,1.500000,2100,4.930000,0.070000
1479760443013,1.490000,1.490000,1200,1.500000,2100,4.930000,0.070000
1479760444995,1.499900,1.490000,1200,1.500000,2100,5.630000,0.079900
1479760447426,1.499900,1.490000,1200,1.500000,2100,5.630000,0.079900
1479760448957,1.499900,1.490000,1200,1.500000,2100,5.630000,0.079900
1479760451471,1.499500,1.490000,1200,1.500000,2100,5.600000,0.079500
1479760453451,1.499500,1.490000,1200,1.500000,2100,5.600000,0.079500
1479760455459,1.499500,1.490000,1200,1.500000,2000,5.600000,0.079500
1479760457466,1.499500,1.490000,1200,1.500000,2000,5.600000,0.079500
1479760459541,1.499500,1.490000,1200,1.500000,2000,5.600000,0.079500
1479760461451,1.499500,1.490000,1200,1.500000,2000,5.600000,0.079500
1479760463476,1.499500,1.490000,1200,1.500000,2000,5.600000,0.079500
1479760465469,1.499500,1.490000,1200,1.500000,2000,5.600000,0.079500
1479760467997,1.499500,1.490000,1200,1.500000,2000,5.600000,0.079500
1479760469971,1.499500,1.490000,1200,1.500000,2000,5.600000,0.079500
1479760471508,1.499500,1.490000,1200,1.500000,2000,5.600000,0.079500
1479760473993,1.499500,1.490000,1200,1.500000,2000,5.600000,0.079500
1479760475511,1.499500,1.490000,1200,1.500000,2000,5.600000,0.079500
1479760477973,1.499500,1.490000,1200,1.500000,2000,5.600000,0.079500
1479760479994,1.490000,1.490000,1000,1.500000,2000,4.930000,0.070000
1479760482002,1.490000,1.490000,1000,1.500000,2000,4.930000,0.070000
1479760483992,1.490000,1.490000,1000,1.500000,2000,4.930000,0.070000
1479760485982,1.490000,1.490000,1000,1.500000,2000,4.930000,0.070000
1479760487985,1.490000,1.490000,1000,1.500000,2000,4.930000,0.070000
1479760489967,1.490000,1.490000,1000,1.500000,2000,4.930000,0.070000
1479760492506,1.490000,1.490000,1000,1.500000,2000,4.930000,0.070000
1479760494487,1.490000,1.490000,1000,1.500000,2000,4.930000,0.070000
1479760496483,1.490000,1.490000,1000,1.500000,2000,4.930000,0.070000
1479760498484,1.490000,1.490000,1000,1.500000,2000,4.930000,0.070000
1479760500500,1.490000,1.490000,1000,1.500000,2000,4.930000,0.070000
1479760502515,1.490000,1.490000,1000,1.500000,2000,4.930000,0.070000
1479760504495,1.490000,1.490000,1000,1.500000,2000,4.930000,0.070000
1479760505996,1.490000,1.490000,1000,1.500000,2000,4.930000,0.070000
1479760509014,1.490000,1.490000,1000,1.500000,2000,4.930000,0.070000
1479760511015,1.490000,1.490000,1000,1.500000,2000,4.930000,0.070000
1479760513005,1.490000,1.490000,1000,1.500000,2000,4.930000,0.070000
1479760514990,1.490000,1.490000,1000,1.500000,2000,4.930000,0.070000
1479760516997,1.490000,1.490000,1000,1.500000,2000,4.930000,0.070000
1479760518056,1.490000,1.490000,1000,1.500000,2000,4.930000,0.070000
1479760521000,1.490000,1.490000,1000,1.500000,2000,4.930000,0.070000
1479760522997,1.490000,1.490000,1000,1.500000,2000,4.930000,0.070000
1479760525021,1.490000,1.490000,1000,1.500000,2000,4.930000,0.070000
1479760527002,1.490000,1.490000,1000,1.500000,2000,4.930000,0.070000
1479760529506,1.490000,1.490000,1000,1.500000,2000,4.930000,0.070000
1479760531510,1.490000,1.490000,1000,1.500000,2000,4.930000,0.070000
1479760533558,1.490000,1.490000,1000,1.500000,2000,4.930000,0.070000
1479760535499,1.490000,1.490000,1000,1.500000,2000,4.930000,0.070000
1479760537505,1.490000,1.490000,1000,1.500000,2000,4.930000,0.070000
1479760539554,1.490000,1.490000,1000,1.500000,2000,4.930000,0.070000
1479760541508,1.490000,1.490000,1000,1.500000,2000,4.930000,0.070000
1479760543506,1.490000,1.490000,1000,1.500000,2000,4.930000,0.070000
1479760545534,1.490000,1.490000,1000,1.500000,2000,4.930000,0.070000
1479760547035,1.490000,1.490000,1000,1.500000,2000,4.930000,0.070000
1479760550011,1.490000,1.490000,1100,1.500000,2000,4.930000,0.070000
1479760552025,1.490000,1.490000,1100,1.500000,2000,4.930000,0.070000
1479760553571,1.490000,1.490000,1100,1.500000,2000,4.930000,0.070000
1479760555569,1.490000,1.490000,1100,1.500000,2000,4.930000,0.070000
1479760558057,1.490000,1.490000,1100,1.500000,2000,4.930000,0.070000
1479760560018,1.490000,1.490000,1100,1.500000,2000,4.930000,0.070000
1479760562057,1.490000,1.490000,1100,1.500000,2000,4.930000,0.070000
1479760563518,1.490000,1.490000,1100,1.500000,2000,4.930000,0.070000
1479760566048,1.490000,1.490000,1100,1.500000,2000,4.930000,0.070000
1479760567577,1.490000,1.490000,1100,1.500000,2000,4.930000,0.070000
1479760570024,1.490000,1.490000,1100,1.500000,2000,4.930000,0.070000
1479760571027,1.490000,1.490000,1100,1.500000,2000,4.930000,0.070000
1479760573542,1.490000,1.490000,1100,1.500000,2000,4.930000,0.070000
1479760576049,1.490000,1.490000,1100,1.500000,2000,4.930000,0.070000
1479760578552,1.490000,1.490000,1100,1.500000,2000,4.930000,0.070000
1479760579100,1.490000,1.490000,1100,1.500000,2000,4.930000,0.070000
1479760581551,1.490000,1.490000,1100,1.500000,2000,4.930000,0.070000
1479760584574,1.490000,1.490000,1100,1.500000,2000,4.930000,0.070000
1479760586049,1.490000,1.490000,1100,1.500000,2000,4.930000,0.070000
1479760588552,1.490000,1.490000,1100,1.500000,2000,4.930000,0.070000
1479760590057,1.490000,1.490000,1100,1.500000,2000,4.930000,0.070000
1479760592572,1.490000,1.490000,1100,1.500000,2000,4.930000,0.070000
1479760594548,1.490000,1.490000,1100,1.500000,2000,4.930000,0.070000
1479760596642,1.490000,1.490000,1100,1.500000,2000,4.930000,0.070000
1479760599048,1.490000,1.490000,1100,1.500000,2000,4.930000,0.070000
1479760600073,1.490000,1.490000,1100,1.500000,2000,4.930000,0.070000
1479760603054,1.490000,1.490000,1100,1.500000,2000,4.930000,0.070000
1479760605074,1.490000,1.490000,1100,1.500000,2000,4.930000,0.070000
1479760607052,1.490000,1.490000,1100,1.500000,2000,4.930000,0.070000
1479760607626,1.490000,1.490000,1100,1.500000,2000,4.930000,0.070000
1479760611417,1.490000,1.490000,1100,1.500000,2000,4.930000,0.070000
1479760613397,1.490000,1.490000,1100,1.500000,2000,4.930000,0.070000
1479760615397,1.490000,1.490000,1100,1.500000,2000,4.930000,0.070000
1479760617404,1.490000,1.490000,1100,1.500000,2000,4.930000,0.070000
1479760619415,1.490000,1.490000,1100,1.500000,2000,4.930000,0.070000
1479760621398,1.490000,1.490000,1100,1.500000,2000,4.930000,0.070000
1479760623408,1.490000,1.490000,1100,1.500000,2000,4.930000,0.070000
1479760625396,1.490000,1.490000,600,1.500000,2000,4.930000,0.070000
1479760627893,1.490000,1.490000,600,1.500000,2000,4.930000,0.070000
1479760629420,1.490000,1.490000,600,1.500000,2000,4.930000,0.070000
1479760631445,1.490000,1.490000,600,1.500000,2000,4.930000,0.070000
1479760633913,1.490000,1.490000,600,1.500000,2000,4.930000,0.070000
1479760635928,1.490000,1.490000,600,1.500000,2000,4.930000,0.070000
1479760636904,1.490000,1.490000,600,1.500000,2000,4.930000,0.070000
1479760638923,1.490000,1.490000,600,1.500000,2000,4.930000,0.070000
1479760641946,1.490000,1.490000,600,1.500000,2000,4.930000,0.070000
1479760643907,1.490000,1.490000,600,1.500000,2000,4.930000,0.070000
1479760645909,1.490000,1.490000,600,1.500000,2000,4.930000,0.070000
1479760648414,1.490000,1.490000,600,1.500000,2000,4.930000,0.070000
1479760650433,1.490000,1.490000,600,1.500000,2000,4.930000,0.070000
1479760651946,1.490000,1.490000,600,1.500000,2000,4.930000,0.070000
1479760654443,1.490000,1.490000,2200,1.500000,2000,4.930000,0.070000
1479760656452,1.490000,1.490000,2200,1.500000,2000,4.930000,0.070000
1479760658424,1.490000,1.490000,2200,1.500000,2000,4.930000,0.070000
1479760660473,1.490000,1.490000,2200,1.500000,2000,4.930000,0.070000
1479760662436,1.490000,1.490000,2200,1.500000,2000,4.930000,0.070000
1479760664492,1.490000,1.490000,2200,1.500000,2000,4.930000,0.070000
1479760666426,1.490000,1.490000,2200,1.500000,2000,4.930000,0.070000
1479760668933,1.490000,1.490000,2200,1.500000,2000,4.930000,0.070000
1479760670950,1.490000,1.490000,2200,1.500000,2000,4.930000,0.070000
1479760672466,1.490000,1.490000,2200,1.500000,2000,4.930000,0.070000
1479760674929,1.490000,1.490000,2200,1.500000,2000,4.930000,0.070000
1479760676445,1.490000,1.490000,2200,1.500000,2000,4.930000,0.070000
1479760678957,1.490000,1.490000,2200,1.500000,2000,4.930000,0.070000
1479760680954,1.490000,1.490000,2200,1.500000,2000,4.930000,0.070000
1479760682483,1.490000,1.490000,2200,1.500000,2000,4.930000,0.070000
1479760684963,1.490000,1.490000,2200,1.500000,2000,4.930000,0.070000
1479760686969,1.490000,1.490000,1900,1.500000,2000,4.930000,0.070000
1479760689444,1.490000,1.490000,1900,1.500000,2000,4.930000,0.070000
1479760691438,1.490000,1.490000,1900,1.500000,2000,4.930000,0.070000
1479760693438,1.490000,1.490000,1900,1.500000,2000,4.930000,0.070000
1479760695486,1.490000,1.490000,1900,1.500000,2000,4.930000,0.070000
1479760697448,1.490000,1.490000,1400,1.500000,2000,4.930000,0.070000
1479760699498,1.490000,1.490000,1400,1.500000,2000,4.930000,0.070000
1479760701443,1.490000,1.490000,1400,1.500000,2000,4.930000,0.070000
1479760703488,1.490000,1.490000,1400,1.500000,2000,4.930000,0.070000
1479760705472,1.490000,1.490000,1400,1.500000,2000,4.930000,0.070000
1479760707481,1.490000,1.490000,1400,1.500000,2000,4.930000,0.070000
1479760709446,1.490000,1.490000,1400,1.500000,2000,4.930000,0.070000
1479760711000,1.490000,1.490000,1400,1.500000,2100,4.930000,0.070000
1479760714007,1.490000,1.490000,1400,1.500000,2100,4.930000,0.070000
1479760715982,1.490000,1.490000,1400,1.500000,2100,4.930000,0.070000
1479760717986,1.490000,1.490000,1400,1.500000,2100,4.930000,0.070000
1479760719984,1.490000,1.490000,1400,1.500000,2100,4.930000,0.070000
1479760721995,1.499900,1.490000,1400,1.500000,2100,5.630000,0.079900
1479760723468,1.499900,1.490000,1400,1.500000,2100,5.630000,0.079900
1479760725974,1.499900,1.490000,1400,1.500000,2100,5.630000,0.079900
1479760727983,1.499900,1.490000,1400,1.500000,2100,5.630000,0.079900
1479760729491,1.499900,1.490000,1400,1.500000,2100,5.630000,0.079900
1479760731994,1.499900,1.490000,1400,1.500000,2100,5.630000,0.079900
1479760733475,1.499900,1.490000,1400,1.500000,2100,5.630000,0.079900
1479760735979,1.499900,1.490000,1400,1.500000,2100,5.630000,0.079900
1479760736972,1.499900,1.490000,1400,1.500000,2100,5.630000,0.079900
1479760739528,1.499900,1.490000,1400,1.500000,2100,5.630000,0.079900
1479760742511,1.499900,1.490000,1400,1.500000,2100,5.630000,0.079900
1479760744492,1.499900,1.490000,1400,1.500000,2100,5.630000,0.079900
1479760746492,1.499900,1.490000,1400,1.500000,2100,5.630000,0.079900
1479760748461,1.499900,1.490000,1400,1.500000,2100,5.630000,0.079900
1479760749469,1.499900,1.490000,1400,1.500000,2100,5.630000,0.079900
1479760752498,1.499900,1.490000,1400,1.500000,2100,5.630000,0.079900
1479760755016,1.499900,1.490000,1400,1.500000,2100,5.630000,0.079900
1479760757023,1.499900,1.490000,1400,1.500000,2100,5.630000,0.079900
1479760759012,1.499900,1.490000,1400,1.500000,2100,5.630000,0.079900
1479760760994,1.499900,1.490000,1400,1.500000,2100,5.630000,0.079900
1479760762981,1.499900,1.490000,1400,1.500000,2100,5.630000,0.079900
1479760765000,1.499900,1.490000,1400,1.500000,2100,5.630000,0.079900
1479760767001,1.499900,1.490000,1400,1.500000,2100,5.630000,0.079900
1479760768004,1.499900,1.490000,1400,1.500000,2100,5.630000,0.079900
1479760771029,1.499900,1.490000,1400,1.500000,2100,5.630000,0.079900
1479760773495,1.486700,1.480000,300,1.500000,2100,4.700000,0.066700
1479760774479,1.486700,1.480000,300,1.500000,2100,4.700000,0.066700
1479760777504,1.486700,1.480000,300,1.500000,2100,4.700000,0.066700
1479760779510,1.486700,1.480000,300,1.500000,2100,4.700000,0.066700
1479760781014,1.486700,1.480000,300,1.500000,2100,4.700000,0.066700
1479760781528,1.486700,1.480000,300,1.500000,2100,4.700000,0.066700
1479760785025,1.486700,1.480000,300,1.500000,2100,4.700000,0.066700
1479760787005,1.486700,1.480000,300,1.500000,2100,4.700000,0.066700
1479760789530,1.486700,1.480000,300,1.500000,2100,4.700000,0.066700
1479760791527,1.486700,1.480000,300,1.500000,2100,4.700000,0.066700
1479760793993,1.486700,1.480000,300,1.500000,2100,4.700000,0.066700
1479760796012,1.486700,1.480000,300,1.500000,2100,4.700000,0.066700
1479760797543,1.486700,1.480000,300,1.500000,2100,4.700000,0.066700
1479760800035,1.486700,1.480000,300,1.500000,2100,4.700000,0.066700
1479760802034,1.486700,1.480000,300,1.500000,2100,4.700000,0.066700
1479760804038,1.486700,1.480000,300,1.500000,2100,4.700000,0.066700
1479760806021,1.486700,1.480000,300,1.500000,2100,4.700000,0.066700
1479760808026,1.486700,1.480000,300,1.500000,2100,4.700000,0.066700
1479760810099,1.486700,1.480000,300,1.500000,2100,4.700000,0.066700
1479760811517,1.486700,1.480000,300,1.500000,2100,4.700000,0.066700
1479760814094,1.486700,1.480000,300,1.500000,2100,4.700000,0.066700
1479760816057,1.486700,1.480000,300,1.500000,2100,4.700000,0.066700
1479760818558,1.486700,1.480000,300,1.500000,2100,4.700000,0.066700
1479760820523,1.486700,1.480000,300,1.500000,2100,4.700000,0.066700
1479760821534,1.486700,1.480000,300,1.500000,2100,4.700000,0.066700
1479760824580,1.486700,1.480000,300,1.500000,2100,4.700000,0.066700
1479760826532,1.486700,1.480000,300,1.500000,2100,4.700000,0.066700
1479760828563,1.486700,1.480000,300,1.500000,2100,4.700000,0.066700
1479760830577,1.486700,1.480000,300,1.500000,2100,4.700000,0.066700
1479760833524,1.486700,1.480000,300,1.500000,2100,4.700000,0.066700
1479760836054,1.486700,1.480000,300,1.500000,2100,4.700000,0.066700
1479760838024,1.486700,1.480000,300,1.490000,300,4.700000,0.066700
1479760840082,1.486700,1.480000,300,1.490000,300,4.700000,0.066700
1479760842049,1.486700,1.480000,300,1.490000,300,4.700000,0.066700
1479760843563,1.486700,1.480000,300,1.490000,300,4.700000,0.066700
1479760844560,1.486700,1.480000,300,1.490000,300,4.700000,0.066700
1479760848546,1.486700,1.480000,300,1.490000,300,4.700000,0.066700
1479760850032,1.486700,1.480000,300,1.490000,300,4.700000,0.066700
1479760852554,1.486700,1.480000,300,1.490000,300,4.700000,0.066700
1479760854552,1.486700,1.480000,300,1.490000,300,4.700000,0.066700
1479760856581,1.486700,1.480000,300,1.490000,300,4.700000,0.066700
1479760858081,1.486700,1.480000,300,1.490000,300,4.700000,0.066700
1479760860578,1.486700,1.480000,300,1.490000,300,4.700000,0.066700
1479760862544,1.480000,1.480000,200,1.490000,300,4.230000,0.060000
1479760864551,1.480000,1.480000,200,1.490000,300,4.230000,0.060000
1479760866667,1.480000,1.480000,200,1.490000,300,4.230000,0.060000
1479760869057,1.470000,1.470000,1000,1.490000,300,3.520000,0.050000
1479760871064,1.470000,1.470000,1000,1.490000,300,3.520000,0.050000
1479760872917,1.470000,1.470000,1000,1.480000,100,3.520000,0.050000
1479760874895,1.470000,1.470000,1000,1.480000,100,3.520000,0.050000
1479760877386,1.470000,1.470000,700,1.480000,100,3.520000,0.050000
1479760879394,1.470000,1.470000,700,1.480000,3100,3.520000,0.050000
1479760881410,1.470000,1.470000,700,1.480000,3100,3.520000,0.050000
1479760883396,1.470000,1.470000,700,1.480000,3100,3.520000,0.050000
1479760884912,1.470000,1.470000,700,1.480000,3100,3.520000,0.050000
1479760887400,1.470000,1.470000,700,1.480000,3100,3.520000,0.050000
1479760889434,1.470000,1.470000,300,1.480000,3100,3.520000,0.050000
1479760891431,1.470000,1.470000,300,1.480000,3100,3.520000,0.050000
1479760893930,1.470000,1.470000,300,1.480000,3100,3.520000,0.050000
1479760895927,1.470000,1.470000,300,1.480000,3100,3.520000,0.050000
1479760897915,1.470000,1.470000,300,1.480000,3100,3.520000,0.050000
1479760899932,1.470000,1.470000,1000,1.480000,3200,3.520000,0.050000
1479760901432,1.470000,1.470000,1000,1.480000,3200,3.520000,0.050000
1479760903890,1.470000,1.470000,1000,1.480000,3200,3.520000,0.050000
1479760905921,1.470000,1.470000,1000,1.480000,3200,3.520000,0.050000
1479760907925,1.470000,1.470000,1000,1.480000,3200,3.520000,0.050000
1479760909988,1.470000,1.470000,1000,1.480000,3200,3.520000,0.050000
1479760911917,1.470100,1.470000,500,1.480000,700,3.530000,0.050100
1479760914437,1.475000,1.470000,500,1.480000,600,3.870000,0.055000
1479760916454,1.475000,1.470000,500,1.480000,600,3.870000,0.055000
1479760918431,1.475000,1.470000,500,1.480000,600,3.870000,0.055000
1479760920412,1.475000,1.470000,500,1.480000,600,3.870000,0.055000
1479760921922,1.475000,1.470000,500,1.480000,600,3.870000,0.055000
1479760924443,1.475000,1.470000,500,1.480000,600,3.870000,0.055000
1479760926423,1.475000,1.470000,500,1.480000,600,3.870000,0.055000
1479760928917,1.475000,1.470000,500,1.480000,600,3.870000,0.055000
1479760930936,1.470000,1.470000,1000,1.480000,600,3.520000,0.050000
1479760932960,1.470000,1.470000,1000,1.480000,600,3.520000,0.050000
1479760934921,1.470000,1.470000,1000,1.480000,600,3.520000,0.050000
1479760936934,1.470000,1.470000,1000,1.480000,600,3.520000,0.050000
1479760938950,1.470000,1.470000,1000,1.480000,600,3.520000,0.050000
1479760940932,1.470000,1.470000,1000,1.480000,600,3.520000,0.050000
1479760942932,1.470000,1.470000,1000,1.480000,600,3.520000,0.050000
1479760944961,1.470000,1.470000,1000,1.480000,600,3.520000,0.050000
1479760946932,1.470000,1.470000,1000,1.480000,600,3.520000,0.050000
1479760949463,1.470000,1.470000,1000,1.480000,600,3.520000,0.050000
1479760951431,1.470000,1.470000,1000,1.480000,600,3.520000,0.050000
1479760953440,1.470000,1.470000,1000,1.480000,600,3.520000,0.050000
1479760955425,1.470000,1.470000,1000,1.480000,600,3.520000,0.050000
1479760956950,1.470000,1.470000,1000,1.480000,600,3.520000,0.050000
1479760959480,1.470000,1.470000,1000,1.480000,600,3.520000,0.050000
1479760961446,1.470000,1.470000,1000,1.480000,600,3.520000,0.050000
1479760962447,1.470000,1.470000,1000,1.480000,600,3.520000,0.050000
1479760965962,1.470000,1.470000,600,1.480000,600,3.520000,0.050000
1479760968012,1.470000,1.470000,600,1.480000,600,3.520000,0.050000
1479760969955,1.470000,1.470000,600,1.480000,600,3.520000,0.050000
1479760971968,1.470000,1.470000,600,1.480000,600,3.520000,0.050000
1479760973966,1.470000,1.470000,600,1.480000,600,3.520000,0.050000
1479760975954,1.470000,1.470000,600,1.480000,600,3.520000,0.050000
1479760977947,1.470000,1.470000,600,1.480000,600,3.520000,0.050000
1479760979994,1.470000,1.470000,600,1.480000,600,3.520000,0.050000
1479760981996,1.470000,1.470000,600,1.480000,600,3.520000,0.050000
1479760984454,1.470000,1.470000,600,1.480000,600,3.520000,0.050000
1479760986492,1.470000,1.470000,300,1.480000,600,3.520000,0.050000
1479760988498,1.470000,1.470000,1000,1.480000,100,3.520000,0.050000
1479760990474,1.470000,1.470000,1000,1.480000,100,3.520000,0.050000
1479760992488,1.470000,1.470000,1000,1.480000,100,3.520000,0.050000
1479760994012,1.475000,1.470000,1000,1.480000,100,3.870000,0.055000
1479760996463,1.471100,1.470000,1000,1.480000,200,3.600000,0.051100
1479760998522,1.471100,1.470000,1000,1.480000,200,3.600000,0.051100
1479761000960,1.471100,1.470000,1000,1.480000,200,3.600000,0.051100
1479761001973,1.471100,1.470000,1000,1.480000,200,3.600000,0.051100
1479761005003,1.471100,1.470000,1000,1.480000,200,3.600000,0.051100
1479761006990,1.471100,1.470000,1000,1.480000,200,3.600000,0.051100
1479761008488,1.471100,1.470000,1000,1.480000,200,3.600000,0.051100
1479761010477,1.471100,1.470000,1000,1.480000,200,3.600000,0.051100
1479761011983,1.471100,1.470000,1000,1.480000,200,3.600000,0.051100
1479761014996,1.471100,1.470000,1000,1.480000,200,3.600000,0.051100
1479761016992,1.471100,1.470000,1000,1.480000,200,3.600000,0.051100
1479761019029,1.470000,1.470000,900,1.480000,200,3.520000,0.050000
1479761020478,1.470000,1.470000,900,1.480000,200,3.520000,0.050000
1479761023494,1.470000,1.470000,900,1.480000,200,3.520000,0.050000
1479761025083,1.470000,1.470000,900,1.480000,200,3.520000,0.050000
1479761027539,1.470000,1.470000,800,1.480000,200,3.520000,0.050000
1479761029482,1.470000,1.470000,800,1.480000,300,3.520000,0.050000
1479761031505,1.470000,1.470000,800,1.480000,300,3.520000,0.050000
1479761033511,1.470000,1.470000,700,1.480000,300,3.520000,0.050000
1479761035513,1.470000,1.470000,700,1.480000,300,3.520000,0.050000
1479761037510,1.470000,1.470000,700,1.480000,400,3.520000,0.050000
1479761039528,1.470000,1.470000,700,1.480000,400,3.520000,0.050000
1479761042022,1.470000,1.470000,700,1.480000,300,3.520000,0.050000
1479761044040,1.470000,1.470000,700,1.480000,300,3.520000,0.050000
1479761046001,1.470000,1.470000,700,1.480000,300,3.520000,0.050000
1479761048018,1.470000,1.470000,700,1.480000,300,3.520000,0.050000
1479761050018,1.470000,1.470000,600,1.480000,300,3.520000,0.050000
1479761052078,1.470000,1.470000,600,1.480000,300,3.520000,0.050000
1479761054033,1.470000,1.470000,600,1.480000,300,3.520000,0.050000
1479761056025,1.470000,1.470000,600,1.480000,300,3.520000,0.050000
1479761058034,1.470000,1.470000,600,1.480000,300,3.520000,0.050000
1479761060043,1.470000,1.470000,600,1.480000,300,3.520000,0.050000
1479761062046,1.470000,1.470000,600,1.480000,300,3.520000,0.050000
1479761064549,1.470000,1.470000,600,1.480000,300,3.520000,0.050000
1479761065520,1.475000,1.470000,5600,1.480000,300,3.870000,0.055000
1479761068587,1.475000,1.470000,5600,1.480000,300,3.870000,0.055000
1479761070057,1.475000,1.470000,5600,1.480000,300,3.870000,0.055000
1479761072064,1.475000,1.470000,5600,1.480000,300,3.870000,0.055000
1479761074539,1.475000,1.470000,5600,1.480000,300,3.870000,0.055000
1479761076545,1.475000,1.470000,5600,1.480000,300,3.870000,0.055000
1479761078536,1.475000,1.470000,5600,1.480000,300,3.870000,0.055000
1479761080033,1.475000,1.470000,5600,1.480000,300,3.870000,0.055000
1479761082534,1.475000,1.470000,5600,1.480000,100,3.870000,0.055000
1479761084567,1.472000,1.470000,5600,1.480000,200,3.660000,0.052000
1479761086577,1.472000,1.470000,5600,1.480000,200,3.660000,0.052000
1479761089032,1.470000,1.470000,5500,1.480000,200,3.520000,0.050000
1479761090539,1.470000,1.470000,5500,1.480000,200,3.520000,0.050000
1479761093038,1.470000,1.470000,5500,1.480000,200,3.520000,0.050000
1479761095057,1.470000,1.470000,5500,1.480000,200,3.520000,0.050000
1479761097035,1.470000,1.470000,5500,1.480000,200,3.520000,0.050000
1479761099037,1.470000,1.470000,5500,1.480000,200,3.520000,0.050000
1479761101066,1.470000,1.470000,5500,1.480000,200,3.520000,0.050000
1479761103084,1.470000,1.470000,5200,1.480000,300,3.520000,0.050000
1479761104046,1.470000,1.470000,5200,1.480000,300,3.520000,0.050000
1479761107104,1.470000,1.470000,6100,1.480000,300,3.520000,0.050000
1479761109555,1.470000,1.470000,6000,1.480000,300,3.520000,0.050000
1479761111545,1.470000,1.470000,6000,1.480000,300,3.520000,0.050000
1479761113046,1.470000,1.470000,6000,1.480000,300,3.520000,0.050000
1479761115651,1.470000,1.470000,6000,1.480000,300,3.520000,0.050000
1479761116092,1.470000,1.470000,6000,1.480000,300,3.520000,0.050000
1479761120059,1.470000,1.470000,6900,1.480000,300,3.520000,0.050000
1479761122072,1.470000,1.470000,6900,1.480000,300,3.520000,0.050000
1479761124145,1.470000,1.470000,6900,1.480000,300,3.520000,0.050000
1479761126075,1.470000,1.470000,6900,1.480000,300,3.520000,0.050000
1479761128057,1.470000,1.470000,6900,1.480000,300,3.520000,0.050000
1479761128588,1.470000,1.470000,6900,1.480000,300,3.520000,0.050000
1479761132076,1.470000,1.470000,1900,1.480000,300,3.520000,0.050000
1479761134082,1.470000,1.470000,1900,1.480000,300,3.520000,0.050000
1479761136129,1.470000,1.470000,1900,1.480000,300,3.520000,0.050000
1479761138089,1.470000,1.470000,1900,1.480000,300,3.520000,0.050000
1479761140076,1.470000,1.470000,1900,1.480000,300,3.520000,0.050000
1479761142418,1.470000,1.470000,5000,1.480000,300,3.520000,0.050000
1479761143404,1.470000,1.470000,5000,1.480000,300,3.520000,0.050000
1479761146388,1.470000,1.470000,5000,1.480000,300,3.520000,0.050000
1479761147400,1.470000,1.470000,5000,1.480000,300,3.520000,0.050000
1479761150927,1.479500,1.470000,5000,1.480000,300,4.190000,0.059500
1479761152910,1.479500,1.470000,5000,1.480000,300,4.190000,0.059500
1479761154893,1.479500,1.470000,5000,1.480000,300,4.190000,0.059500
1479761156914,1.479500,1.470000,5000,1.480000,300,4.190000,0.059500
1479761158917,1.479500,1.470000,5000,1.480000,300,4.190000,0.059500
1479761160920,1.479500,1.470000,5000,1.480000,300,4.190000,0.059500
1479761162941,1.479500,1.470000,5000,1.480000,300,4.190000,0.059500
1479761164915,1.479500,1.470000,5000,1.480000,300,4.190000,0.059500
1479761166904,1.479500,1.470000,5000,1.480000,300,4.190000,0.059500
1479761168934,1.479500,1.470000,5000,1.480000,300,4.190000,0.059500
1479761170922,1.479500,1.470000,5000,1.480000,300,4.190000,0.059500
1479761173402,1.479500,1.470000,5000,1.480000,300,4.190000,0.059500
1479761175440,1.479500,1.470000,5000,1.480000,300,4.190000,0.059500
1479761177001,1.479500,1.470000,5000,1.480000,300,4.190000,0.059500
1479761179440,1.479500,1.470000,5000,1.480000,300,4.190000,0.059500
1479761181413,1.479500,1.470000,5000,1.480000,300,4.190000,0.059500
1479761182919,1.479500,1.470000,5000,1.480000,300,4.190000,0.059500
1479761185415,1.479500,1.470000,5000,1.480000,300,4.190000,0.059500
1479761187452,1.479500,1.470000,5000,1.480000,300,4.190000,0.059500
1479761189426,1.479500,1.470000,5000,1.480000,300,4.190000,0.059500
1479761190994,1.479500,1.470000,5000,1.480000,300,4.190000,0.059500
1479761193933,1.479500,1.470000,5000,1.480000,300,4.190000,0.059500
1479761195954,1.479500,1.470000,5000,1.480000,300,4.190000,0.059500
1479761197431,1.479500,1.470000,1900,1.480000,300,4.190000,0.059500
1479761199939,1.479500,1.470000,1900,1.480000,300,4.190000,0.059500
1479761201939,1.479500,1.470000,1900,1.480000,300,4.190000,0.059500
1479761203442,1.479500,1.470000,1900,1.480000,300,4.190000,0.059500
1479761206035,1.475000,1.470000,1400,1.480000,300,3.870000,0.055000
1479761207927,1.475000,1.470000,1400,1.480000,300,3.870000,0.055000
1479761210448,1.475000,1.470000,1400,1.480000,300,3.870000,0.055000
1479761212466,1.475000,1.470000,1400,1.480000,300,3.870000,0.055000
1479761214457,1.475000,1.470000,1400,1.480000,300,3.870000,0.055000
1479761215965,1.475000,1.470000,1400,1.480000,300,3.870000,0.055000
1479761217936,1.475000,1.470000,1400,1.480000,300,3.870000,0.055000
1479761220482,1.475000,1.470000,1400,1.480000,300,3.870000,0.055000
1479761220482,1.475000,1.470000,1400,1.480000,300,3.870000,0.055000
1479761224447,1.475000,1.470000,1400,1.480000,300,3.870000,0.055000
1479761226445,1.475000,1.470000,1400,1.480000,300,3.870000,0.055000
1479761228442,1.475000,1.470000,1400,1.480000,300,3.870000,0.055000
1479761230961,1.475000,1.470000,1400,1.480000,300,3.870000,0.055000
1479761232967,1.475000,1.470000,1400,1.480000,300,3.870000,0.055000
1479761235006,1.475000,1.470000,1400,1.480000,300,3.870000,0.055000
1479761236460,1.475000,1.470000,1400,1.480000,300,3.870000,0.055000
1479761238982,1.475000,1.470000,1400,1.480000,300,3.870000,0.055000
1479761240956,1.475000,1.470000,1400,1.480000,300,3.870000,0.055000
1479761242976,1.475000,1.470000,1400,1.480000,300,3.870000,0.055000
1479761244961,1.475000,1.470000,1400,1.480000,300,3.870000,0.055000
1479761246956,1.475000,1.470000,1400,1.480000,300,3.870000,0.055000
1479761248467,1.475000,1.470000,1400,1.480000,300,3.870000,0.055000
1479761250997,1.475000,1.470000,1400,1.480000,300,3.870000,0.055000
1479761253474,1.475000,1.470000,1400,1.480000,300,3.870000,0.055000
1479761255494,1.475000,1.470000,1400,1.480000,300,3.870000,0.055000
1479761257468,1.475000,1.470000,1400,1.480000,300,3.870000,0.055000
1479761259481,1.475000,1.470000,1400,1.480000,300,3.870000,0.055000
1479761261484,1.475000,1.470000,1400,1.480000,300,3.870000,0.055000
1479761263479,1.475000,1.470000,1400,1.480000,400,3.870000,0.055000
1479761265525,1.475000,1.470000,1400,1.480000,400,3.870000,0.055000
1479761267500,1.475000,1.470000,1400,1.480000,400,3.870000,0.055000
1479761269487,1.470000,1.470000,1000,1.480000,400,3.520000,0.050000
1479761271492,1.470000,1.470000,1000,1.480000,400,3.520000,0.050000
1479761273472,1.470000,1.470000,1000,1.480000,400,3.520000,0.050000
1479761276000,1.470000,1.470000,1000,1.480000,400,3.520000,0.050000
1479761277984,1.470000,1.470000,1000,1.480000,400,3.520000,0.050000
1479761279996,1.470000,1.470000,1000,1.480000,400,3.520000,0.050000
1479761282003,1.470000,1.470000,1000,1.480000,400,3.520000,0.050000
1479761283998,1.470000,1.470000,700,1.480000,400,3.520000,0.050000
1479761286515,1.470000,1.470000,700,1.480000,400,3.520000,0.050000
1479761288481,1.470000,1.470000,700,1.480000,400,3.520000,0.050000
1479761290491,1.470000,1.470000,700,1.480000,400,3.520000,0.050000
1479761292515,1.470000,1.470000,700,1.480000,400,3.520000,0.050000
1479761293526,1.470000,1.470000,700,1.480000,400,3.520000,0.050000
1479761295045,1.470000,1.470000,700,1.480000,400,3.520000,0.050000
1479761298530,1.470000,1.470000,700,1.480000,400,3.520000,0.050000
1479761300498,1.470000,1.470000,700,1.480000,400,3.520000,0.050000
1479761302509,1.470000,1.470000,700,1.480000,400,3.520000,0.050000
1479761304519,1.470000,1.470000,300,1.480000,400,3.520000,0.050000
1479761306496,1.470000,1.460000,10500,1.470000,7800,3.520000,0.050000
1479761308999,1.470000,1.460000,10500,1.470000,7800,3.520000,0.050000
1479761311040,1.460700,1.460000,10500,1.470000,7800,2.870000,0.040700
1479761313079,1.460700,1.460000,10500,1.470000,7800,2.870000,0.040700
1479761315544,1.460000,1.460000,10500,1.470000,7800,2.820000,0.040000
1479761318022,1.460000,1.460000,10500,1.470000,7800,2.820000,0.040000
1479761320016,1.460000,1.460000,10500,1.470000,7800,2.820000,0.040000
1479761322028,1.460000,1.460000,10500,1.470000,7800,2.820000,0.040000
1479761324048,1.460000,1.460000,10500,1.470000,7800,2.820000,0.040000
1479761326036,1.460000,1.460000,10500,1.470000,7800,2.820000,0.040000
1479761328037,1.460000,1.460000,9900,1.470000,7800,2.820000,0.040000
1479761330014,1.460000,1.460000,9900,1.470000,7800,2.820000,0.040000
1479761332090,1.460000,1.460000,9900,1.470000,7800,2.820000,0.040000
1479761334035,1.460000,1.460000,9900,1.470000,7800,2.820000,0.040000
1479761336051,1.460000,1.460000,9900,1.470000,7800,2.820000,0.040000
1479761338050,1.460000,1.460000,9900,1.470000,7800,2.820000,0.040000
1479761340035,1.460000,1.460000,9900,1.470000,7800,2.820000,0.040000
1479761342547,1.460000,1.460000,9900,1.470000,7800,2.820000,0.040000
1479761344556,1.460000,1.460000,9900,1.470000,7800,2.820000,0.040000
1479761346546,1.460000,1.460000,9900,1.470000,7800,2.820000,0.040000
1479761348530,1.460000,1.460000,9900,1.470000,7800,2.820000,0.040000
1479761350524,1.460000,1.460000,9900,1.470000,7800,2.820000,0.040000
1479761352541,1.460000,1.460000,9900,1.470000,7800,2.820000,0.040000
1479761354556,1.460000,1.460000,9900,1.470000,7800,2.820000,0.040000
1479761356560,1.460000,1.460000,9900,1.470000,7800,2.820000,0.040000
1479761358543,1.460000,1.460000,9900,1.470000,7800,2.820000,0.040000
1479761360584,1.460000,1.460000,9900,1.470000,7800,2.820000,0.040000
1479761363114,1.460000,1.460000,9900,1.470000,7800,2.820000,0.040000
1479761365041,1.460000,1.460000,9000,1.470000,7800,2.820000,0.040000
1479761367077,1.460000,1.460000,9000,1.470000,7800,2.820000,0.040000
1479761369080,1.460000,1.460000,9000,1.470000,7800,2.820000,0.040000
1479761370588,1.460000,1.460000,9000,1.470000,7800,2.820000,0.040000
1479761373083,1.460000,1.460000,9000,1.470000,7800,2.820000,0.040000
1479761375058,1.460000,1.460000,9000,1.470000,7800,2.820000,0.040000
1479761377049,1.460000,1.460000,9000,1.470000,7800,2.820000,0.040000
1479761378566,1.460000,1.460000,9000,1.470000,7800,2.820000,0.040000
1479761381046,1.460000,1.460000,9000,1.470000,7800,2.820000,0.040000
1479761383045,1.460000,1.460000,9000,1.470000,7800,2.820000,0.040000
1479761385548,1.460000,1.460000,9000,1.470000,7800,2.820000,0.040000
1479761387574,1.460000,1.460000,8700,1.470000,7300,2.820000,0.040000
1479761389572,1.460000,1.460000,8700,1.470000,7300,2.820000,0.040000
1479761391563,1.460000,1.460000,8700,1.470000,7300,2.820000,0.040000
1479761393590,1.460000,1.460000,8700,1.470000,7300,2.820000,0.040000
1479761395566,1.460000,1.460000,8700,1.470000,7300,2.820000,0.040000
1479761397652,1.460000,1.460000,8700,1.470000,7300,2.820000,0.040000
1479761399662,1.460000,1.460000,8700,1.470000,7300,2.820000,0.040000
1479761401594,1.460000,1.460000,7300,1.470000,7300,2.820000,0.040000
1479761403903,1.460000,1.460000,6900,1.470000,7300,2.820000,0.040000
1479761406397,1.460000,1.460000,6900,1.470000,3000,2.820000,0.040000
1479761408408,1.460000,1.460000,6900,1.470000,3000,2.820000,0.040000
1479761410412,1.460000,1.460000,6900,1.470000,3100,2.820000,0.040000
1479761412466,1.460000,1.460000,6900,1.470000,3100,2.820000,0.040000
1479761414420,1.460000,1.460000,6900,1.470000,3100,2.820000,0.040000
1479761416417,1.460000,1.460000,6900,1.470000,3100,2.820000,0.040000
1479761418401,1.460000,1.460000,6900,1.470000,2200,2.820000,0.040000
1479761420411,1.460000,1.460000,6900,1.470000,2200,2.820000,0.040000
1479761422900,1.460000,1.460000,6900,1.470000,2200,2.820000,0.040000
1479761424920,1.460000,1.460000,6900,1.470000,2200,2.820000,0.040000
1479761426924,1.460000,1.460000,6900,1.470000,2200,2.820000,0.040000
1479761428951,1.460000,1.460000,6900,1.470000,2200,2.820000,0.040000
1479761430936,1.460000,1.460000,6900,1.470000,2200,2.820000,0.040000
1479761432441,1.460000,1.460000,6900,1.470000,2200,2.820000,0.040000
1479761434926,1.460000,1.460000,6700,1.470000,2200,2.820000,0.040000
1479761437425,1.460000,1.460000,6700,1.470000,2200,2.820000,0.040000
1479761439458,1.460000,1.460000,6700,1.470000,2200,2.820000,0.040000
1479761441465,1.460000,1.460000,6700,1.470000,2200,2.820000,0.040000
1479761443460,1.460000,1.460000,6700,1.470000,2200,2.820000,0.040000
1479761445453,1.464900,1.460000,6700,1.470000,2200,3.160000,0.044900
1479761447447,1.460000,1.460000,6600,1.470000,2200,2.820000,0.040000
1479761448949,1.460000,1.460000,6600,1.470000,2200,2.820000,0.040000
1479761451431,1.460000,1.460000,6600,1.470000,2200,2.820000,0.040000
1479761453436,1.460000,1.460000,6600,1.470000,2200,2.820000,0.040000
1479761455447,1.460000,1.460000,6400,1.470000,900,2.820000,0.040000
1479761457979,1.460000,1.460000,6400,1.470000,900,2.820000,0.040000
1479761459946,1.460000,1.460000,6400,1.470000,900,2.820000,0.040000
1479761461949,1.460000,1.460000,6400,1.470000,900,2.820000,0.040000
1479761463928,1.460000,1.460000,6400,1.470000,900,2.820000,0.040000
1479761465966,1.460000,1.460000,6400,1.470000,900,2.820000,0.040000
1479761467971,1.460000,1.460000,6400,1.470000,1000,2.820000,0.040000
1479761470031,1.460000,1.460000,6400,1.470000,1000,2.820000,0.040000
1479761471950,1.460000,1.460000,6400,1.470000,1000,2.820000,0.040000
1479761473936,1.460000,1.460000,6400,1.470000,1000,2.820000,0.040000
1479761475985,1.460000,1.460000,6400,1.470000,1000,2.820000,0.040000
1479761478446,1.460000,1.460000,6400,1.470000,1000,2.820000,0.040000
1479761480463,1.460000,1.460000,6400,1.470000,1000,2.820000,0.040000
1479761481498,1.460000,1.460000,6400,1.470000,1000,2.820000,0.040000
1479761484478,1.460000,1.460000,6300,1.470000,1000,2.820000,0.040000
1479761486509,1.460000,1.460000,6300,1.470000,1000,2.820000,0.040000
1479761488499,1.460000,1.460000,6300,1.470000,1000,2.820000,0.040000
1479761490471,1.460000,1.460000,6300,1.470000,1000,2.820000,0.040000
1479761492471,1.460000,1.460000,6300,1.470000,1000,2.820000,0.040000
1479761494492,1.460000,1.460000,6300,1.470000,1000,2.820000,0.040000
1479761496484,1.460000,1.460000,6300,1.470000,1000,2.820000,0.040000
1479761498470,1.460000,1.460000,6300,1.470000,1000,2.820000,0.040000
1479761500988,1.460000,1.460000,6300,1.470000,1000,2.820000,0.040000
1479761502994,1.460000,1.460000,6300,1.470000,1000,2.820000,0.040000
1479761504996,1.460000,1.460000,6300,1.470000,1000,2.820000,0.040000
1479761506553,1.460000,1.460000,6300,1.470000,1000,2.820000,0.040000
1479761508984,1.460000,1.460000,6300,1.470000,1000,2.820000,0.040000
1479761510974,1.460000,1.460000,6300,1.470000,1000,2.820000,0.040000
1479761513040,1.460000,1.460000,6300,1.470000,1000,2.820000,0.040000
1479761514989,1.460000,1.460000,6300,1.470000,1000,2.820000,0.040000
1479761516993,1.460000,1.460000,6300,1.470000,1000,2.820000,0.040000
1479761518989,1.460000,1.460000,6300,1.470000,1000,2.820000,0.040000
1479761521511,1.460000,1.460000,6300,1.470000,1100,2.820000,0.040000
1479761523512,1.460000,1.460000,6300,1.470000,1100,2.820000,0.040000
1479761525486,1.460000,1.460000,6300,1.470000,1100,2.820000,0.040000
1479761527479,1.460000,1.460000,6300,1.470000,1100,2.820000,0.040000
1479761529008,1.460000,1.460000,6300,1.470000,1100,2.820000,0.040000
1479761531534,1.460000,1.460000,6300,1.470000,1100,2.820000,0.040000
1479761533560,1.460000,1.460000,6300,1.470000,1100,2.820000,0.040000
1479761535509,1.460000,1.460000,6300,1.470000,1100,2.820000,0.040000
1479761537509,1.460000,1.460000,6300,1.470000,1100,2.820000,0.040000
1479761539001,1.460000,1.460000,6300,1.470000,1100,2.820000,0.040000
1479761541496,1.460000,1.460000,6300,1.470000,1100,2.820000,0.040000
1479761544024,1.470000,1.460000,6300,1.470000,600,3.520000,0.050000
1479761546000,1.470000,1.460000,6300,1.470000,600,3.520000,0.050000
1479761548066,1.470000,1.460000,6300,1.470000,600,3.520000,0.050000
1479761550039,1.470000,1.460000,6300,1.470000,600,3.520000,0.050000
1479761552016,1.470000,1.460000,6300,1.470000,600,3.520000,0.050000
1479761553035,1.470000,1.460000,6300,1.470000,700,3.520000,0.050000
1479761554996,1.460000,1.460000,900,1.470000,700,2.820000,0.040000
1479761558023,1.460000,1.460000,900,1.470000,700,2.820000,0.040000
1479761559524,1.460000,1.460000,900,1.470000,700,2.820000,0.040000
1479761561548,1.460000,1.460000,900,1.470000,700,2.820000,0.040000
1479761564522,1.460000,1.460000,5000,1.470000,700,2.820000,0.040000
1479761566548,1.460000,1.460000,5000,1.470000,700,2.820000,0.040000
1479761568535,1.460000,1.460000,5000,1.470000,700,2.820000,0.040000
1479761570525,1.460000,1.460000,5000,1.470000,800,2.820000,0.040000
1479761572520,1.460000,1.460000,5000,1.470000,800,2.820000,0.040000
1479761573519,1.460000,1.460000,5000,1.470000,800,2.820000,0.040000
1479761575040,1.470000,1.460000,2200,1.470000,800,3.520000,0.050000
1479761578555,1.470000,1.460000,2200,1.470000,800,3.520000,0.050000
1479761580571,1.470000,1.460000,2200,1.470000,800,3.520000,0.050000
1479761582533,1.470000,1.460000,2200,1.470000,800,3.520000,0.050000
1479761584526,1.470000,1.460000,2200,1.470000,800,3.520000,0.050000
1479761586051,1.470000,1.460000,2200,1.470000,800,3.520000,0.050000
1479761589080,1.470000,1.460000,2200,1.470000,800,3.520000,0.050000
1479761591077,1.470000,1.460000,2200,1.470000,800,3.520000,0.050000
1479761592604,1.470000,1.460000,2200,1.470000,800,3.520000,0.050000
1479761595036,1.470000,1.460000,2200,1.470000,800,3.520000,0.050000
1479761597051,1.470000,1.460000,2200,1.470000,800,3.520000,0.050000
1479761599069,1.470000,1.460000,2200,1.470000,800,3.520000,0.050000
1479761601543,1.470000,1.460000,2200,1.470000,800,3.520000,0.050000
1479761603529,1.470000,1.460000,2200,1.470000,800,3.520000,0.050000
1479761605584,1.470000,1.460000,2200,1.470000,800,3.520000,0.050000
1479761607595,1.470000,1.460000,2200,1.470000,800,3.520000,0.050000
1479761609569,1.470000,1.460000,2200,1.470000,800,3.520000,0.050000
1479761611576,1.470000,1.460000,2200,1.470000,800,3.520000,0.050000
1479761614047,1.470000,1.460000,2200,1.470000,800,3.520000,0.050000
1479761616053,1.470000,1.460000,2200,1.470000,800,3.520000,0.050000
1479761618055,1.470000,1.460000,2200,1.470000,800,3.520000,0.050000
1479761619612,1.460000,1.460000,2200,1.470000,800,2.820000,0.040000
1479761621594,1.460000,1.460000,2200,1.470000,800,2.820000,0.040000
1479761624541,1.460000,1.460000,2200,1.470000,800,2.820000,0.040000
1479761626569,1.460000,1.460000,2200,1.470000,800,2.820000,0.040000
1479761628590,1.460000,1.460000,2200,1.470000,800,2.820000,0.040000
1479761630560,1.460000,1.460000,2200,1.470000,800,2.820000,0.040000
1479761632109,1.460000,1.460000,2200,1.470000,800,2.820000,0.040000
1479761635108,1.460000,1.460000,2200,1.470000,800,2.820000,0.040000
1479761637088,1.460000,1.460000,2200,1.470000,800,2.820000,0.040000
1479761638572,1.460000,1.460000,2200,1.470000,800,2.820000,0.040000
1479761641160,1.460000,1.460000,2200,1.470000,800,2.820000,0.040000
1479761643063,1.460000,1.460000,2200,1.470000,800,2.820000,0.040000
1479761645595,1.460000,1.460000,2100,1.470000,800,2.820000,0.040000
1479761647123,1.460000,1.460000,2000,1.470000,700,2.820000,0.040000
1479761649078,1.460000,1.460000,2000,1.470000,700,2.820000,0.040000
1479761650707,1.460000,1.460000,2000,1.470000,700,2.820000,0.040000
1479761653911,1.460000,1.460000,2000,1.470000,700,2.820000,0.040000
1479761655906,1.460000,1.460000,2000,1.470000,700,2.820000,0.040000
1479761657901,1.460000,1.460000,2000,1.470000,500,2.820000,0.040000
1479761659398,1.465200,1.460000,2000,1.470000,500,3.180000,0.045200
1479761661925,1.465200,1.460000,2000,1.470000,500,3.180000,0.045200
1479761663938,1.465000,1.460000,2000,1.470000,500,3.170000,0.045000
1479761665932,1.465000,1.460000,2000,1.470000,500,3.170000,0.045000
1479761667946,1.465000,1.460000,2000,1.470000,500,3.170000,0.045000
1479761669943,1.465000,1.460000,2000,1.470000,500,3.170000,0.045000
1479761672411,1.465000,1.460000,2000,1.470000,500,3.170000,0.045000
1479761673918,1.465000,1.460000,2000,1.470000,500,3.170000,0.045000
1479761676409,1.465000,1.460000,2000,1.470000,500,3.170000,0.045000
1479761678416,1.465000,1.460000,2000,1.470000,500,3.170000,0.045000
1479761680427,1.465000,1.460000,2000,1.470000,500,3.170000,0.045000
1479761682435,1.465000,1.460000,2000,1.470000,500,3.170000,0.045000
1479761684413,1.465000,1.460000,2000,1.470000,500,3.170000,0.045000
1479761686446,1.465000,1.460000,2000,1.470000,500,3.170000,0.045000
1479761688426,1.465000,1.460000,2000,1.470000,500,3.170000,0.045000
1479761690407,1.465000,1.460000,2000,1.470000,500,3.170000,0.045000
1479761691986,1.465000,1.460000,2000,1.470000,500,3.170000,0.045000
1479761694924,1.465000,1.460000,2000,1.470000,500,3.170000,0.045000
1479761696947,1.465000,1.460000,2000,1.470000,500,3.170000,0.045000
1479761698938,1.465000,1.460000,2000,1.470000,500,3.170000,0.045000
1479761700918,1.465000,1.460000,2000,1.470000,500,3.170000,0.045000
1479761702949,1.465000,1.460000,2000,1.470000,500,3.170000,0.045000
1479761704969,1.469300,1.460000,2000,1.470000,500,3.470000,0.049300
1479761706966,1.469300,1.460000,2000,1.470000,500,3.470000,0.049300
1479761708946,1.469300,1.460000,2000,1.470000,500,3.470000,0.049300
1479761711431,1.469300,1.460000,2000,1.470000,500,3.470000,0.049300
1479761713446,1.469300,1.460000,2000,1.470000,600,3.470000,0.049300
1479761715460,1.469300,1.460000,2000,1.470000,600,3.470000,0.049300
1479761717431,1.460000,1.460000,2000,1.470000,600,2.820000,0.040000
1479761719466,1.460000,1.460000,2000,1.470000,600,2.820000,0.040000
1479761720940,1.460000,1.460000,2000,1.470000,600,2.820000,0.040000
1479761723447,1.460000,1.460000,2000,1.470000,600,2.820000,0.040000
1479761725454,1.465000,1.460000,2000,1.470000,600,3.170000,0.045000
1479761727938,1.465000,1.460000,2000,1.470000,600,3.170000,0.045000
1479761729965,1.465000,1.460000,2000,1.470000,600,3.170000,0.045000
1479761731966,1.465000,1.460000,3000,1.470000,600,3.170000,0.045000
1479761733954,1.465000,1.460000,3000,1.470000,600,3.170000,0.045000
1479761735479,1.465000,1.460000,3000,1.470000,600,3.170000,0.045000
1479761737444,1.465000,1.460000,3000,1.470000,600,3.170000,0.045000
1479761739967,1.465000,1.460000,3000,1.470000,600,3.170000,0.045000
1479761741943,1.465000,1.460000,3000,1.470000,600,3.170000,0.045000
1479761743990,1.465000,1.460000,3000,1.470000,600,3.170000,0.045000
1479761745980,1.460000,1.460000,3000,1.470000,600,2.820000,0.040000
1479761747464,1.460000,1.460000,3000,1.470000,600,2.820000,0.040000
1479761750464,1.460000,1.460000,3000,1.470000,600,2.820000,0.040000
1479761752499,1.460000,1.460000,3000,1.470000,600,2.820000,0.040000
1479761754477,1.460000,1.460000,3000,1.470000,600,2.820000,0.040000
1479761756487,1.460000,1.460000,3000,1.470000,800,2.820000,0.040000
1479761758460,1.460000,1.460000,3000,1.470000,800,2.820000,0.040000
1479761760466,1.460000,1.460000,3000,1.470000,1700,2.820000,0.040000
1479761762474,1.460000,1.460000,3000,1.470000,1700,2.820000,0.040000
1479761764482,1.460000,1.460000,3000,1.470000,1700,2.820000,0.040000
1479761766053,1.460000,1.460000,3000,1.470000,1700,2.820000,0.040000
1479761768518,1.460000,1.460000,3000,1.470000,1700,2.820000,0.040000
1479761770478,1.460000,1.460000,3000,1.470000,1700,2.820000,0.040000
1479761772995,1.460000,1.460000,3000,1.470000,1700,2.820000,0.040000
1479761774977,1.460000,1.460000,3000,1.470000,1700,2.820000,0.040000
1479761777011,1.460000,1.460000,3000,1.470000,800,2.820000,0.040000
1479761778474,1.460000,1.460000,3000,1.470000,800,2.820000,0.040000
1479761781004,1.460000,1.460000,3000,1.470000,800,2.820000,0.040000
1479761783037,1.460000,1.460000,3000,1.470000,800,2.820000,0.040000
1479761785014,1.465000,1.460000,3000,1.470000,800,3.170000,0.045000
1479761786999,1.469300,1.460000,3000,1.470000,800,3.470000,0.049300
1479761788993,1.460000,1.460000,2800,1.470000,600,2.820000,0.040000
1479761790994,1.460000,1.460000,2800,1.470000,600,2.820000,0.040000
1479761793008,1.460000,1.460000,2800,1.470000,600,2.820000,0.040000
1479761794503,1.460000,1.460000,2800,1.470000,600,2.820000,0.040000
1479761797040,1.460000,1.460000,2800,1.470000,600,2.820000,0.040000
1479761798994,1.460000,1.460000,2800,1.470000,600,2.820000,0.040000
1479761801496,1.460000,1.460000,2800,1.470000,600,2.820000,0.040000
1479761803496,1.460000,1.460000,2800,1.470000,700,2.820000,0.040000
1479761805013,1.460000,1.460000,2800,1.470000,700,2.820000,0.040000
1479761806998,1.460000,1.460000,2600,1.470000,700,2.820000,0.040000
1479761809484,1.460000,1.460000,2600,1.470000,700,2.820000,0.040000
1479761811527,1.460000,1.460000,2600,1.470000,700,2.820000,0.040000
1479761813531,1.460000,1.460000,2600,1.470000,700,2.820000,0.040000
1479761815994,1.460000,1.460000,2600,1.470000,700,2.820000,0.040000
1479761818043,1.460000,1.460000,2600,1.470000,700,2.820000,0.040000
1479761820012,1.460000,1.460000,2600,1.470000,700,2.820000,0.040000
1479761821024,1.460000,1.460000,2600,1.470000,700,2.820000,0.040000
1479761823575,1.460000,1.460000,2600,1.470000,1500,2.820000,0.040000
1479761826049,1.460000,1.460000,2600,1.470000,1500,2.820000,0.040000
1479761827516,1.460000,1.460000,2600,1.470000,1300,2.820000,0.040000
1479761830060,1.460000,1.460000,2600,1.470000,1200,2.820000,0.040000
1479761831999,1.460000,1.460000,2600,1.470000,1200,2.820000,0.040000
1479761833534,1.460000,1.460000,2600,1.470000,400,2.820000,0.040000
1479761835548,1.460000,1.460000,2600,1.470000,900,2.820000,0.040000
1479761838597,1.466500,1.460000,2600,1.470000,900,3.270000,0.046500
1479761840633,1.466500,1.460000,2600,1.470000,900,3.270000,0.046500
1479761842034,1.466500,1.460000,2600,1.470000,900,3.270000,0.046500
1479761844539,1.466500,1.460000,2600,1.470000,1000,3.270000,0.046500
1479761846544,1.466500,1.460000,2600,1.470000,1000,3.270000,0.046500
1479761849045,1.466500,1.460000,2600,1.470000,1000,3.270000,0.046500
1479761851058,1.466500,1.460000,2600,1.470000,1000,3.270000,0.046500
1479761853081,1.460000,1.460000,2500,1.470000,1000,2.820000,0.040000
1479761855012,1.460000,1.460000,2500,1.470000,1000,2.820000,0.040000
1479761856519,1.460000,1.460000,2500,1.470000,1000,2.820000,0.040000
1479761858529,1.460000,1.460000,2500,1.470000,1000,2.820000,0.040000
1479761861039,1.460000,1.460000,2500,1.470000,1000,2.820000,0.040000
1479761863060,1.460000,1.460000,2500,1.470000,1000,2.820000,0.040000
1479761864526,1.460000,1.460000,2500,1.470000,1000,2.820000,0.040000
1479761867077,1.460000,1.460000,2500,1.470000,1000,2.820000,0.040000
1479761868611,1.460000,1.460000,2400,1.470000,1000,2.820000,0.040000
1479761871049,1.460000,1.460000,2300,1.470000,900,2.820000,0.040000
1479761873568,1.460000,1.460000,2300,1.470000,900,2.820000,0.040000
1479761875547,1.460000,1.460000,2100,1.470000,900,2.820000,0.040000
1479761877559,1.460000,1.460000,2100,1.470000,900,2.820000,0.040000
1479761879576,1.460000,1.460000,2100,1.470000,900,2.820000,0.040000
1479761881636,1.465000,1.460000,2100,1.470000,900,3.170000,0.045000
1479761883607,1.466000,1.460000,2100,1.470000,900,3.240000,0.046000
1479761885559,1.466000,1.460000,2100,1.470000,1000,3.240000,0.046000
1479761887565,1.466000,1.460000,2100,1.470000,1000,3.240000,0.046000
1479761889553,1.466000,1.460000,2100,1.470000,1000,3.240000,0.046000
1479761891580,1.460000,1.460000,2100,1.470000,1000,2.820000,0.040000
1479761893566,1.460000,1.460000,2100,1.470000,1000,2.820000,0.040000
1479761895578,1.460000,1.460000,2100,1.470000,1000,2.820000,0.040000
1479761898137,1.460000,1.460000,2100,1.470000,1000,2.820000,0.040000
1479761900057,1.460000,1.460000,2100,1.470000,1000,2.820000,0.040000
1479761902426,1.460000,1.460000,2100,1.470000,1000,2.820000,0.040000
1479761904396,1.460000,1.460000,2100,1.470000,1000,2.820000,0.040000
1479761906405,1.460000,1.460000,2100,1.470000,1000,2.820000,0.040000
1479761908402,1.467800,1.460000,2100,1.470000,1000,3.370000,0.047800
1479761909904,1.467800,1.460000,2100,1.470000,1000,3.370000,0.047800
1479761912396,1.466500,1.460000,2100,1.470000,1400,3.270000,0.046500
1479761914440,1.466500,1.460000,2100,1.470000,1400,3.270000,0.046500
1479761916903,1.466500,1.460000,2100,1.470000,1400,3.270000,0.046500
1479761918918,1.466500,1.460000,2100,1.470000,1400,3.270000,0.046500
1479761920944,1.462800,1.460000,1800,1.470000,1400,3.010000,0.042800
1479761922937,1.465000,1.460000,1800,1.470000,1400,3.170000,0.045000
1479761924418,1.465000,1.460000,1800,1.470000,900,3.170000,0.045000
1479761926436,1.460000,1.460000,1800,1.470000,900,2.820000,0.040000
1479761928940,1.460000,1.460000,1800,1.470000,900,2.820000,0.040000
1479761930926,1.460000,1.460000,1800,1.470000,1400,2.820000,0.040000
1479761932940,1.460000,1.460000,1800,1.470000,900,2.820000,0.040000
1479761934915,1.460000,1.460000,1800,1.470000,900,2.820000,0.040000
1479761936928,1.460000,1.460000,1800,1.470000,900,2.820000,0.040000
1479761939444,1.460000,1.460000,1800,1.470000,1300,2.820000,0.040000
1479761941440,1.465000,1.460000,1800,1.470000,1300,3.170000,0.045000
1479761943443,1.460000,1.460000,1800,1.470000,1300,2.820000,0.040000
1479761945446,1.460000,1.460000,1800,1.470000,1300,2.820000,0.040000
1479761947439,1.460000,1.460000,1800,1.470000,1300,2.820000,0.040000
1479761949465,1.460000,1.460000,1800,1.470000,1500,2.820000,0.040000
1479761951442,1.460000,1.460000,1700,1.470000,1500,2.820000,0.040000
1479761953526,1.460000,1.460000,1700,1.470000,1500,2.820000,0.040000
1479761955427,1.460000,1.460000,1700,1.470000,1500,2.820000,0.040000
1479761957473,1.460000,1.460000,1700,1.470000,1500,2.820000,0.040000
1479761959958,1.460000,1.460000,1700,1.470000,1500,2.820000,0.040000
1479761961482,1.460000,1.460000,1600,1.470000,700,2.820000,0.040000
1479761963953,1.465000,1.460000,1600,1.470000,300,3.170000,0.045000
1479761965459,1.465000,1.460000,1600,1.470000,300,3.170000,0.045000
1479761967961,1.460000,1.460000,1200,1.470000,300,2.820000,0.040000
1479761969954,1.460000,1.460000,1200,1.470000,300,2.820000,0.040000
1479761971947,1.460000,1.460000,1200,1.470000,300,2.820000,0.040000
1479761974448,1.460000,1.460000,700,1.470000,300,2.820000,0.040000
1479761976981,1.460000,1.460000,700,1.470000,300,2.820000,0.040000
1479761978981,1.460000,1.460000,700,1.470000,300,2.820000,0.040000
1479761980982,1.460000,1.460000,700,1.470000,300,2.820000,0.040000
1479761982974,1.460000,1.460000,700,1.470000,300,2.820000,0.040000
1479761984981,1.460000,1.460000,700,1.470000,300,2.820000,0.040000
1479761986977,1.460000,1.460000,700,1.470000,300,2.820000,0.040000
1479761988986,1.462800,1.460000,700,1.470000,300,3.010000,0.042800
1479761990989,1.465000,1.460000,700,1.470000,300,3.170000,0.045000
1479761992453,1.465000,1.460000,700,1.470000,300,3.170000,0.045000
1479761995508,1.450000,1.450000,3700,1.480000,700,2.110000,0.030000
1479761997523,1.455000,1.450000,3700,1.460000,100,2.460000,0.035000
1479761998488,1.455000,1.450000,3500,1.460000,100,2.460000,0.035000
1479762001509,1.450000,1.450000,400,1.500000,600,2.110000,0.030000
1479762003006,1.450000,1.430000,1400,1.500000,600,2.110000,0.030000
1479762005467,1.450000,1.430000,1400,1.500000,600,2.110000,0.030000
1479762006071,1.450000,0.000000,0,0.000000,0,2.110000,0.000000
1479762006071,1.450000,0.000000,0,0.000000,0,2.110000,0.000000
1479762006071,1.450000,0.000000,0,0.000000,0,2.110000,0.000000
1479762025839,1.450000,0.000000,0,0.000000,0,2.110000,0.000000
1479762025839,1.450000,0.000000,0,0.000000,0,2.110000,0.000000
1479762025839,1.450000,0.000000,0,0.000000,0,2.110000,0.000000
1479762025839,1.450000,0.000000,0,0.000000,0,2.110000,0.000000
1479762025839,1.450000,0.000000,0,0.000000,0,2.110000,0.000000
1479762025839,1.450000,0.000000,0,0.000000,0,2.110000,0.000000
1479762025839,1.450000,0.000000,0,0.000000,0,2.110000,0.000000
1479762025839,1.450000,0.000000,0,0.000000,0,2.110000,0.000000
1479762025839,1.450000,0.000000,0,0.000000,0,2.110000,0.000000
1479762025839,1.450000,0.000000,0,0.000000,0,2.110000,0.000000
1479762025839,1.450000,0.000000,0,0.000000,0,2.110000,0.000000
1479762025839,1.450000,0.000000,0,0.000000,0,2.110000,0.000000
1479762025839,1.450000,0.000000,0,0.000000,0,2.110000,0.000000
1479762025839,1.450000,0.000000,0,0.000000,0,2.110000,0.000000
1479762025839,1.450000,0.000000,0,0.000000,0,2.110000,0.000000
1479762025839,1.450000,0.000000,0,0.000000,0,2.110000,0.000000
1479762025839,1.450000,0.000000,0,0.000000,0,2.110000,0.000000
1479762025839,1.450000,0.000000,0,0.000000,0,2.110000,0.000000
1479762025839,1.450000,0.000000,0,0.000000,0,2.110000,0.000000
1479762025839,1.450000,0.000000,0,0.000000,0,2.110000,0.000000
1479762025839,1.450000,0.000000,0,0.000000,0,2.110000,0.000000
1479762025839,1.450000,0.000000,0,0.000000,0,2.110000,0.000000
1479762025839,1.450000,0.000000,0,0.000000,0,2.110000,0.000000
1479762025839,1.450000,0.000000,0,0.000000,0,2.110000,0.000000
1479762025839,1.450000,0.000000,0,0.000000,0,2.110000,0.000000
1479762025839,1.450000,0.000000,0,0.000000,0,2.110000,0.000000
1479762025839,1.450000,0.000000,0,0.000000,0,2.110000,0.000000
1479762025839,1.450000,0.000000,0,0.000000,0,2.110000,0.000000
1479762025839,1.450000,0.000000,0,0.000000,0,2.110000,0.000000
1479762025839,1.450000,0.000000,0,0.000000,0,2.110000,0.000000
1479762085786,1.450000,0.000000,0,0.000000,0,2.110000,0.000000
1479762085786,1.450000,0.000000,0,0.000000,0,2.110000,0.000000
1479762085786,1.450000,0.000000,0,0.000000,0,2.110000,0.000000
1479762085786,1.450000,0.000000,0,0.000000,0,2.110000,0.000000
1479762085786,1.450000,0.000000,0,0.000000,0,2.110000,0.000000
1479762085786,1.450000,0.000000,0,0.000000,0,2.110000,0.000000
1479762085786,1.450000,0.000000,0,0.000000,0,2.110000,0.000000
1479762085786,1.450000,0.000000,0,0.000000,0,2.110000,0.000000
1479762085786,1.450000,0.000000,0,0.000000,0,2.110000,0.000000
1479762085786,1.450000,0.000000,0,0.000000,0,2.110000,0.000000
1479762085786,1.450000,0.000000,0,0.000000,0,2.110000,0.000000
1479762085786,1.450000,0.000000,0,0.000000,0,2.110000,0.000000
1479762085786,1.450000,0.000000,0,0.000000,0,2.110000,0.000000
1479762085786,1.450000,0.000000,0,0.000000,0,2.110000,0.000000
1479762085786,1.450000,0.000000,0,0.000000,0,2.110000,0.000000
1479762085786,1.450000,0.000000,0,0.000000,0,2.110000,0.000000
1479762085786,1.450000,0.000000,0,0.000000,0,2.110000,0.000000
1479762085786,1.450000,0.000000,0,0.000000,0,2.110000,0.000000
1479762085786,1.450000,0.000000,0,0.000000,0,2.110000,0.000000
1479762125769,1.450000,0.000000,0,0.000000,0,2.110000,0.000000
1479762125769,1.450000,0.000000,0,0.000000,0,2.110000,0.000000
1479762125769,1.450000,0.000000,0,0.000000,0,2.110000,0.000000
1479762125769,1.450000,0.000000,0,0.000000,0,2.110000,0.000000
1479762125769,1.450000,0.000000,0,0.000000,0,2.110000,0.000000
1479762125769,1.450000,0.000000,0,0.000000,0,2.110000,0.000000
1479762125769,1.450000,0.000000,0,0.000000,0,2.110000,0.000000
1479762125769,1.450000,0.000000,0,0.000000,0,2.110000,0.000000
1479762125769,1.450000,0.000000,0,0.000000,0,2.110000,0.000000
1479762125769,1.450000,0.000000,0,0.000000,0,2.110000,0.000000
1479762125769,1.450000,0.000000,0,0.000000,0,2.110000,0.000000
1479762125769,1.450000,0.000000,0,0.000000,0,2.110000,0.000000
1479762125769,1.450000,0.000000,0,0.000000,0,2.110000,0.000000
1479762125769,1.450000,0.000000,0,0.000000,0,2.110000,0.000000
1479762125769,1.450000,0.000000,0,0.000000,0,2.110000,0.000000
1479762125769,1.450000,0.000000,0,0.000000,0,2.110000,0.000000
1479762125769,1.450000,0.000000,0,0.000000,0,2.110000,0.000000
1479762125769,1.450000,0.000000,0,0.000000,0,2.110000,0.000000
1479762125769,1.450000,0.000000,0,0.000000,0,2.110000,0.000000
1479762125769,1.450000,0.000000,0,0.000000,0,2.110000,0.000000
1479762165799,1.450000,0.000000,0,0.000000,0,2.110000,0.000000
1479762165799,1.450000,0.000000,0,0.000000,0,2.110000,0.000000
1479762165799,1.450000,0.000000,0,0.000000,0,2.110000,0.000000
1479762165799,1.450000,0.000000,0,0.000000,0,2.110000,0.000000
1479762165799,1.450000,0.000000,0,0.000000,0,2.110000,0.000000
1479762165799,1.450000,0.000000,0,0.000000,0,2.110000,0.000000
1479762165799,1.450000,0.000000,0,0.000000,0,2.110000,0.000000
1479762165799,1.450000,0.000000,0,0.000000,0,2.110000,0.000000
1479762165799,1.450000,0.000000,0,0.000000,0,2.110000,0.000000
1479762165799,1.450000,0.000000,0,0.000000,0,2.110000,0.000000
1479762165799,1.450000,0.000000,0,0.000000,0,2.110000,0.000000
1479762165799,1.450000,0.000000,0,0.000000,0,2.110000,0.000000
1479762165799,1.450000,0.000000,0,0.000000,0,2.110000,0.000000
1479762165799,1.450000,0.000000,0,0.000000,0,2.110000,0.000000
1479762165799,1.450000,0.000000,0,0.000000,0,2.110000,0.000000
1479762165799,1.450000,0.000000,0,0.000000,0,2.110000,0.000000
1479762165799,1.450000,0.000000,0,0.000000,0,2.110000,0.000000
1479762165799,1.450000,0.000000,0,0.000000,0,2.110000,0.000000
1479762165799,1.450000,0.000000,0,0.000000,0,2.110000,0.000000
1479762165799,1.450000,0.000000,0,0.000000,0,2.110000,0.000000
1479762165799,1.450000,0.000000,0,0.000000,0,2.110000,0.000000
1479762165799,1.450000,0.000000,0,0.000000,0,2.110000,0.000000
1479762165799,1.450000,0.000000,0,0.000000,0,2.110000,0.000000
1479762165799,1.450000,0.000000,0,0.000000,0,2.110000,0.000000
1479762165799,1.450000,0.000000,0,0.000000,0,2.110000,0.000000
1479762165799,1.450000,0.000000,0,0.000000,0,2.110000,0.000000
1479762165799,1.450000,0.000000,0,0.000000,0,2.110000,0.000000
1479762165799,1.450000,0.000000,0,0.000000,0,2.110000,0.000000
1479762165799,1.450000,0.000000,0,0.000000,0,2.110000,0.000000
1479762165799,1.450000,0.000000,0,0.000000,0,2.110000,0.000000
1479762165799,1.450000,0.000000,0,0.000000,0,2.110000,0.000000
1479762165799,1.450000,0.000000,0,0.000000,0,2.110000,0.000000
1479762165799,1.450000,0.000000,0,0.000000,0,2.110000,0.000000
1479762165799,1.450000,0.000000,0,0.000000,0,2.110000,0.000000
1479762165799,1.450000,0.000000,0,0.000000,0,2.110000,0.000000
1479762165799,1.450000,0.000000,0,0.000000,0,2.110000,0.000000
1479762165799,1.450000,0.000000,0,0.000000,0,2.110000,0.000000
1479762165799,1.450000,0.000000,0,0.000000,0,2.110000,0.000000
1479762165799,1.450000,0.000000,0,0.000000,0,2.110000,0.000000
1479762245830,1.450000,0.000000,0,0.000000,0,2.110000,0.000000
1479762245830,1.450000,0.000000,0,0.000000,0,2.110000,0.000000
1479762245830,1.450000,0.000000,0,0.000000,0,2.110000,0.000000
1479762245830,1.450000,0.000000,0,0.000000,0,2.110000,0.000000
1479762245830,1.450000,0.000000,0,0.000000,0,2.110000,0.000000
1479762245830,1.450000,0.000000,0,0.000000,0,2.110000,0.000000
1479762245830,1.450000,0.000000,0,0.000000,0,2.110000,0.000000
1479762245830,1.450000,0.000000,0,0.000000,0,2.110000,0.000000
1479762245830,1.450000,0.000000,0,0.000000,0,2.110000,0.000000
1479762245830,1.450000,0.000000,0,0.000000,0,2.110000,0.000000
1479762245830,1.450000,0.000000,0,0.000000,0,2.110000,0.000000
1479762245830,1.450000,0.000000,0,0.000000,0,2.110000,0.000000
1479762245830,1.450000,0.000000,0,0.000000,0,2.110000,0.000000
1479762245830,1.450000,0.000000,0,0.000000,0,2.110000,0.000000
1479762245830,1.450000,0.000000,0,0.000000,0,2.110000,0.000000
1479762245830,1.450000,0.000000,0,0.000000,0,2.110000,0.000000
1479762245830,1.450000,0.000000,0,0.000000,0,2.110000,0.000000
1479762245830,1.450000,0.000000,0,0.000000,0,2.110000,0.000000
1479762245830,1.450000,0.000000,0,0.000000,0,2.110000,0.000000
1479762245830,1.450000,0.000000,0,0.000000,0,2.110000,0.000000
1479762245830,1.450000,0.000000,0,0.000000,0,2.110000,0.000000
1479762245830,1.450000,0.000000,0,0.000000,0,2.110000,0.000000
1479762245830,1.450000,0.000000,0,0.000000,0,2.110000,0.000000
1479762245830,1.450000,0.000000,0,0.000000,0,2.110000,0.000000
1479762245830,1.450000,0.000000,0,0.000000,0,2.110000,0.000000
1479762245830,1.450000,0.000000,0,0.000000,0,2.110000,0.000000
1479762245830,1.450000,0.000000,0,0.000000,0,2.110000,0.000000
1479762245830,1.450000,0.000000,0,0.000000,0,2.110000,0.000000
1479762245830,1.450000,0.000000,0,0.000000,0,2.110000,0.000000
1479762305794,1.450000,0.000000,0,0.000000,0,2.110000,0.000000
1479762305794,1.450000,0.000000,0,0.000000,0,2.110000,0.000000
1479762305794,1.450000,0.000000,0,0.000000,0,2.110000,0.000000
1479762305794,1.450000,0.000000,0,0.000000,0,2.110000,0.000000
1479762305794,1.450000,0.000000,0,0.000000,0,2.110000,0.000000
1479762305794,1.450000,0.000000,0,0.000000,0,2.110000,0.000000
1479762305794,1.450000,0.000000,0,0.000000,0,2.110000,0.000000
1479762305794,1.450000,0.000000,0,0.000000,0,2.110000,0.000000
1479762305794,1.450000,0.000000,0,0.000000,0,2.110000,0.000000
1479762305794,1.450000,0.000000,0,0.000000,0,2.110000,0.000000
1479762305794,1.450000,0.000000,0,0.000000,0,2.110000,0.000000
1479762305794,1.450000,0.000000,0,0.000000,0,2.110000,0.000000
1479762305794,1.450000,0.000000,0,0.000000,0,2.110000,0.000000
1479762305794,1.450000,0.000000,0,0.000000,0,2.110000,0.000000
1479762305794,1.450000,0.000000,0,0.000000,0,2.110000,0.000000
1479762305794,1.450000,0.000000,0,0.000000,0,2.110000,0.000000
1479762305794,1.450000,0.000000,0,0.000000,0,2.110000,0.000000
1479762305794,1.450000,0.000000,0,0.000000,0,2.110000,0.000000
1479762305794,1.450000,0.000000,0,0.000000,0,2.110000,0.000000
1479762305794,1.450000,0.000000,0,0.000000,0,2.110000,0.000000
1479762305794,1.450000,0.000000,0,0.000000,0,2.110000,0.000000
1479762305794,1.450000,0.000000,0,0.000000,0,2.110000,0.000000
1479762305794,1.450000,0.000000,0,0.000000,0,2.110000,0.000000
1479762305794,1.450000,0.000000,0,0.000000,0,2.110000,0.000000
1479762305794,1.450000,0.000000,0,0.000000,0,2.110000,0.000000
1479762305794,1.450000,0.000000,0,0.000000,0,2.110000,0.000000
1479762305794,1.450000,0.000000,0,0.000000,0,2.110000,0.000000
1479762305794,1.450000,0.000000,0,0.000000,0,2.110000,0.000000
1479762305794,1.450000,0.000000,0,0.000000,0,2.110000,0.000000
1479762365779,1.450000,0.000000,0,0.000000,0,2.110000,0.000000
1479762365779,1.450000,0.000000,0,0.000000,0,2.110000,0.000000
1479762365779,1.450000,0.000000,0,0.000000,0,2.110000,0.000000
1479762365779,1.450000,0.000000,0,0.000000,0,2.110000,0.000000
1479762365779,1.450000,0.000000,0,0.000000,0,2.110000,0.000000
1479762365779,1.450000,0.000000,0,0.000000,0,2.110000,0.000000
1479762365779,1.450000,0.000000,0,0.000000,0,2.110000,0.000000
1479762365779,1.450000,0.000000,0,0.000000,0,2.110000,0.000000
1479762365779,1.450000,0.000000,0,0.000000,0,2.110000,0.000000
1479762365779,1.450000,0.000000,0,0.000000,0,2.110000,0.000000
1479762365779,1.450000,0.000000,0,0.000000,0,2.110000,0.000000
1479762365779,1.450000,0.000000,0,0.000000,0,2.110000,0.000000
1479762365779,1.450000,0.000000,0,0.000000,0,2.110000,0.000000
1479762365779,1.450000,0.000000,0,0.000000,0,2.110000,0.000000
1479762365779,1.450000,0.000000,0,0.000000,0,2.110000,0.000000
1479762365779,1.450000,0.000000,0,0.000000,0,2.110000,0.000000
1479762365779,1.450000,0.000000,0,0.000000,0,2.110000,0.000000
1479762365779,1.450000,0.000000,0,0.000000,0,2.110000,0.000000
1479762365779,1.450000,0.000000,0,0.000000,0,2.110000,0.000000
1479762365779,1.450000,0.000000,0,0.000000,0,2.110000,0.000000
1479762405797,1.450000,0.000000,0,0.000000,0,2.110000,0.000000
1479762405797,1.450000,0.000000,0,0.000000,0,2.110000,0.000000
1479762405797,1.450000,0.000000,0,0.000000,0,2.110000,0.000000
1479762405797,1.450000,0.000000,0,0.000000,0,2.110000,0.000000
1479762405797,1.450000,0.000000,0,0.000000,0,2.110000,0.000000
1479762405797,1.450000,0.000000,0,0.000000,0,2.110000,0.000000
1479762405797,1.450000,0.000000,0,0.000000,0,2.110000,0.000000
1479762405797,1.450000,0.000000,0,0.000000,0,2.110000,0.000000
1479762405797,1.450000,0.000000,0,0.000000,0,2.110000,0.000000
1479762405797,1.450000,0.000000,0,0.000000,0,2.110000,0.000000
1479762405797,1.450000,0.000000,0,0.000000,0,2.110000,0.000000
1479762405797,1.450000,0.000000,0,0.000000,0,2.110000,0.000000
1479762405797,1.450000,0.000000,0,0.000000,0,2.110000,0.000000
1479762405797,1.450000,0.000000,0,0.000000,0,2.110000,0.000000
1479762405797,1.450000,0.000000,0,0.000000,0,2.110000,0.000000
1479762405797,1.450000,0.000000,0,0.000000,0,2.110000,0.000000
1479762405797,1.450000,0.000000,0,0.000000,0,2.110000,0.000000
1479762405797,1.450000,0.000000,0,0.000000,0,2.110000,0.000000
1479762405797,1.450000,0.000000,0,0.000000,0,2.110000,0.000000
1479762445823,1.450000,0.000000,0,0.000000,0,2.110000,0.000000
1479762445823,1.450000,0.000000,0,0.000000,0,2.110000,0.000000
1479762445823,1.450000,0.000000,0,0.000000,0,2.110000,0.000000
1479762445823,1.450000,0.000000,0,0.000000,0,2.110000,0.000000
1479762445823,1.450000,0.000000,0,0.000000,0,2.110000,0.000000
1479762445823,1.450000,0.000000,0,0.000000,0,2.110000,0.000000
1479762445823,1.450000,0.000000,0,0.000000,0,2.110000,0.000000
1479762445823,1.450000,0.000000,0,0.000000,0,2.110000,0.000000
1479762445823,1.450000,0.000000,0,0.000000,0,2.110000,0.000000
1479762445823,1.450000,0.000000,0,0.000000,0,2.110000,0.000000
1479762445823,1.450000,0.000000,0,0.000000,0,2.110000,0.000000
1479762445823,1.450000,0.000000,0,0.000000,0,2.110000,0.000000
1479762445823,1.450000,0.000000,0,0.000000,0,2.110000,0.000000
1479762445823,1.450000,0.000000,0,0.000000,0,2.110000,0.000000
1479762445823,1.450000,0.000000,0,0.000000,0,2.110000,0.000000
1479762445823,1.450000,0.000000,0,0.000000,0,2.110000,0.000000
1479762445823,1.450000,0.000000,0,0.000000,0,2.110000,0.000000
1479762445823,1.450000,0.000000,0,0.000000,0,2.110000,0.000000
1479762445823,1.450000,0.000000,0,0.000000,0,2.110000,0.000000
1479762445823,1.450000,0.000000,0,0.000000,0,2.110000,0.000000
1479762445823,1.450000,0.000000,0,0.000000,0,2.110000,0.000000
1479762445823,1.450000,0.000000,0,0.000000,0,2.110000,0.000000
1479762445823,1.450000,0.000000,0,0.000000,0,2.110000,0.000000
1479762445823,1.450000,0.000000,0,0.000000,0,2.110000,0.000000
1479762445823,1.450000,0.000000,0,0.000000,0,2.110000,0.000000
1479762445823,1.450000,0.000000,0,0.000000,0,2.110000,0.000000
1479762445823,1.450000,0.000000,0,0.000000,0,2.110000,0.000000
1479762445823,1.450000,0.000000,0,0.000000,0,2.110000,0.000000
1479762445823,1.450000,0.000000,0,0.000000,0,2.110000,0.000000
1479762445823,1.450000,0.000000,0,0.000000,0,2.110000,0.000000
1479762445823,1.450000,0.000000,0,0.000000,0,2.110000,0.000000
1479762445823,1.450000,0.000000,0,0.000000,0,2.110000,0.000000
1479762445823,1.450000,0.000000,0,0.000000,0,2.110000,0.000000
1479762445823,1.450000,0.000000,0,0.000000,0,2.110000,0.000000
1479762445823,1.450000,0.000000,0,0.000000,0,2.110000,0.000000
1479762445823,1.450000,0.000000,0,0.000000,0,2.110000,0.000000
1479762445823,1.450000,0.000000,0,0.000000,0,2.110000,0.000000
1479762445823,1.450000,0.000000,0,0.000000,0,2.110000,0.000000
1479762525794,1.450000,0.000000,0,0.000000,0,2.110000,0.000000
1479762525794,1.450000,0.000000,0,0.000000,0,2.110000,0.000000
1479762525794,1.450000,0.000000,0,0.000000,0,2.110000,0.000000
1479762525794,1.450000,0.000000,0,0.000000,0,2.110000,0.000000
1479762525794,1.450000,0.000000,0,0.000000,0,2.110000,0.000000
1479762525794,1.450000,0.000000,0,0.000000,0,2.110000,0.000000
1479762525794,1.450000,0.000000,0,0.000000,0,2.110000,0.000000
1479762525794,1.450000,0.000000,0,0.000000,0,2.110000,0.000000
1479762525794,1.450000,0.000000,0,0.000000,0,2.110000,0.000000
1479762525794,1.450000,0.000000,0,0.000000,0,2.110000,0.000000
1479762525794,1.450000,0.000000,0,0.000000,0,2.110000,0.000000
1479762525794,1.450000,0.000000,0,0.000000,0,2.110000,0.000000
1479762525794,1.450000,0.000000,0,0.000000,0,2.110000,0.000000
1479762525794,1.450000,0.000000,0,0.000000,0,2.110000,0.000000
1479762525794,1.450000,0.000000,0,0.000000,0,2.110000,0.000000
1479762525794,1.450000,0.000000,0,0.000000,0,2.110000,0.000000
1479762525794,1.450000,0.000000,0,0.000000,0,2.110000,0.000000
1479762525794,1.450000,0.000000,0,0.000000,0,2.110000,0.000000
1479762525794,1.450000,0.000000,0,0.000000,0,2.110000,0.000000
1479762525794,1.450000,0.000000,0,0.000000,0,2.110000,0.000000
1479762525794,1.450000,0.000000,0,0.000000,0,2.110000,0.000000
1479762525794,1.450000,0.000000,0,0.000000,0,2.110000,0.000000
1479762525794,1.450000,0.000000,0,0.000000,0,2.110000,0.000000
1479762525794,1.450000,0.000000,0,0.000000,0,2.110000,0.000000
1479762525794,1.450000,0.000000,0,0.000000,0,2.110000,0.000000
1479762525794,1.450000,0.000000,0,0.000000,0,2.110000,0.000000
1479762525794,1.450000,0.000000,0,0.000000,0,2.110000,0.000000
1479762525794,1.450000,0.000000,0,0.000000,0,2.110000,0.000000
1479762525794,1.450000,0.000000,0,0.000000,0,2.110000,0.000000
1479762585775,1.450000,0.000000,0,0.000000,0,2.110000,0.000000
1479762585775,1.450000,0.000000,0,0.000000,0,2.110000,0.000000
1479762585775,1.450000,0.000000,0,0.000000,0,2.110000,0.000000
1479762585775,1.450000,0.000000,0,0.000000,0,2.110000,0.000000
1479762585775,1.450000,0.000000,0,0.000000,0,2.110000,0.000000
1479762585775,1.450000,0.000000,0,0.000000,0,2.110000,0.000000
1479762585775,1.450000,0.000000,0,0.000000,0,2.110000,0.000000
1479762585775,1.450000,0.000000,0,0.000000,0,2.110000,0.000000
1479762585775,1.450000,0.000000,0,0.000000,0,2.110000,0.000000
1479762585775,1.450000,0.000000,0,0.000000,0,2.110000,0.000000
1479762585775,1.450000,0.000000,0,0.000000,0,2.110000,0.000000
1479762585775,1.450000,0.000000,0,0.000000,0,2.110000,0.000000
1479762585775,1.450000,0.000000,0,0.000000,0,2.110000,0.000000
1479762585775,1.450000,0.000000,0,0.000000,0,2.110000,0.000000
1479762585775,1.450000,0.000000,0,0.000000,0,2.110000,0.000000
1479762585775,1.450000,0.000000,0,0.000000,0,2.110000,0.000000
1479762585775,1.450000,0.000000,0,0.000000,0,2.110000,0.000000
1479762585775,1.450000,0.000000,0,0.000000,0,2.110000,0.000000
1479762585775,1.450000,0.000000,0,0.000000,0,2.110000,0.000000
1479762585775,1.450000,0.000000,0,0.000000,0,2.110000,0.000000
1479762625777,1.450000,0.000000,0,0.000000,0,2.110000,0.000000
1479762625777,1.450000,0.000000,0,0.000000,0,2.110000,0.000000
1479762625777,1.450000,0.000000,0,0.000000,0,2.110000,0.000000
1479762625777,1.450000,0.000000,0,0.000000,0,2.110000,0.000000
1479762625777,1.450000,0.000000,0,0.000000,0,2.110000,0.000000
1479762625777,1.450000,0.000000,0,0.000000,0,2.110000,0.000000
1479762625777,1.450000,0.000000,0,0.000000,0,2.110000,0.000000
1479762625777,1.450000,0.000000,0,0.000000,0,2.110000,0.000000
1479762625777,1.450000,0.000000,0,0.000000,0,2.110000,0.000000
1479762625777,1.450000,0.000000,0,0.000000,0,2.110000,0.000000
1479762625777,1.450000,0.000000,0,0.000000,0,2.110000,0.000000
1479762625777,1.450000,0.000000,0,0.000000,0,2.110000,0.000000
1479762625777,1.450000,0.000000,0,0.000000,0,2.110000,0.000000
1479762625777,1.450000,0.000000,0,0.000000,0,2.110000,0.000000
1479762625777,1.450000,0.000000,0,0.000000,0,2.110000,0.000000
1479762625777,1.450000,0.000000,0,0.000000,0,2.110000,0.000000
1479762625777,1.450000,0.000000,0,0.000000,0,2.110000,0.000000
1479762625777,1.450000,0.000000,0,0.000000,0,2.110000,0.000000
1479762625777,1.450000,0.000000,0,0.000000,0,2.110000,0.000000
1479762625777,1.450000,0.000000,0,0.000000,0,2.110000,0.000000
1479762665833,1.450000,0.000000,0,0.000000,0,2.110000,0.000000
1479762665833,1.450000,0.000000,0,0.000000,0,2.110000,0.000000
1479762625777,1.450000,0.000000,0,0.000000,0,2.110000,0.000000
1479762665833,1.450000,0.000000,0,0.000000,0,2.110000,0.000000
1479762665833,1.450000,0.000000,0,0.000000,0,2.110000,0.000000
1479762665833,1.450000,0.000000,0,0.000000,0,2.110000,0.000000
1479762665833,1.450000,0.000000,0,0.000000,0,2.110000,0.000000
1479762665833,1.450000,0.000000,0,0.000000,0,2.110000,0.000000
1479762665833,1.450000,0.000000,0,0.000000,0,2.110000,0.000000
1479762665833,1.450000,0.000000,0,0.000000,0,2.110000,0.000000
1479762665833,1.450000,0.000000,0,0.000000,0,2.110000,0.000000
1479762625777,1.450000,0.000000,0,0.000000,0,2.110000,0.000000
1479762625777,1.450000,0.000000,0,0.000000,0,2.110000,0.000000
1479762665833,1.450000,0.000000,0,0.000000,0,2.110000,0.000000
1479762625777,1.450000,0.000000,0,0.000000,0,2.110000,0.000000
1479762665833,1.450000,0.000000,0,0.000000,0,2.110000,0.000000
1479762625777,1.450000,0.000000,0,0.000000,0,2.110000,0.000000
1479762665833,1.450000,0.000000,0,0.000000,0,2.110000,0.000000
1479762665833,1.450000,0.000000,0,0.000000,0,2.110000,0.000000
1479762665833,1.450000,0.000000,0,0.000000,0,2.110000,0.000000
1479762665833,1.450000,0.000000,0,0.000000,0,2.110000,0.000000
1479762665833,1.450000,0.000000,0,0.000000,0,2.110000,0.000000
1479762665833,1.450000,0.000000,0,0.000000,0,2.110000,0.000000
1479762665833,1.450000,0.000000,0,0.000000,0,2.110000,0.000000
1479762665833,1.450000,0.000000,0,0.000000,0,2.110000,0.000000
1479762665833,1.450000,0.000000,0,0.000000,0,2.110000,0.000000
1479762665833,1.450000,0.000000,0,0.000000,0,2.110000,0.000000
1479762665833,1.450000,0.000000,0,0.000000,0,2.110000,0.000000
1479762665833,1.450000,0.000000,0,0.000000,0,2.110000,0.000000
1479762725801,1.450000,0.000000,0,0.000000,0,2.110000,0.000000
1479762725801,1.450000,0.000000,0,0.000000,0,2.110000,0.000000
1479762725801,1.450000,0.000000,0,0.000000,0,2.110000,0.000000
1479762725801,1.450000,0.000000,0,0.000000,0,2.110000,0.000000
1479762725801,1.450000,0.000000,0,0.000000,0,2.110000,0.000000
1479762725801,1.450000,0.000000,0,0.000000,0,2.110000,0.000000
1479762725801,1.450000,0.000000,0,0.000000,0,2.110000,0.000000
1479762725801,1.450000,0.000000,0,0.000000,0,2.110000,0.000000
1479762725801,1.450000,0.000000,0,0.000000,0,2.110000,0.000000
1479762725801,1.450000,0.000000,0,0.000000,0,2.110000,0.000000
1479762725801,1.450000,0.000000,0,0.000000,0,2.110000,0.000000
1479762725801,1.450000,0.000000,0,0.000000,0,2.110000,0.000000
1479762725801,1.450000,0.000000,0,0.000000,0,2.110000,0.000000
1479762725801,1.450000,0.000000,0,0.000000,0,2.110000,0.000000
1479762725801,1.450000,0.000000,0,0.000000,0,2.110000,0.000000
1479762725801,1.450000,0.000000,0,0.000000,0,2.110000,0.000000
1479762725801,1.450000,0.000000,0,0.000000,0,2.110000,0.000000
1479762725801,1.450000,0.000000,0,0.000000,0,2.110000,0.000000
1479762725801,1.450000,0.000000,0,0.000000,0,2.110000,0.000000
1479762725801,1.450000,0.000000,0,0.000000,0,2.110000,0.000000
1479762725801,1.450000,0.000000,0,0.000000,0,2.110000,0.000000
1479762725801,1.450000,0.000000,0,0.000000,0,2.110000,0.000000
1479762725801,1.450000,0.000000,0,0.000000,0,2.110000,0.000000
1479762725801,1.450000,0.000000,0,0.000000,0,2.110000,0.000000
1479762725801,1.450000,0.000000,0,0.000000,0,2.110000,0.000000
1479762725801,1.450000,0.000000,0,0.000000,0,2.110000,0.000000
1479762725801,1.450000,0.000000,0,0.000000,0,2.110000,0.000000
1479762725801,1.450000,0.000000,0,0.000000,0,2.110000,0.000000
1479762725801,1.450000,0.000000,0,0.000000,0,2.110000,0.000000
1479762725801,1.450000,0.000000,0,0.000000,0,2.110000,0.000000
1479762725801,1.450000,0.000000,0,0.000000,0,2.110000,0.000000
1479762725801,1.450000,0.000000,0,0.000000,0,2.110000,0.000000
1479762725801,1.450000,0.000000,0,0.000000,0,2.110000,0.000000
1479762725801,1.450000,0.000000,0,0.000000,0,2.110000,0.000000
1479762725801,1.450000,0.000000,0,0.000000,0,2.110000,0.000000
1479762725801,1.450000,0.000000,0,0.000000,0,2.110000,0.000000
1479762725801,1.450000,0.000000,0,0.000000,0,2.110000,0.000000
1479762805794,1.450000,0.000000,0,0.000000,0,2.110000,0.000000
1479762805794,1.450000,0.000000,0,0.000000,0,2.110000,0.000000
1479762805794,1.450000,0.000000,0,0.000000,0,2.110000,0.000000
1479762805794,1.450000,0.000000,0,0.000000,0,2.110000,0.000000
1479762805794,1.450000,0.000000,0,0.000000,0,2.110000,0.000000
1479762805794,1.450000,0.000000,0,0.000000,0,2.110000,0.000000
1479762805794,1.450000,0.000000,0,0.000000,0,2.110000,0.000000
1479762805794,1.450000,0.000000,0,0.000000,0,2.110000,0.000000
1479762805794,1.450000,0.000000,0,0.000000,0,2.110000,0.000000
1479762805794,1.450000,0.000000,0,0.000000,0,2.110000,0.000000
1479762805794,1.450000,0.000000,0,0.000000,0,2.110000,0.000000
1479762805794,1.450000,0.000000,0,0.000000,0,2.110000,0.000000
1479762805794,1.450000,0.000000,0,0.000000,0,2.110000,0.000000
1479762805794,1.450000,0.000000,0,0.000000,0,2.110000,0.000000
1479762805794,1.450000,0.000000,0,0.000000,0,2.110000,0.000000
1479762805794,1.450000,0.000000,0,0.000000,0,2.110000,0.000000
1479762805794,1.450000,0.000000,0,0.000000,0,2.110000,0.000000
1479762805794,1.450000,0.000000,0,0.000000,0,2.110000,0.000000
1479762805794,1.450000,0.000000,0,0.000000,0,2.110000,0.000000
1479762805794,1.450000,0.000000,0,0.000000,0,2.110000,0.000000
1479762805794,1.450000,0.000000,0,0.000000,0,2.110000,0.000000
1479762805794,1.450000,0.000000,0,0.000000,0,2.110000,0.000000
1479762805794,1.450000,0.000000,0,0.000000,0,2.110000,0.000000
1479762805794,1.450000,0.000000,0,0.000000,0,2.110000,0.000000
1479762805794,1.450000,0.000000,0,0.000000,0,2.110000,0.000000
1479762805794,1.450000,0.000000,0,0.000000,0,2.110000,0.000000
1479762805794,1.450000,0.000000,0,0.000000,0,2.110000,0.000000
1479762805794,1.450000,0.000000,0,0.000000,0,2.110000,0.000000
1479762805794,1.450000,0.000000,0,0.000000,0,2.110000,0.000000
1479762805794,1.450000,0.000000,0,0.000000,0,2.110000,0.000000
1479762865778,1.450000,0.000000,0,0.000000,0,2.110000,0.000000
1479762865778,1.450000,0.000000,0,0.000000,0,2.110000,0.000000
1479762865778,1.450000,0.000000,0,0.000000,0,2.110000,0.000000
1479762865778,1.450000,0.000000,0,0.000000,0,2.110000,0.000000
1479762865778,1.450000,0.000000,0,0.000000,0,2.110000,0.000000
1479762865778,1.450000,0.000000,0,0.000000,0,2.110000,0.000000
1479762865778,1.450000,0.000000,0,0.000000,0,2.110000,0.000000
1479762865778,1.450000,0.000000,0,0.000000,0,2.110000,0.000000
1479762865778,1.450000,0.000000,0,0.000000,0,2.110000,0.000000
1479762865778,1.450000,0.000000,0,0.000000,0,2.110000,0.000000
1479762865778,1.450000,0.000000,0,0.000000,0,2.110000,0.000000
1479762865778,1.450000,0.000000,0,0.000000,0,2.110000,0.000000
1479762865778,1.450000,0.000000,0,0.000000,0,2.110000,0.000000
1479762865778,1.450000,0.000000,0,0.000000,0,2.110000,0.000000
1479762865778,1.450000,0.000000,0,0.000000,0,2.110000,0.000000
1479762865778,1.450000,0.000000,0,0.000000,0,2.110000,0.000000
1479762865778,1.450000,0.000000,0,0.000000,0,2.110000,0.000000
1479762865778,1.450000,0.000000,0,0.000000,0,2.110000,0.000000
1479762865778,1.450000,0.000000,0,0.000000,0,2.110000,0.000000
1479762905767,1.450000,0.000000,0,0.000000,0,2.110000,0.000000
1479762905767,1.450000,0.000000,0,0.000000,0,2.110000,0.000000
1479762905767,1.450000,0.000000,0,0.000000,0,2.110000,0.000000
1479762905767,1.450000,0.000000,0,0.000000,0,2.110000,0.000000
1479762905767,1.450000,0.000000,0,0.000000,0,2.110000,0.000000
1479762905767,1.450000,0.000000,0,0.000000,0,2.110000,0.000000
1479762905767,1.450000,0.000000,0,0.000000,0,2.110000,0.000000
1479762905767,1.450000,0.000000,0,0.000000,0,2.110000,0.000000
1479762905767,1.450000,0.000000,0,0.000000,0,2.110000,0.000000
1479762905767,1.450000,0.000000,0,0.000000,0,2.110000,0.000000
1479762905767,1.450000,0.000000,0,0.000000,0,2.110000,0.000000
1479762905767,1.450000,0.000000,0,0.000000,0,2.110000,0.000000
1479762905767,1.450000,0.000000,0,0.000000,0,2.110000,0.000000
1479762905767,1.450000,0.000000,0,0.000000,0,2.110000,0.000000
1479762905767,1.450000,0.000000,0,0.000000,0,2.110000,0.000000
1479762905767,1.450000,0.000000,0,0.000000,0,2.110000,0.000000
1479762905767,1.450000,0.000000,0,0.000000,0,2.110000,0.000000
1479762905767,1.450000,0.000000,0,0.000000,0,2.110000,0.000000
1479762905767,1.450000,0.000000,0,0.000000,0,2.110000,0.000000
1479762945780,1.450000,0.000000,0,0.000000,0,2.110000,0.000000
1479762945780,1.450000,0.000000,0,0.000000,0,2.110000,0.000000
1479762945780,1.450000,0.000000,0,0.000000,0,2.110000,0.000000
1479762945780,1.450000,0.000000,0,0.000000,0,2.110000,0.000000
1479762945780,1.450000,0.000000,0,0.000000,0,2.110000,0.000000
1479762945780,1.450000,0.000000,0,0.000000,0,2.110000,0.000000
1479762945780,1.450000,0.000000,0,0.000000,0,2.110000,0.000000
1479762945780,1.450000,0.000000,0,0.000000,0,2.110000,0.000000
1479762945780,1.450000,0.000000,0,0.000000,0,2.110000,0.000000
1479762945780,1.450000,0.000000,0,0.000000,0,2.110000,0.000000
1479762945780,1.450000,0.000000,0,0.000000,0,2.110000,0.000000
1479762945780,1.450000,0.000000,0,0.000000,0,2.110000,0.000000
1479762945780,1.450000,0.000000,0,0.000000,0,2.110000,0.000000
1479762945780,1.450000,0.000000,0,0.000000,0,2.110000,0.000000
1479762945780,1.450000,0.000000,0,0.000000,0,2.110000,0.000000
1479762945780,1.450000,0.000000,0,0.000000,0,2.110000,0.000000
1479762945780,1.450000,0.000000,0,0.000000,0,2.110000,0.000000
1479762945780,1.450000,0.000000,0,0.000000,0,2.110000,0.000000
1479762945780,1.450000,0.000000,0,0.000000,0,2.110000,0.000000
1479762945780,1.450000,0.000000,0,0.000000,0,2.110000,0.000000
1479762945780,1.450000,0.000000,0,0.000000,0,2.110000,0.000000
1479762945780,1.450000,0.000000,0,0.000000,0,2.110000,0.000000
1479762945780,1.450000,0.000000,0,0.000000,0,2.110000,0.000000
1479762945780,1.450000,0.000000,0,0.000000,0,2.110000,0.000000
1479762945780,1.450000,0.000000,0,0.000000,0,2.110000,0.000000
1479762945780,1.450000,0.000000,0,0.000000,0,2.110000,0.000000
1479762945780,1.450000,0.000000,0,0.000000,0,2.110000,0.000000
1479762945780,1.450000,0.000000,0,0.000000,0,2.110000,0.000000
1479762945780,1.450000,0.000000,0,0.000000,0,2.110000,0.000000
1479762945780,1.450000,0.000000,0,0.000000,0,2.110000,0.000000
1479763005771,1.450000,0.000000,0,0.000000,0,2.110000,0.000000
1479763005771,1.450000,0.000000,0,0.000000,0,2.110000,0.000000
1479763005771,1.450000,0.000000,0,0.000000,0,2.110000,0.000000
1479763005771,1.450000,0.000000,0,0.000000,0,2.110000,0.000000
1479763005771,1.450000,0.000000,0,0.000000,0,2.110000,0.000000
1479763005771,1.450000,0.000000,0,0.000000,0,2.110000,0.000000
1479763005771,1.450000,0.000000,0,0.000000,0,2.110000,0.000000
1479763005771,1.450000,0.000000,0,0.000000,0,2.110000,0.000000
1479763005771,1.450000,0.000000,0,0.000000,0,2.110000,0.000000
1479763005771,1.450000,0.000000,0,0.000000,0,2.110000,0.000000
1479763005771,1.450000,0.000000,0,0.000000,0,2.110000,0.000000
1479763005771,1.450000,0.000000,0,0.000000,0,2.110000,0.000000
1479763005771,1.450000,0.000000,0,0.000000,0,2.110000,0.000000
1479763005771,1.450000,0.000000,0,0.000000,0,2.110000,0.000000
1479763005771,1.450000,0.000000,0,0.000000,0,2.110000,0.000000
1479763005771,1.450000,0.000000,0,0.000000,0,2.110000,0.000000
1479763005771,1.450000,0.000000,0,0.000000,0,2.110000,0.000000
1479763005771,1.450000,0.000000,0,0.000000,0,2.110000,0.000000
1479763005771,1.450000,0.000000,0,0.000000,0,2.110000,0.000000
1479763045762,1.450000,0.000000,0,0.000000,0,2.110000,0.000000
1479763045762,1.450000,0.000000,0,0.000000,0,2.110000,0.000000
1479763045762,1.450000,0.000000,0,0.000000,0,2.110000,0.000000
1479763045762,1.450000,0.000000,0,0.000000,0,2.110000,0.000000
1479763045762,1.450000,0.000000,0,0.000000,0,2.110000,0.000000
1479763045762,1.450000,0.000000,0,0.000000,0,2.110000,0.000000
1479763045762,1.450000,0.000000,0,0.000000,0,2.110000,0.000000
1479763045762,1.450000,0.000000,0,0.000000,0,2.110000,0.000000
1479763045762,1.450000,0.000000,0,0.000000,0,2.110000,0.000000
1479763045762,1.450000,0.000000,0,0.000000,0,2.110000,0.000000
1479763045762,1.450000,0.000000,0,0.000000,0,2.110000,0.000000
1479763045762,1.450000,0.000000,0,0.000000,0,2.110000,0.000000
1479763045762,1.450000,0.000000,0,0.000000,0,2.110000,0.000000
1479763045762,1.450000,0.000000,0,0.000000,0,2.110000,0.000000
1479763045762,1.450000,0.000000,0,0.000000,0,2.110000,0.000000
1479763045762,1.450000,0.000000,0,0.000000,0,2.110000,0.000000
1479763045762,1.450000,0.000000,0,0.000000,0,2.110000,0.000000
1479763045762,1.450000,0.000000,0,0.000000,0,2.110000,0.000000
1479763045762,1.450000,0.000000,0,0.000000,0,2.110000,0.000000
1479763045762,1.450000,0.000000,0,0.000000,0,2.110000,0.000000
1479763085755,1.450000,0.000000,0,0.000000,0,2.110000,0.000000
1479763085755,1.450000,0.000000,0,0.000000,0,2.110000,0.000000
1479763085755,1.450000,0.000000,0,0.000000,0,2.110000,0.000000
1479763085755,1.450000,0.000000,0,0.000000,0,2.110000,0.000000
1479763085755,1.450000,0.000000,0,0.000000,0,2.110000,0.000000
1479763085755,1.450000,0.000000,0,0.000000,0,2.110000,0.000000
1479763085755,1.450000,0.000000,0,0.000000,0,2.110000,0.000000
1479763085755,1.450000,0.000000,0,0.000000,0,2.110000,0.000000
1479763085755,1.450000,0.000000,0,0.000000,0,2.110000,0.000000
1479763085755,1.450000,0.000000,0,0.000000,0,2.110000,0.000000
1479763085755,1.450000,0.000000,0,0.000000,0,2.110000,0.000000
1479763085755,1.450000,0.000000,0,0.000000,0,2.110000,0.000000
1479763085755,1.450000,0.000000,0,0.000000,0,2.110000,0.000000
1479763085755,1.450000,0.000000,0,0.000000,0,2.110000,0.000000
1479763085755,1.450000,0.000000,0,0.000000,0,2.110000,0.000000
1479763085755,1.450000,0.000000,0,0.000000,0,2.110000,0.000000
1479763085755,1.450000,0.000000,0,0.000000,0,2.110000,0.000000
1479763085755,1.450000,0.000000,0,0.000000,0,2.110000,0.000000
1479763085755,1.450000,0.000000,0,0.000000,0,2.110000,0.000000
1479763085755,1.450000,0.000000,0,0.000000,0,2.110000,0.000000
1479763085755,1.450000,0.000000,0,0.000000,0,2.110000,0.000000
1479763085755,1.450000,0.000000,0,0.000000,0,2.110000,0.000000
1479763085755,1.450000,0.000000,0,0.000000,0,2.110000,0.000000
1479763085755,1.450000,0.000000,0,0.000000,0,2.110000,0.000000
1479763085755,1.450000,0.000000,0,0.000000,0,2.110000,0.000000
1479763085755,1.450000,0.000000,0,0.000000,0,2.110000,0.000000
1479763085755,1.450000,0.000000,0,0.000000,0,2.110000,0.000000
1479763085755,1.450000,0.000000,0,0.000000,0,2.110000,0.000000
1479763085755,1.450000,0.000000,0,0.000000,0,2.110000,0.000000
1479763145763,1.450000,0.000000,0,0.000000,0,2.110000,0.000000
1479763145763,1.450000,0.000000,0,0.000000,0,2.110000,0.000000
1479763145763,1.450000,0.000000,0,0.000000,0,2.110000,0.000000
1479763145763,1.450000,0.000000,0,0.000000,0,2.110000,0.000000
1479763145763,1.450000,0.000000,0,0.000000,0,2.110000,0.000000
1479763145763,1.450000,0.000000,0,0.000000,0,2.110000,0.000000
1479763145763,1.450000,0.000000,0,0.000000,0,2.110000,0.000000
1479763145763,1.450000,0.000000,0,0.000000,0,2.110000,0.000000
1479763145763,1.450000,0.000000,0,0.000000,0,2.110000,0.000000
1479763145763,1.450000,0.000000,0,0.000000,0,2.110000,0.000000
1479763145763,1.450000,0.000000,0,0.000000,0,2.110000,0.000000
1479763145763,1.450000,0.000000,0,0.000000,0,2.110000,0.000000
1479763145763,1.450000,0.000000,0,0.000000,0,2.110000,0.000000
1479763145763,1.450000,0.000000,0,0.000000,0,2.110000,0.000000
1479763145763,1.450000,0.000000,0,0.000000,0,2.110000,0.000000
1479763145763,1.450000,0.000000,0,0.000000,0,2.110000,0.000000
1479763145763,1.450000,0.000000,0,0.000000,0,2.110000,0.000000
1479763145763,1.450000,0.000000,0,0.000000,0,2.110000,0.000000
1479763145763,1.450000,0.000000,0,0.000000,0,2.110000,0.000000
1479763145763,1.450000,0.000000,0,0.000000,0,2.110000,0.000000
1479763145763,1.450000,0.000000,0,0.000000,0,2.110000,0.000000
1479763145763,1.450000,0.000000,0,0.000000,0,2.110000,0.000000
1479763145763,1.450000,0.000000,0,0.000000,0,2.110000,0.000000
1479763145763,1.450000,0.000000,0,0.000000,0,2.110000,0.000000
1479763145763,1.450000,0.000000,0,0.000000,0,2.110000,0.000000
1479763145763,1.450000,0.000000,0,0.000000,0,2.110000,0.000000
1479763145763,1.450000,0.000000,0,0.000000,0,2.110000,0.000000
1479763145763,1.450000,0.000000,0,0.000000,0,2.110000,0.000000
1479763145763,1.450000,0.000000,0,0.000000,0,2.110000,0.000000
1479763205772,1.450000,0.000000,0,0.000000,0,2.110000,0.000000
1479763205772,1.450000,0.000000,0,0.000000,0,2.110000,0.000000
1479763205772,1.450000,0.000000,0,0.000000,0,2.110000,0.000000
1479763205772,1.450000,0.000000,0,0.000000,0,2.110000,0.000000
1479763205772,1.450000,0.000000,0,0.000000,0,2.110000,0.000000
1479763205772,1.450000,0.000000,0,0.000000,0,2.110000,0.000000
1479763205772,1.450000,0.000000,0,0.000000,0,2.110000,0.000000
1479763205772,1.450000,0.000000,0,0.000000,0,2.110000,0.000000
1479763205772,1.450000,0.000000,0,0.000000,0,2.110000,0.000000
1479763205772,1.450000,0.000000,0,0.000000,0,2.110000,0.000000
1479763205772,1.450000,0.000000,0,0.000000,0,2.110000,0.000000
1479763205772,1.450000,0.000000,0,0.000000,0,2.110000,0.000000
1479763205772,1.450000,0.000000,0,0.000000,0,2.110000,0.000000
1479763205772,1.450000,0.000000,0,0.000000,0,2.110000,0.000000
1479763205772,1.450000,0.000000,0,0.000000,0,2.110000,0.000000
1479763205772,1.450000,0.000000,0,0.000000,0,2.110000,0.000000
1479763205772,1.450000,0.000000,0,0.000000,0,2.110000,0.000000
1479763205772,1.450000,0.000000,0,0.000000,0,2.110000,0.000000
1479763205772,1.450000,0.000000,0,0.000000,0,2.110000,0.000000
1479763205772,1.450000,0.000000,0,0.000000,0,2.110000,0.000000
1479763205772,1.450000,0.000000,0,0.000000,0,2.110000,0.000000
1479763205772,1.450000,0.000000,0,0.000000,0,2.110000,0.000000
1479763205772,1.450000,0.000000,0,0.000000,0,2.110000,0.000000
1479763205772,1.450000,0.000000,0,0.000000,0,2.110000,0.000000
1479763205772,1.450000,0.000000,0,0.000000,0,2.110000,0.000000
1479763205772,1.450000,0.000000,0,0.000000,0,2.110000,0.000000
1479763205772,1.450000,0.000000,0,0.000000,0,2.110000,0.000000
1479763205772,1.450000,0.000000,0,0.000000,0,2.110000,0.000000
1479763205772,1.450000,0.000000,0,0.000000,0,2.110000,0.000000
1479763205772,1.450000,0.000000,0,0.000000,0,2.110000,0.000000
1479763265804,1.450000,0.000000,0,0.000000,0,2.110000,0.000000
1479763265804,1.450000,0.000000,0,0.000000,0,2.110000,0.000000
1479763265804,1.450000,0.000000,0,0.000000,0,2.110000,0.000000
1479763265804,1.450000,0.000000,0,0.000000,0,2.110000,0.000000
1479763265804,1.450000,0.000000,0,0.000000,0,2.110000,0.000000
1479763265804,1.450000,0.000000,0,0.000000,0,2.110000,0.000000
1479763265804,1.450000,0.000000,0,0.000000,0,2.110000,0.000000
1479763265804,1.450000,0.000000,0,0.000000,0,2.110000,0.000000
1479763265804,1.450000,0.000000,0,0.000000,0,2.110000,0.000000
1479763265804,1.450000,0.000000,0,0.000000,0,2.110000,0.000000
1479763265804,1.450000,0.000000,0,0.000000,0,2.110000,0.000000
1479763265804,1.450000,0.000000,0,0.000000,0,2.110000,0.000000
1479763265804,1.450000,0.000000,0,0.000000,0,2.110000,0.000000
1479763265804,1.450000,0.000000,0,0.000000,0,2.110000,0.000000
1479763265804,1.450000,0.000000,0,0.000000,0,2.110000,0.000000
1479763265804,1.450000,0.000000,0,0.000000,0,2.110000,0.000000
1479763265804,1.450000,0.000000,0,0.000000,0,2.110000,0.000000
1479763265804,1.450000,0.000000,0,0.000000,0,2.110000,0.000000
1479763265804,1.450000,0.000000,0,0.000000,0,2.110000,0.000000
1479763305777,1.450000,0.000000,0,0.000000,0,2.110000,0.000000
1479763305777,1.450000,0.000000,0,0.000000,0,2.110000,0.000000
1479763305777,1.450000,0.000000,0,0.000000,0,2.110000,0.000000
1479763305777,1.450000,0.000000,0,0.000000,0,2.110000,0.000000
1479763305777,1.450000,0.000000,0,0.000000,0,2.110000,0.000000
1479763305777,1.450000,0.000000,0,0.000000,0,2.110000,0.000000
1479763305777,1.450000,0.000000,0,0.000000,0,2.110000,0.000000
1479763305777,1.450000,0.000000,0,0.000000,0,2.110000,0.000000
1479763305777,1.450000,0.000000,0,0.000000,0,2.110000,0.000000
1479763305777,1.450000,0.000000,0,0.000000,0,2.110000,0.000000
1479763305777,1.450000,0.000000,0,0.000000,0,2.110000,0.000000
1479763305777,1.450000,0.000000,0,0.000000,0,2.110000,0.000000
1479763305777,1.450000,0.000000,0,0.000000,0,2.110000,0.000000
1479763305777,1.450000,0.000000,0,0.000000,0,2.110000,0.000000
1479763305777,1.450000,0.000000,0,0.000000,0,2.110000,0.000000
1479763305777,1.450000,0.000000,0,0.000000,0,2.110000,0.000000
1479763305777,1.450000,0.000000,0,0.000000,0,2.110000,0.000000
1479763305777,1.450000,0.000000,0,0.000000,0,2.110000,0.000000
1479763305777,1.450000,0.000000,0,0.000000,0,2.110000,0.000000
1479763345788,1.450000,0.000000,0,0.000000,0,2.110000,0.000000
1479763345788,1.450000,0.000000,0,0.000000,0,2.110000,0.000000
1479763345788,1.450000,0.000000,0,0.000000,0,2.110000,0.000000
1479763345788,1.450000,0.000000,0,0.000000,0,2.110000,0.000000
1479763345788,1.450000,0.000000,0,0.000000,0,2.110000,0.000000
1479763345788,1.450000,0.000000,0,0.000000,0,2.110000,0.000000
1479763345788,1.450000,0.000000,0,0.000000,0,2.110000,0.000000
1479763345788,1.450000,0.000000,0,0.000000,0,2.110000,0.000000
1479763345788,1.450000,0.000000,0,0.000000,0,2.110000,0.000000
1479763345788,1.450000,0.000000,0,0.000000,0,2.110000,0.000000
1479763345788,1.450000,0.000000,0,0.000000,0,2.110000,0.000000
1479763345788,1.450000,0.000000,0,0.000000,0,2.110000,0.000000
1479763345788,1.450000,0.000000,0,0.000000,0,2.110000,0.000000
1479763345788,1.450000,0.000000,0,0.000000,0,2.110000,0.000000
1479763345788,1.450000,0.000000,0,0.000000,0,2.110000,0.000000
1479763345788,1.450000,0.000000,0,0.000000,0,2.110000,0.000000
1479763345788,1.450000,0.000000,0,0.000000,0,2.110000,0.000000
1479763345788,1.450000,0.000000,0,0.000000,0,2.110000,0.000000
1479763345788,1.450000,0.000000,0,0.000000,0,2.110000,0.000000
1479763385794,1.450000,0.000000,0,0.000000,0,2.110000,0.000000
1479763385794,1.450000,0.000000,0,0.000000,0,2.110000,0.000000
1479763345788,1.450000,0.000000,0,0.000000,0,2.110000,0.000000
1479763385794,1.450000,0.000000,0,0.000000,0,2.110000,0.000000
1479763345788,1.450000,0.000000,0,0.000000,0,2.110000,0.000000
1479763345788,1.450000,0.000000,0,0.000000,0,2.110000,0.000000
1479763345788,1.450000,0.000000,0,0.000000,0,2.110000,0.000000
1479763345788,1.450000,0.000000,0,0.000000,0,2.110000,0.000000
1479763385794,1.450000,0.000000,0,0.000000,0,2.110000,0.000000
1479763385794,1.450000,0.000000,0,0.000000,0,2.110000,0.000000
1479763345788,1.450000,0.000000,0,0.000000,0,2.110000,0.000000
1479763345788,1.450000,0.000000,0,0.000000,0,2.110000,0.000000
1479763385794,1.450000,0.000000,0,0.000000,0,2.110000,0.000000
1479763385794,1.450000,0.000000,0,0.000000,0,2.110000,0.000000
1479763385794,1.450000,0.000000,0,0.000000,0,2.110000,0.000000
1479763345788,1.450000,0.000000,0,0.000000,0,2.110000,0.000000
1479763345788,1.450000,0.000000,0,0.000000,0,2.110000,0.000000
1479763385794,1.450000,0.000000,0,0.000000,0,2.110000,0.000000
1479763385794,1.450000,0.000000,0,0.000000,0,2.110000,0.000000
1479763385794,1.450000,0.000000,0,0.000000,0,2.110000,0.000000
1479763425794,1.450000,0.000000,0,0.000000,0,2.110000,0.000000
1479763425794,1.450000,0.000000,0,0.000000,0,2.110000,0.000000
1479763425794,1.450000,0.000000,0,0.000000,0,2.110000,0.000000
1479763425794,1.450000,0.000000,0,0.000000,0,2.110000,0.000000
1479763425794,1.450000,0.000000,0,0.000000,0,2.110000,0.000000
1479763425794,1.450000,0.000000,0,0.000000,0,2.110000,0.000000
1479763425794,1.450000,0.000000,0,0.000000,0,2.110000,0.000000
1479763425794,1.450000,0.000000,0,0.000000,0,2.110000,0.000000
1479763425794,1.450000,0.000000,0,0.000000,0,2.110000,0.000000
1479763425794,1.450000,0.000000,0,0.000000,0,2.110000,0.000000
1479763425794,1.450000,0.000000,0,0.000000,0,2.110000,0.000000
1479763425794,1.450000,0.000000,0,0.000000,0,2.110000,0.000000
1479763425794,1.450000,0.000000,0,0.000000,0,2.110000,0.000000
1479763425794,1.450000,0.000000,0,0.000000,0,2.110000,0.000000
1479763425794,1.450000,0.000000,0,0.000000,0,2.110000,0.000000
1479763425794,1.450000,0.000000,0,0.000000,0,2.110000,0.000000
1479763425794,1.450000,0.000000,0,0.000000,0,2.110000,0.000000
1479763425794,1.450000,0.000000,0,0.000000,0,2.110000,0.000000
1479763425794,1.450000,0.000000,0,0.000000,0,2.110000,0.000000
1479763425794,1.450000,0.000000,0,0.000000,0,2.110000,0.000000
1479763425794,1.450000,0.000000,0,0.000000,0,2.110000,0.000000
1479763425794,1.450000,0.000000,0,0.000000,0,2.110000,0.000000
1479763425794,1.450000,0.000000,0,0.000000,0,2.110000,0.000000
1479763425794,1.450000,0.000000,0,0.000000,0,2.110000,0.000000
1479763425794,1.450000,0.000000,0,0.000000,0,2.110000,0.000000
1479763425794,1.450000,0.000000,0,0.000000,0,2.110000,0.000000
1479763425794,1.450000,0.000000,0,0.000000,0,2.110000,0.000000
1479763425794,1.450000,0.000000,0,0.000000,0,2.110000,0.000000
1479763425794,1.450000,0.000000,0,0.000000,0,2.110000,0.000000
1479763425794,1.450000,0.000000,0,0.000000,0,2.110000,0.000000
1479763425794,1.450000,0.000000,0,0.000000,0,2.110000,0.000000
1479763425794,1.450000,0.000000,0,0.000000,0,2.110000,0.000000
1479763425794,1.450000,0.000000,0,0.000000,0,2.110000,0.000000
1479763425794,1.450000,0.000000,0,0.000000,0,2.110000,0.000000
1479763425794,1.450000,0.000000,0,0.000000,0,2.110000,0.000000
1479763425794,1.450000,0.000000,0,0.000000,0,2.110000,0.000000
1479763425794,1.450000,0.000000,0,0.000000,0,2.110000,0.000000
1479763425794,1.450000,0.000000,0,0.000000,0,2.110000,0.000000
1479763505775,1.450000,0.000000,0,0.000000,0,2.110000,0.000000
1479763505775,1.450000,0.000000,0,0.000000,0,2.110000,0.000000
1479763505775,1.450000,0.000000,0,0.000000,0,2.110000,0.000000
1479763505775,1.450000,0.000000,0,0.000000,0,2.110000,0.000000
1479763505775,1.450000,0.000000,0,0.000000,0,2.110000,0.000000
1479763505775,1.450000,0.000000,0,0.000000,0,2.110000,0.000000
1479763505775,1.450000,0.000000,0,0.000000,0,2.110000,0.000000
1479763505775,1.450000,0.000000,0,0.000000,0,2.110000,0.000000
1479763505775,1.450000,0.000000,0,0.000000,0,2.110000,0.000000
1479763505775,1.450000,0.000000,0,0.000000,0,2.110000,0.000000
1479763505775,1.450000,0.000000,0,0.000000,0,2.110000,0.000000
1479763505775,1.450000,0.000000,0,0.000000,0,2.110000,0.000000
1479763505775,1.450000,0.000000,0,0.000000,0,2.110000,0.000000
1479763505775,1.450000,0.000000,0,0.000000,0,2.110000,0.000000
1479763505775,1.450000,0.000000,0,0.000000,0,2.110000,0.000000
1479763505775,1.450000,0.000000,0,0.000000,0,2.110000,0.000000
1479763505775,1.450000,0.000000,0,0.000000,0,2.110000,0.000000
1479763505775,1.450000,0.000000,0,0.000000,0,2.110000,0.000000
1479763505775,1.450000,0.000000,0,0.000000,0,2.110000,0.000000
1479763505775,1.450000,0.000000,0,0.000000,0,2.110000,0.000000
1479763505775,1.450000,0.000000,0,0.000000,0,2.110000,0.000000
1479763505775,1.450000,0.000000,0,0.000000,0,2.110000,0.000000
1479763505775,1.450000,0.000000,0,0.000000,0,2.110000,0.000000
1479763505775,1.450000,0.000000,0,0.000000,0,2.110000,0.000000
1479763505775,1.450000,0.000000,0,0.000000,0,2.110000,0.000000
1479763505775,1.450000,0.000000,0,0.000000,0,2.110000,0.000000
1479763505775,1.450000,0.000000,0,0.000000,0,2.110000,0.000000
1479763505775,1.450000,0.000000,0,0.000000,0,2.110000,0.000000
1479763505775,1.450000,0.000000,0,0.000000,0,2.110000,0.000000
1479763505775,1.450000,0.000000,0,0.000000,0,2.110000,0.000000
1479763505775,1.450000,0.000000,0,0.000000,0,2.110000,0.000000
1479763505775,1.450000,0.000000,0,0.000000,0,2.110000,0.000000
1479763505775,1.450000,0.000000,0,0.000000,0,2.110000,0.000000
1479763505775,1.450000,0.000000,0,0.000000,0,2.110000,0.000000
1479763505775,1.450000,0.000000,0,0.000000,0,2.110000,0.000000
1479763505775,1.450000,0.000000,0,0.000000,0,2.110000,0.000000
1479763505775,1.450000,0.000000,0,0.000000,0,2.110000,0.000000
1479763505775,1.450000,0.000000,0,0.000000,0,2.110000,0.000000
1479763505775,1.450000,0.000000,0,0.000000,0,2.110000,0.000000
1479763505775,1.450000,0.000000,0,0.000000,0,2.110000,0.000000
1479763505775,1.450000,0.000000,0,0.000000,0,2.110000,0.000000
1479763505775,1.450000,0.000000,0,0.000000,0,2.110000,0.000000
1479763505775,1.450000,0.000000,0,0.000000,0,2.110000,0.000000
1479763505775,1.450000,0.000000,0,0.000000,0,2.110000,0.000000
1479763505775,1.450000,0.000000,0,0.000000,0,2.110000,0.000000
1479763505775,1.450000,0.000000,0,0.000000,0,2.110000,0.000000
1479763505775,1.450000,0.000000,0,0.000000,0,2.110000,0.000000
1479763505775,1.450000,0.000000,0,0.000000,0,2.110000,0.000000
1479763505775,1.450000,0.000000,0,0.000000,0,2.110000,0.000000
1479763505775,1.450000,0.000000,0,0.000000,0,2.110000,0.000000
1479763505775,1.450000,0.000000,0,0.000000,0,2.110000,0.000000
1479763505775,1.450000,0.000000,0,0.000000,0,2.110000,0.000000
1479763505775,1.450000,0.000000,0,0.000000,0,2.110000,0.000000
1479763505775,1.450000,0.000000,0,0.000000,0,2.110000,0.000000
1479763505775,1.450000,0.000000,0,0.000000,0,2.110000,0.000000
1479763505775,1.450000,0.000000,0,0.000000,0,2.110000,0.000000
1479763505775,1.450000,0.000000,0,0.000000,0,2.110000,0.000000
1479763505775,1.450000,0.000000,0,0.000000,0,2.110000,0.000000
1479763625785,1.450000,0.000000,0,0.000000,0,2.110000,0.000000
1479763625785,1.450000,0.000000,0,0.000000,0,2.110000,0.000000
1479763625785,1.450000,0.000000,0,0.000000,0,2.110000,0.000000
1479763625785,1.450000,0.000000,0,0.000000,0,2.110000,0.000000
1479763625785,1.450000,0.000000,0,0.000000,0,2.110000,0.000000
1479763625785,1.450000,0.000000,0,0.000000,0,2.110000,0.000000
1479763625785,1.450000,0.000000,0,0.000000,0,2.110000,0.000000
1479763625785,1.450000,0.000000,0,0.000000,0,2.110000,0.000000
1479763625785,1.450000,0.000000,0,0.000000,0,2.110000,0.000000
1479763625785,1.450000,0.000000,0,0.000000,0,2.110000,0.000000
1479763625785,1.450000,0.000000,0,0.000000,0,2.110000,0.000000
1479763625785,1.450000,0.000000,0,0.000000,0,2.110000,0.000000
1479763625785,1.450000,0.000000,0,0.000000,0,2.110000,0.000000
1479763625785,1.450000,0.000000,0,0.000000,0,2.110000,0.000000
1479763625785,1.450000,0.000000,0,0.000000,0,2.110000,0.000000
1479763625785,1.450000,0.000000,0,0.000000,0,2.110000,0.000000
1479763625785,1.450000,0.000000,0,0.000000,0,2.110000,0.000000
1479763625785,1.450000,0.000000,0,0.000000,0,2.110000,0.000000
1479763625785,1.450000,0.000000,0,0.000000,0,2.110000,0.000000
1479763625785,1.450000,0.000000,0,0.000000,0,2.110000,0.000000
1479763625785,1.450000,0.000000,0,0.000000,0,2.110000,0.000000
1479763625785,1.450000,0.000000,0,0.000000,0,2.110000,0.000000
1479763625785,1.450000,0.000000,0,0.000000,0,2.110000,0.000000
1479763625785,1.450000,0.000000,0,0.000000,0,2.110000,0.000000
1479763625785,1.450000,0.000000,0,0.000000,0,2.110000,0.000000
1479763625785,1.450000,0.000000,0,0.000000,0,2.110000,0.000000
1479763625785,1.450000,0.000000,0,0.000000,0,2.110000,0.000000
1479763625785,1.450000,0.000000,0,0.000000,0,2.110000,0.000000
1479763625785,1.450000,0.000000,0,0.000000,0,2.110000,0.000000
1479763625785,1.450000,0.000000,0,0.000000,0,2.110000,0.000000
1479763625785,1.450000,0.000000,0,0.000000,0,2.110000,0.000000
1479763625785,1.450000,0.000000,0,0.000000,0,2.110000,0.000000
1479763625785,1.450000,0.000000,0,0.000000,0,2.110000,0.000000
1479763625785,1.450000,0.000000,0,0.000000,0,2.110000,0.000000
1479763625785,1.450000,0.000000,0,0.000000,0,2.110000,0.000000
1479763625785,1.450000,0.000000,0,0.000000,0,2.110000,0.000000
1479763625785,1.450000,0.000000,0,0.000000,0,2.110000,0.000000
1479763625785,1.450000,0.000000,0,0.000000,0,2.110000,0.000000
1479763625785,1.450000,0.000000,0,0.000000,0,2.110000,0.000000
1479763625785,1.450000,0.000000,0,0.000000,0,2.110000,0.000000
1479763625785,1.450000,0.000000,0,0.000000,0,2.110000,0.000000
1479763625785,1.450000,0.000000,0,0.000000,0,2.110000,0.000000
1479763625785,1.450000,0.000000,0,0.000000,0,2.110000,0.000000
1479763625785,1.450000,0.000000,0,0.000000,0,2.110000,0.000000
1479763625785,1.450000,0.000000,0,0.000000,0,2.110000,0.000000
1479763625785,1.450000,0.000000,0,0.000000,0,2.110000,0.000000
1479763625785,1.450000,0.000000,0,0.000000,0,2.110000,0.000000
1479763625785,1.450000,0.000000,0,0.000000,0,2.110000,0.000000
1479763625785,1.450000,0.000000,0,0.000000,0,2.110000,0.000000
1479763625785,1.450000,0.000000,0,0.000000,0,2.110000,0.000000
1479763625785,1.450000,0.000000,0,0.000000,0,2.110000,0.000000
1479763625785,1.450000,0.000000,0,0.000000,0,2.110000,0.000000
1479763625785,1.450000,0.000000,0,0.000000,0,2.110000,0.000000
1479763625785,1.450000,0.000000,0,0.000000,0,2.110000,0.000000
1479763625785,1.450000,0.000000,0,0.000000,0,2.110000,0.000000
1479763625785,1.450000,0.000000,0,0.000000,0,2.110000,0.000000
1479763625785,1.450000,0.000000,0,0.000000,0,2.110000,0.000000
1479763625785,1.450000,0.000000,0,0.000000,0,2.110000,0.000000
1479763745761,1.450000,0.000000,0,0.000000,0,2.110000,0.000000
1479763745761,1.450000,0.000000,0,0.000000,0,2.110000,0.000000
1479763745761,1.450000,0.000000,0,0.000000,0,2.110000,0.000000
1479763745761,1.450000,0.000000,0,0.000000,0,2.110000,0.000000
