1480429860000,71.870003,65.050003,100,107.400002,200,0.000000,0.000000
1480429862000,71.870003,65.050003,100,107.400002,200,0.000000,0.000000
1480429864000,71.870003,65.050003,100,107.400002,200,0.000000,0.000000
1480429866000,71.870003,65.050003,100,107.400002,200,0.000000,0.000000
1480429868000,71.870003,65.050003,100,107.400002,200,0.000000,0.000000
1480429870000,71.870003,65.050003,100,107.400002,200,0.000000,0.000000
1480429872000,71.870003,65.050003,100,107.400002,200,0.000000,0.000000
1480429874000,71.870003,65.050003,100,107.400002,200,0.000000,0.000000
1480429876000,71.870003,65.050003,100,107.400002,200,0.000000,0.000000
1480429878000,71.870003,65.050003,100,107.400002,200,0.000000,0.000000
1480429880000,71.870003,65.050003,100,107.400002,200,0.000000,0.000000
1480429882000,71.870003,65.050003,100,107.400002,200,0.000000,0.000000
1480429884000,71.870003,65.050003,100,107.400002,200,0.000000,0.000000
1480429886000,71.870003,65.050003,100,107.400002,200,0.000000,0.000000
1480429889000,71.870003,65.050003,100,107.400002,200,0.000000,0.000000
1480429891000,71.870003,65.050003,100,107.400002,200,0.000000,0.000000
1480429893000,71.870003,65.050003,100,107.400002,200,0.000000,0.000000
1480429895000,71.870003,65.050003,100,107.400002,200,0.000000,0.000000
1480429897000,71.870003,65.050003,100,107.400002,200,0.000000,0.000000
1480429899000,71.870003,65.050003,100,107.400002,200,0.000000,0.000000
1480429901000,71.870003,65.050003,100,107.400002,200,0.000000,0.000000
1480429903000,71.870003,65.050003,100,107.400002,200,0.000000,0.000000
1480429905000,71.870003,65.050003,100,107.400002,200,0.000000,0.000000
1480429907000,71.870003,65.050003,100,107.400002,200,0.000000,0.000000
1480429909000,71.870003,65.050003,100,107.400002,200,0.000000,0.000000
1480429911000,71.870003,65.050003,100,107.400002,200,0.000000,0.000000
1480429913000,71.870003,65.050003,100,107.400002,200,0.000000,0.000000
1480429915000,71.870003,65.050003,100,107.400002,200,0.000000,0.000000
1480429917000,71.870003,65.050003,100,107.400002,200,0.000000,0.000000
1480429919000,71.870003,65.050003,100,107.400002,200,0.000000,0.000000
1480429921000,71.870003,65.050003,100,107.400002,200,0.000000,0.000000
1480429923000,71.870003,65.050003,100,107.400002,200,0.000000,0.000000
1480429926000,71.870003,65.050003,100,107.400002,200,0.000000,0.000000
1480429928000,71.870003,65.050003,100,107.400002,200,0.000000,0.000000
1480429930000,71.870003,65.050003,100,107.400002,200,0.000000,0.000000
1480429932000,71.870003,65.050003,100,107.400002,200,0.000000,0.000000
1480429934000,71.870003,65.050003,100,107.400002,200,0.000000,0.000000
1480429936000,71.870003,65.050003,100,107.400002,200,0.000000,0.000000
1480429938000,71.870003,65.050003,100,107.400002,200,0.000000,0.000000
1480429940000,71.870003,65.050003,100,107.400002,200,0.000000,0.000000
1480429942000,71.870003,65.050003,100,107.400002,200,0.000000,0.000000
1480429944000,71.870003,65.050003,100,107.400002,200,0.000000,0.000000
1480429946000,71.870003,65.050003,100,107.400002,200,0.000000,0.000000
1480429948000,71.870003,65.050003,100,107.400002,200,0.000000,0.000000
1480429950000,71.870003,65.050003,100,107.400002,200,0.000000,0.000000
1480429953000,71.870003,65.050003,100,107.400002,200,0.000000,0.000000
1480429955000,71.870003,65.050003,100,107.400002,200,0.000000,0.000000
1480429957000,71.870003,65.050003,100,107.400002,200,0.000000,0.000000
1480429959000,71.870003,65.050003,100,107.400002,200,0.000000,0.000000
1480429961000,71.870003,65.050003,100,107.400002,200,0.000000,0.000000
1480429963000,71.870003,65.050003,100,107.400002,200,0.000000,0.000000
1480429965000,71.870003,65.050003,100,107.400002,200,0.000000,0.000000
1480429967000,71.870003,65.050003,100,107.400002,200,0.000000,0.000000
1480429969000,71.870003,65.050003,100,107.400002,200,0.000000,0.000000
1480429971000,71.870003,65.050003,100,107.400002,200,0.000000,0.000000
1480429973000,71.870003,65.050003,100,107.400002,200,0.000000,0.000000
1480429975000,71.870003,65.050003,100,107.400002,200,0.000000,0.000000
1480429977000,71.870003,65.050003,100,107.400002,200,0.000000,0.000000
1480429979000,71.870003,65.050003,100,107.400002,200,0.000000,0.000000
1480429982000,71.870003,65.050003,100,107.400002,200,0.000000,0.000000
1480429984000,71.870003,65.050003,100,107.400002,200,0.000000,0.000000
1480429986000,71.870003,65.050003,100,107.400002,200,0.000000,0.000000
1480429988000,71.870003,65.050003,100,107.400002,200,0.000000,0.000000
1480429990000,71.870003,65.050003,100,107.400002,200,0.000000,0.000000
1480429992000,71.870003,65.050003,100,107.400002,200,0.000000,0.000000
1480429994000,71.870003,65.050003,100,107.400002,200,0.000000,0.000000
1480429996000,71.870003,65.050003,100,107.400002,200,0.000000,0.000000
1480429998000,71.870003,65.050003,100,107.400002,200,0.000000,0.000000
1480430000000,71.870003,65.050003,100,107.400002,200,0.000000,0.000000
1480430002000,71.870003,65.050003,100,107.400002,200,0.000000,0.000000
1480430004000,71.870003,65.050003,100,107.199997,100,0.000000,0.000000
1480430006000,71.870003,65.050003,100,107.199997,100,0.000000,0.000000
1480430008000,71.870003,65.050003,100,107.199997,100,0.000000,0.000000
1480430010000,71.870003,65.050003,100,107.199997,100,0.000000,0.000000
1480430013000,71.870003,65.050003,100,107.199997,100,0.000000,0.000000
1480430015000,71.870003,65.050003,100,107.199997,100,0.000000,0.000000
1480430017000,71.870003,65.050003,100,107.199997,100,0.000000,0.000000
1480430019000,71.870003,65.050003,100,107.199997,100,0.000000,0.000000
1480430021000,71.870003,65.050003,100,107.199997,100,0.000000,0.000000
1480430023000,71.870003,65.050003,100,107.199997,100,0.000000,0.000000
1480430025000,71.870003,65.050003,100,107.199997,100,0.000000,0.000000
1480430027000,71.870003,65.050003,100,107.199997,100,0.000000,0.000000
1480430029000,71.870003,65.050003,100,107.199997,100,0.000000,0.000000
1480430031000,71.870003,65.050003,100,107.199997,100,0.000000,0.000000
1480430033000,71.870003,65.050003,100,107.199997,100,0.000000,0.000000
1480430035000,71.870003,65.050003,100,107.199997,100,0.000000,0.000000
1480430038000,71.870003,65.050003,100,107.199997,100,0.000000,0.000000
1480430040000,71.870003,65.050003,100,107.199997,100,0.000000,0.000000
1480430042000,71.870003,65.050003,100,107.199997,100,0.000000,0.000000
1480430044000,71.870003,65.050003,100,107.199997,100,0.000000,0.000000
1480430046000,71.870003,65.050003,100,107.199997,100,0.000000,0.000000
1480430048000,71.870003,65.050003,100,107.199997,100,0.000000,0.000000
1480430050000,71.870003,65.050003,100,107.199997,100,0.000000,0.000000
1480430052000,71.870003,65.050003,100,107.199997,100,0.000000,0.000000
1480430054000,71.870003,65.050003,100,107.199997,100,0.000000,0.000000
1480430056000,71.870003,65.050003,100,107.199997,100,0.000000,0.000000
1480430058000,71.870003,65.050003,100,107.199997,100,0.000000,0.000000
1480430060000,71.870003,65.050003,100,107.199997,100,0.000000,0.000000
1480430062000,71.870003,65.050003,100,107.199997,100,0.000000,0.000000
1480430064000,71.870003,65.050003,100,107.199997,100,0.000000,0.000000
1480430066000,71.870003,65.050003,100,107.199997,100,0.000000,0.000000
1480430068000,71.870003,65.050003,100,107.199997,100,0.000000,0.000000
1480430070000,71.870003,65.050003,100,107.199997,100,0.000000,0.000000
1480430073000,71.870003,65.050003,100,107.199997,100,0.000000,0.000000
1480430075000,71.870003,65.050003,100,107.199997,100,0.000000,0.000000
1480430077000,71.870003,65.050003,100,107.199997,100,0.000000,0.000000
1480430079000,71.870003,65.050003,100,107.199997,100,0.000000,0.000000
1480430081000,71.870003,65.050003,100,107.199997,100,0.000000,0.000000
1480430083000,71.870003,65.050003,100,107.199997,100,0.000000,0.000000
1480430085000,71.870003,65.050003,100,107.199997,100,0.000000,0.000000
1480430087000,71.870003,65.050003,100,107.199997,100,0.000000,0.000000
1480430089000,71.870003,65.050003,100,107.199997,100,0.000000,0.000000
1480430091000,71.870003,65.050003,100,107.199997,100,0.000000,0.000000
1480430093000,71.870003,65.050003,100,107.199997,100,0.000000,0.000000
1480430095000,71.870003,65.050003,100,107.199997,100,0.000000,0.000000
1480430097000,71.870003,65.050003,100,107.199997,100,0.000000,0.000000
1480430099000,71.870003,65.050003,100,107.199997,100,0.000000,0.000000
1480430101000,71.870003,65.050003,100,107.199997,100,0.000000,0.000000
1480430103000,71.870003,65.050003,100,107.199997,100,0.000000,0.000000
1480430105000,71.870003,65.050003,100,107.199997,100,0.000000,0.000000
1480430108000,71.870003,65.050003,100,107.199997,100,0.000000,0.000000
1480430110000,71.870003,65.050003,100,107.199997,100,0.000000,0.000000
1480430112000,71.870003,65.050003,100,107.199997,100,0.000000,0.000000
1480430114000,71.870003,65.050003,100,107.199997,100,0.000000,0.000000
1480430116000,71.870003,65.050003,100,107.199997,100,0.000000,0.000000
1480430118000,71.870003,65.050003,100,107.199997,100,0.000000,0.000000
1480430120000,71.870003,65.050003,100,107.199997,100,0.000000,0.000000
1480430122000,71.870003,65.050003,100,107.199997,100,0.000000,0.000000
1480430124000,71.870003,65.050003,100,107.199997,100,0.000000,0.000000
1480430126000,71.870003,65.050003,100,107.199997,200,0.000000,0.000000
1480430128000,71.870003,65.050003,100,107.199997,200,0.000000,0.000000
1480430130000,71.870003,65.050003,100,107.199997,200,0.000000,0.000000
1480430132000,71.870003,65.050003,100,107.199997,200,0.000000,0.000000
1480430134000,71.870003,65.050003,100,107.199997,200,0.000000,0.000000
1480430136000,71.870003,65.050003,100,107.199997,200,0.000000,0.000000
1480430138000,71.870003,65.050003,100,107.199997,200,0.000000,0.000000
1480430140000,71.870003,65.050003,100,107.199997,200,0.000000,0.000000
1480430142000,71.870003,65.050003,100,107.199997,200,0.000000,0.000000
1480430145000,71.870003,65.050003,100,107.199997,200,0.000000,0.000000
1480430147000,71.970001,65.050003,100,107.199997,200,0.000000,0.000000
1480430149000,71.980003,65.050003,100,107.199997,200,0.000000,0.000000
1480430151000,71.980003,65.050003,100,107.199997,200,0.000000,0.000000
1480430153000,71.980003,65.050003,100,107.199997,200,0.000000,0.000000
1480430155000,71.980003,65.050003,100,107.199997,200,0.000000,0.000000
1480430157000,71.980003,65.050003,100,107.199997,200,0.000000,0.000000
1480430159000,71.980003,65.050003,100,107.199997,200,0.000000,0.000000
1480430161000,71.980003,65.050003,100,107.199997,200,0.000000,0.000000
1480430163000,71.980003,65.050003,100,107.199997,200,0.000000,0.000000
1480430165000,71.980003,65.050003,100,107.199997,200,0.000000,0.000000
1480430167000,72.019997,65.050003,100,107.199997,200,0.000000,0.000000
1480430169000,72.019997,65.050003,100,107.199997,200,0.000000,0.000000
1480430171000,72.019997,65.050003,100,107.199997,200,0.000000,0.000000
1480430173000,72.019997,65.050003,100,107.199997,200,0.000000,0.000000
1480430175000,72.019997,65.050003,100,107.199997,200,0.000000,0.000000
1480430177000,72.019997,65.050003,100,107.199997,200,0.000000,0.000000
1480430180000,72.019997,65.050003,100,107.199997,200,0.000000,0.000000
1480430182000,72.019997,65.050003,100,107.199997,200,0.000000,0.000000
1480430184000,72.019997,65.050003,100,107.199997,200,0.000000,0.000000
1480430186000,72.019997,65.050003,100,107.199997,200,0.000000,0.000000
1480430188000,72.019997,65.050003,100,107.199997,200,0.000000,0.000000
1480430190000,72.019997,65.050003,100,107.199997,200,0.000000,0.000000
1480430192000,72.019997,65.050003,100,107.199997,200,0.000000,0.000000
1480430194000,72.019997,65.050003,100,107.199997,200,0.000000,0.000000
1480430196000,72.019997,65.050003,100,107.199997,200,0.000000,0.000000
1480430198000,72.019997,65.050003,100,107.199997,200,0.000000,0.000000
1480430200000,72.019997,65.050003,100,107.199997,200,0.000000,0.000000
1480430202000,72.019997,65.050003,100,107.199997,200,0.000000,0.000000
1480430204000,72.019997,65.050003,100,107.199997,200,0.000000,0.000000
1480430206000,72.019997,65.050003,100,107.199997,200,0.000000,0.000000
1480430208000,72.019997,65.050003,100,107.199997,200,0.000000,0.000000
1480430211000,72.019997,65.050003,100,107.199997,200,0.000000,0.000000
1480430213000,72.019997,65.050003,100,107.199997,200,0.000000,0.000000
1480430215000,72.019997,65.050003,100,107.199997,200,0.000000,0.000000
1480430217000,72.019997,65.050003,100,107.199997,200,0.000000,0.000000
1480430219000,72.019997,65.050003,100,107.199997,200,0.000000,0.000000
1480430221000,72.019997,65.050003,100,107.199997,200,0.000000,0.000000
1480430223000,72.019997,65.050003,100,107.199997,200,0.000000,0.000000
1480430225000,72.019997,65.050003,100,107.199997,200,0.000000,0.000000
1480430227000,72.019997,65.050003,100,107.199997,200,0.000000,0.000000
1480430229000,72.019997,65.050003,100,107.199997,200,0.000000,0.000000
1480430231000,72.019997,65.050003,100,107.199997,200,0.000000,0.000000
1480430233000,72.019997,65.050003,100,107.199997,200,0.000000,0.000000
1480430235000,72.019997,65.050003,100,107.199997,200,0.000000,0.000000
1480430237000,72.019997,65.050003,100,107.199997,200,0.000000,0.000000
1480430239000,72.019997,65.050003,100,107.199997,200,0.000000,0.000000
1480430241000,72.019997,65.050003,100,107.199997,200,0.000000,0.000000
1480430244000,72.019997,65.050003,100,107.199997,200,0.000000,0.000000
1480430246000,72.019997,65.050003,100,87.489998,100,0.000000,0.000000
1480430248000,72.019997,65.050003,100,87.489998,100,0.000000,0.000000
1480430250000,72.019997,65.050003,100,87.489998,100,0.000000,0.000000
1480430252000,72.019997,65.050003,100,87.489998,100,0.000000,0.000000
1480430254000,72.019997,65.050003,100,87.489998,100,0.000000,0.000000
1480430256000,72.019997,65.050003,100,87.489998,100,0.000000,0.000000
1480430258000,72.019997,65.050003,100,87.489998,100,0.000000,0.000000
1480430260000,72.019997,65.050003,100,87.489998,100,0.000000,0.000000
1480430262000,72.019997,65.050003,100,87.489998,100,0.000000,0.000000
1480430264000,72.019997,65.050003,100,87.489998,100,0.000000,0.000000
1480430266000,72.019997,65.050003,100,87.489998,100,0.000000,0.000000
1480430268000,72.019997,65.050003,100,87.489998,100,0.000000,0.000000
1480430270000,72.019997,65.050003,100,87.489998,100,0.000000,0.000000
1480430272000,72.019997,65.050003,100,87.489998,100,0.000000,0.000000
1480430274000,72.019997,65.050003,100,87.489998,100,0.000000,0.000000
1480430276000,72.019997,65.050003,100,87.489998,100,0.000000,0.000000
1480430278000,72.019997,65.050003,100,87.489998,100,0.000000,0.000000
1480430281000,72.019997,65.050003,100,87.489998,100,0.000000,0.000000
1480430283000,72.019997,65.050003,100,87.489998,100,0.000000,0.000000
1480430285000,72.019997,65.050003,100,87.489998,100,0.000000,0.000000
1480430287000,72.019997,65.050003,100,87.489998,100,0.000000,0.000000
1480430289000,72.019997,65.050003,100,87.489998,100,0.000000,0.000000
1480430291000,72.019997,65.050003,100,87.489998,100,0.000000,0.000000
1480430293000,72.019997,65.050003,100,87.489998,100,0.000000,0.000000
1480430295000,72.019997,65.050003,100,87.489998,100,0.000000,0.000000
1480430297000,72.019997,65.050003,100,87.489998,100,0.000000,0.000000
1480430299000,72.019997,65.050003,100,87.489998,100,0.000000,0.000000
1480430301000,72.019997,65.050003,100,87.489998,100,0.000000,0.000000
1480430303000,72.019997,65.050003,100,87.489998,100,0.000000,0.000000
1480430305000,72.019997,65.050003,100,87.489998,100,0.000000,0.000000
1480430307000,72.019997,65.050003,100,87.489998,100,0.000000,0.000000
1480430309000,72.019997,65.050003,100,87.489998,100,0.000000,0.000000
1480430311000,72.019997,65.050003,100,87.489998,100,0.000000,0.000000
1480430313000,72.019997,65.050003,100,87.489998,100,0.000000,0.000000
1480430316000,72.019997,65.050003,100,87.489998,100,0.000000,0.000000
1480430318000,72.019997,65.050003,100,87.489998,100,0.000000,0.000000
1480430320000,72.375000,65.050003,100,87.489998,100,0.000000,0.000000
1480430322000,72.375000,65.050003,100,87.489998,100,0.000000,0.000000
1480430324000,72.375000,65.050003,100,87.489998,100,0.000000,0.000000
1480430326000,72.375000,65.050003,100,87.489998,100,0.000000,0.000000
1480430328000,72.375000,65.050003,100,87.489998,100,0.000000,0.000000
1480430330000,72.375000,65.050003,100,87.489998,100,0.000000,0.000000
1480430332000,72.375000,65.050003,100,87.489998,100,0.000000,0.000000
1480430334000,72.375000,65.050003,100,87.489998,100,0.000000,0.000000
1480430336000,72.375000,65.050003,100,87.489998,100,0.000000,0.000000
1480430338000,72.375000,65.050003,100,87.489998,100,0.000000,0.000000
1480430340000,72.375000,65.050003,100,87.489998,100,0.000000,0.000000
1480430342000,72.375000,65.050003,100,87.489998,100,0.000000,0.000000
1480430344000,72.375000,65.050003,100,87.489998,100,0.000000,0.000000
1480430346000,72.375000,65.050003,100,87.489998,100,0.000000,0.000000
1480430348000,72.375000,65.050003,100,87.489998,100,0.000000,0.000000
1480430350000,72.375000,65.050003,100,87.489998,100,0.000000,0.000000
1480430352000,72.375000,65.050003,100,87.489998,100,0.000000,0.000000
1480430354000,72.375000,65.050003,100,87.489998,100,0.000000,0.000000
1480430357000,72.375000,65.050003,100,87.489998,100,0.000000,0.000000
1480430359000,72.375000,65.050003,100,87.489998,100,0.000000,0.000000
1480430361000,72.375000,65.050003,100,87.489998,100,0.000000,0.000000
1480430363000,72.375000,65.050003,100,87.489998,100,0.000000,0.000000
1480430365000,72.375000,65.050003,100,87.489998,100,0.000000,0.000000
1480430367000,72.375000,65.050003,100,87.489998,100,0.000000,0.000000
1480430369000,72.375000,65.050003,100,87.489998,100,0.000000,0.000000
1480430371000,72.375000,65.050003,100,87.489998,100,0.000000,0.000000
1480430373000,72.394997,65.050003,100,87.489998,100,0.000000,0.000000
1480430375000,72.394997,65.050003,100,87.489998,100,0.000000,0.000000
1480430377000,72.394997,65.050003,100,87.489998,100,0.000000,0.000000
1480430379000,72.394997,65.050003,100,87.489998,100,0.000000,0.000000
1480430381000,72.394997,65.050003,100,87.489998,100,0.000000,0.000000
1480430383000,72.394997,65.050003,100,87.489998,100,0.000000,0.000000
1480430385000,72.394997,65.050003,100,87.489998,100,0.000000,0.000000
1480430387000,72.394997,65.050003,100,87.489998,100,0.000000,0.000000
1480430389000,72.394997,65.050003,100,87.489998,100,0.000000,0.000000
1480430391000,72.394997,65.050003,100,87.489998,100,0.000000,0.000000
1480430393000,72.394997,65.050003,100,87.489998,100,0.000000,0.000000
1480430396000,72.394997,65.050003,100,87.489998,100,0.000000,0.000000
1480430398000,72.394997,65.050003,100,87.489998,100,0.000000,0.000000
1480430400000,72.394997,65.050003,100,87.489998,100,0.000000,0.000000
1480430402000,72.394997,65.050003,100,87.489998,100,0.000000,0.000000
1480430404000,72.394997,65.050003,100,87.489998,100,0.000000,0.000000
1480430406000,72.394997,65.050003,100,87.489998,100,0.000000,0.000000
1480430408000,72.394997,65.050003,100,87.489998,100,0.000000,0.000000
1480430410000,72.394997,65.050003,100,87.489998,100,0.000000,0.000000
1480430412000,72.394997,65.050003,100,87.489998,100,0.000000,0.000000
1480430414000,72.394997,65.050003,100,87.489998,100,0.000000,0.000000
1480430416000,72.394997,65.050003,100,87.489998,100,0.000000,0.000000
1480430418000,72.394997,65.050003,100,87.489998,100,0.000000,0.000000
1480430420000,72.394997,65.050003,100,87.489998,100,0.000000,0.000000
1480430422000,72.394997,65.050003,100,87.489998,100,0.000000,0.000000
1480430425000,72.394997,65.050003,100,87.489998,100,0.000000,0.000000
1480430427000,72.394997,65.050003,100,87.489998,100,0.000000,0.000000
1480430429000,72.394997,65.050003,100,87.489998,100,0.000000,0.000000
1480430431000,72.394997,65.050003,100,87.489998,100,0.000000,0.000000
1480430433000,72.394997,65.050003,100,87.489998,100,0.000000,0.000000
1480430435000,72.394997,65.050003,100,87.489998,100,0.000000,0.000000
1480430437000,72.169998,65.050003,100,87.489998,100,0.000000,0.000000
1480430439000,72.169998,65.050003,100,87.489998,100,0.000000,0.000000
1480430441000,72.169998,65.050003,100,87.489998,100,0.000000,0.000000
1480430443000,72.169998,65.050003,100,87.489998,100,0.000000,0.000000
1480430445000,72.169998,65.050003,100,87.489998,100,0.000000,0.000000
1480430447000,72.169998,65.050003,100,87.489998,100,0.000000,0.000000
1480430449000,72.169998,65.050003,100,87.489998,100,0.000000,0.000000
1480430452000,72.169998,65.050003,100,87.489998,100,0.000000,0.000000
1480430454000,72.169998,65.050003,100,87.489998,100,0.000000,0.000000
1480430456000,72.169998,65.050003,100,87.489998,100,0.000000,0.000000
1480430458000,72.169998,65.050003,100,87.489998,100,0.000000,0.000000
1480430460000,72.169998,65.050003,100,87.489998,100,0.000000,0.000000
1480430462000,72.169998,65.050003,100,87.489998,100,0.000000,0.000000
1480430464000,72.169998,65.050003,100,87.489998,100,0.000000,0.000000
1480430466000,72.169998,65.050003,100,87.489998,100,0.000000,0.000000
1480430468000,72.169998,65.050003,100,87.489998,100,0.000000,0.000000
1480430470000,72.169998,65.050003,100,87.489998,100,0.000000,0.000000
1480430472000,72.169998,65.050003,100,87.489998,100,0.000000,0.000000
1480430474000,72.169998,65.050003,100,87.489998,100,0.000000,0.000000
1480430476000,72.169998,65.050003,100,87.489998,100,0.000000,0.000000
1480430478000,72.169998,65.050003,100,87.489998,100,0.000000,0.000000
1480430480000,72.169998,65.050003,100,87.489998,100,0.000000,0.000000
1480430482000,72.169998,65.050003,100,87.489998,100,0.000000,0.000000
1480430484000,72.169998,65.050003,100,87.489998,100,0.000000,0.000000
1480430487000,72.169998,65.050003,100,87.489998,100,0.000000,0.000000
1480430489000,72.169998,65.050003,100,87.489998,100,0.000000,0.000000
1480430491000,72.169998,65.050003,100,87.489998,100,0.000000,0.000000
1480430493000,72.169998,65.050003,100,87.489998,100,0.000000,0.000000
1480430495000,72.169998,65.050003,100,87.489998,100,0.000000,0.000000
1480430497000,72.169998,65.050003,100,87.489998,100,0.000000,0.000000
1480430499000,72.169998,65.050003,100,87.489998,100,0.000000,0.000000
1480430501000,72.169998,65.050003,100,87.489998,100,0.000000,0.000000
1480430503000,72.169998,65.050003,100,87.489998,100,0.000000,0.000000
1480430505000,72.169998,65.050003,100,87.489998,100,0.000000,0.000000
1480430507000,72.169998,65.050003,100,87.489998,100,0.000000,0.000000
1480430509000,72.169998,65.050003,100,87.489998,100,0.000000,0.000000
1480430511000,72.169998,65.050003,100,87.489998,100,0.000000,0.000000
1480430513000,72.169998,65.050003,100,87.489998,100,0.000000,0.000000
1480430515000,72.169998,65.050003,100,87.489998,100,0.000000,0.000000
1480430517000,72.169998,65.050003,100,87.489998,100,0.000000,0.000000
1480430519000,72.169998,65.050003,100,87.489998,100,0.000000,0.000000
1480430522000,72.169998,65.050003,100,87.489998,100,0.000000,0.000000
1480430524000,72.169998,65.050003,100,87.489998,100,0.000000,0.000000
1480430526000,72.169998,65.050003,100,87.489998,100,0.000000,0.000000
1480430528000,72.169998,65.050003,100,87.489998,100,0.000000,0.000000
1480430530000,72.169998,65.050003,100,87.489998,100,0.000000,0.000000
1480430532000,72.169998,65.050003,100,87.489998,100,0.000000,0.000000
1480430534000,72.169998,65.050003,100,87.489998,100,0.000000,0.000000
1480430536000,72.169998,65.050003,100,87.489998,100,0.000000,0.000000
1480430538000,72.169998,65.050003,100,87.489998,100,0.000000,0.000000
1480430540000,72.169998,65.050003,100,87.489998,100,0.000000,0.000000
1480430542000,72.169998,65.050003,100,87.489998,100,0.000000,0.000000
1480430544000,72.169998,65.050003,100,87.489998,100,0.000000,0.000000
1480430546000,72.169998,65.050003,100,87.489998,100,0.000000,0.000000
1480430549000,72.169998,65.050003,100,87.489998,100,0.000000,0.000000
1480430551000,72.169998,65.050003,100,87.489998,100,0.000000,0.000000
1480430553000,72.025002,65.050003,100,87.489998,100,0.000000,0.000000
1480430555000,72.025002,65.050003,100,87.489998,100,0.000000,0.000000
1480430557000,72.025002,65.050003,100,87.489998,100,0.000000,0.000000
1480430559000,72.025002,65.050003,100,87.489998,100,0.000000,0.000000
1480430561000,72.025002,65.050003,100,87.489998,100,0.000000,0.000000
1480430563000,72.025002,65.050003,100,87.489998,100,0.000000,0.000000
1480430565000,72.025002,65.050003,100,87.489998,100,0.000000,0.000000
1480430567000,72.025002,65.050003,100,87.489998,100,0.000000,0.000000
1480430569000,72.025002,65.050003,100,87.489998,100,0.000000,0.000000
1480430572000,72.025002,65.050003,100,87.489998,100,0.000000,0.000000
1480430574000,72.025002,65.050003,100,87.489998,100,0.000000,0.000000
1480430576000,72.000000,65.050003,100,87.489998,100,0.000000,0.000000
1480430578000,72.000000,65.050003,100,87.489998,100,0.000000,0.000000
1480430580000,72.000000,65.050003,100,87.489998,100,0.000000,0.000000
1480430582000,72.000000,65.050003,100,87.489998,100,0.000000,0.000000
1480430584000,72.000000,65.050003,100,87.489998,100,0.000000,0.000000
1480430586000,72.000000,65.050003,100,87.489998,100,0.000000,0.000000
1480430588000,72.000000,65.050003,100,87.489998,100,0.000000,0.000000
1480430591000,72.000000,65.050003,100,87.489998,100,0.000000,0.000000
1480430593000,72.000000,65.050003,100,87.489998,100,0.000000,0.000000
1480430595000,72.000000,65.050003,100,87.489998,100,0.000000,0.000000
1480430597000,72.000000,65.050003,100,87.489998,100,0.000000,0.000000
1480430599000,72.000000,65.050003,100,87.489998,100,0.000000,0.000000
1480430601000,72.000000,65.050003,100,87.489998,100,0.000000,0.000000
1480430603000,72.000000,65.050003,100,87.489998,100,0.000000,0.000000
1480430605000,72.000000,65.050003,100,81.860001,400,0.000000,0.000000
1480430608000,72.000000,65.050003,100,81.860001,400,0.000000,0.000000
1480430610000,72.000000,65.050003,100,81.860001,400,0.000000,0.000000
1480430612000,72.000000,65.050003,100,81.860001,400,0.000000,0.000000
1480430614000,72.000000,65.050003,100,81.860001,400,0.000000,0.000000
1480430616000,72.000000,65.050003,100,81.860001,400,0.000000,0.000000
1480430618000,72.000000,65.050003,100,81.860001,400,0.000000,0.000000
1480430620000,72.000000,65.050003,100,81.860001,400,0.000000,0.000000
1480430622000,72.000000,65.050003,100,81.860001,400,0.000000,0.000000
1480430624000,72.000000,65.050003,100,81.860001,400,0.000000,0.000000
1480430626000,72.000000,65.050003,100,81.860001,400,0.000000,0.000000
1480430628000,72.000000,65.050003,100,81.860001,400,0.000000,0.000000
1480430630000,72.000000,65.050003,100,81.860001,400,0.000000,0.000000
1480430632000,72.000000,65.050003,100,81.860001,400,0.000000,0.000000
1480430634000,72.000000,65.050003,100,81.860001,400,0.000000,0.000000
1480430636000,72.000000,65.050003,100,81.860001,400,0.000000,0.000000
1480430638000,72.000000,65.050003,100,81.860001,400,0.000000,0.000000
1480430640000,72.000000,65.050003,100,81.860001,400,0.000000,0.000000
1480430643000,72.000000,65.050003,100,81.860001,400,0.000000,0.000000
1480430645000,72.000000,65.050003,100,81.860001,400,0.000000,0.000000
1480430647000,72.000000,65.050003,100,81.860001,400,0.000000,0.000000
1480430649000,72.000000,65.050003,100,81.860001,400,0.000000,0.000000
1480430651000,72.000000,65.050003,100,81.860001,400,0.000000,0.000000
1480430653000,72.000000,65.050003,100,81.860001,400,0.000000,0.000000
1480430655000,72.000000,65.050003,100,81.860001,400,0.000000,0.000000
1480430657000,72.000000,65.050003,100,81.860001,400,0.000000,0.000000
1480430659000,72.000000,65.050003,100,81.860001,400,0.000000,0.000000
1480430661000,72.000000,65.050003,100,81.860001,400,0.000000,0.000000
1480430663000,72.000000,65.050003,100,81.860001,400,0.000000,0.000000
1480430665000,72.000000,65.050003,100,81.860001,500,0.000000,0.000000
1480430667000,72.000000,65.050003,100,81.860001,500,0.000000,0.000000
1480430669000,72.000000,65.050003,100,81.860001,500,0.000000,0.000000
1480430671000,72.000000,65.050003,100,81.860001,500,0.000000,0.000000
1480430673000,72.000000,65.050003,100,81.860001,500,0.000000,0.000000
1480430675000,72.000000,65.050003,100,81.860001,500,0.000000,0.000000
1480430677000,72.000000,65.050003,100,81.860001,500,0.000000,0.000000
1480430679000,72.000000,65.050003,100,81.860001,500,0.000000,0.000000
1480430681000,72.000000,65.050003,100,81.860001,500,0.000000,0.000000
1480430684000,72.000000,65.050003,100,81.860001,500,0.000000,0.000000
1480430686000,72.000000,65.050003,100,81.860001,500,0.000000,0.000000
1480430688000,72.000000,65.050003,100,81.860001,500,0.000000,0.000000
1480430690000,72.000000,65.050003,100,81.860001,500,0.000000,0.000000
1480430692000,72.000000,65.050003,100,81.860001,500,0.000000,0.000000
1480430694000,72.000000,65.050003,100,81.860001,500,0.000000,0.000000
1480430696000,72.000000,65.050003,100,81.860001,500,0.000000,0.000000
1480430698000,72.000000,65.050003,100,81.860001,500,0.000000,0.000000
1480430700000,72.000000,65.050003,100,81.860001,500,0.000000,0.000000
1480430702000,72.000000,65.050003,100,81.860001,500,0.000000,0.000000
1480430704000,72.000000,65.050003,100,81.860001,500,0.000000,0.000000
1480430706000,72.000000,65.050003,100,81.860001,500,0.000000,0.000000
1480430708000,72.000000,65.050003,100,81.860001,500,0.000000,0.000000
1480430710000,72.000000,65.050003,100,81.860001,500,0.000000,0.000000
1480430712000,71.860001,65.050003,100,81.860001,500,0.000000,0.000000
1480430714000,71.860001,65.050003,100,81.860001,500,0.000000,0.000000
1480430716000,71.860001,65.050003,100,81.860001,500,0.000000,0.000000
1480430718000,71.860001,65.050003,100,81.860001,500,0.000000,0.000000
1480430721000,71.860001,65.050003,100,81.860001,500,0.000000,0.000000
1480430723000,71.860001,65.050003,100,81.860001,500,0.000000,0.000000
1480430725000,71.860001,65.050003,100,81.860001,500,0.000000,0.000000
1480430727000,71.860001,70.010002,500,71.989998,100,0.000000,0.000000
1480430729000,71.860001,70.010002,500,71.989998,100,0.000000,0.000000
1480430731000,71.860001,70.010002,500,71.989998,100,0.000000,0.000000
1480430733000,71.860001,70.010002,500,71.989998,100,0.000000,0.000000
1480430735000,71.860001,70.010002,500,71.989998,100,0.000000,0.000000
1480430737000,71.860001,70.010002,500,71.989998,100,0.000000,0.000000
1480430739000,71.860001,70.010002,500,71.989998,100,0.000000,0.000000
1480430741000,71.860001,70.010002,500,71.989998,100,0.000000,0.000000
1480430743000,71.860001,70.010002,500,71.989998,100,0.000000,0.000000
1480430745000,71.860001,70.010002,500,71.989998,100,0.000000,0.000000
1480430747000,71.860001,70.010002,500,71.989998,100,0.000000,0.000000
1480430749000,71.860001,70.010002,500,71.989998,100,0.000000,0.000000
1480430751000,71.889999,70.010002,500,71.989998,100,0.000000,0.000000
1480430753000,71.889999,70.010002,500,71.989998,100,0.000000,0.000000
1480430756000,71.889999,70.010002,500,71.989998,100,0.000000,0.000000
1480430758000,71.889999,70.010002,500,71.989998,100,0.000000,0.000000
1480430760000,71.889999,70.010002,500,71.989998,100,0.000000,0.000000
1480430762000,71.889999,70.010002,500,71.989998,100,0.000000,0.000000
1480430764000,71.889999,70.010002,500,71.989998,100,0.000000,0.000000
1480430766000,71.889999,70.010002,500,71.989998,100,0.000000,0.000000
1480430768000,71.889999,70.010002,500,71.989998,100,0.000000,0.000000
1480430770000,71.889999,70.010002,500,71.989998,100,0.000000,0.000000
1480430772000,71.889999,70.010002,500,71.989998,100,0.000000,0.000000
1480430774000,71.889999,70.010002,500,71.989998,100,0.000000,0.000000
1480430776000,71.889999,70.010002,500,71.989998,100,0.000000,0.000000
1480430778000,71.889999,70.010002,500,71.989998,100,0.000000,0.000000
1480430780000,71.889999,70.010002,500,71.989998,100,0.000000,0.000000
1480430782000,71.889999,70.010002,500,71.989998,100,0.000000,0.000000
1480430784000,71.889999,70.010002,500,71.989998,100,0.000000,0.000000
1480430786000,71.889999,71.309998,100,71.989998,200,0.000000,0.000000
1480430788000,71.889999,71.309998,100,71.989998,200,0.000000,0.000000
1480430790000,71.889999,71.309998,100,71.989998,200,0.000000,0.000000
1480430793000,71.889999,71.309998,100,71.989998,200,0.000000,0.000000
1480430795000,71.889999,71.309998,100,71.989998,200,0.000000,0.000000
1480430797000,71.889999,71.309998,100,71.989998,200,0.000000,0.000000
1480430799000,71.889999,71.309998,100,71.989998,200,0.000000,0.000000
1480430801000,71.889999,71.309998,100,71.989998,200,0.000000,0.000000
1480430803000,71.889999,71.309998,100,71.989998,200,0.000000,0.000000
1480430805000,71.889999,71.309998,100,71.989998,200,0.000000,0.000000
1480430807000,71.889999,71.309998,100,71.989998,200,0.000000,0.000000
1480430809000,71.889999,71.309998,100,71.989998,200,0.000000,0.000000
1480430811000,71.889999,71.309998,100,71.989998,200,0.000000,0.000000
1480430813000,71.889999,71.309998,100,71.989998,200,0.000000,0.000000
1480430815000,71.889999,71.309998,100,71.989998,200,0.000000,0.000000
1480430817000,71.889999,71.309998,100,71.989998,200,0.000000,0.000000
1480430819000,71.889999,71.309998,100,71.989998,200,0.000000,0.000000
1480430821000,71.889999,71.309998,100,71.989998,200,0.000000,0.000000
1480430823000,71.889999,71.309998,100,71.989998,200,0.000000,0.000000
1480430825000,71.889999,71.309998,100,71.989998,200,0.000000,0.000000
1480430827000,71.889999,71.309998,100,71.989998,200,0.000000,0.000000
1480430830000,71.889999,71.309998,100,71.989998,200,0.000000,0.000000
1480430832000,71.750000,71.309998,100,71.989998,200,0.000000,0.000000
1480430834000,71.750000,71.309998,100,71.989998,200,0.000000,0.000000
1480430836000,71.750000,71.309998,100,71.989998,200,0.000000,0.000000
1480430838000,71.750000,71.309998,100,71.989998,200,0.000000,0.000000
1480430840000,71.750000,71.309998,100,71.989998,200,0.000000,0.000000
1480430842000,71.750000,71.309998,100,71.989998,200,0.000000,0.000000
1480430844000,71.750000,71.309998,100,71.989998,200,0.000000,0.000000
1480430846000,71.750000,71.410004,100,71.989998,300,0.000000,0.000000
1480430848000,71.750000,71.410004,100,71.989998,300,0.000000,0.000000
1480430850000,71.750000,71.410004,100,71.989998,300,0.000000,0.000000
1480430852000,71.750000,71.410004,100,71.989998,300,0.000000,0.000000
1480430854000,71.750000,71.410004,100,71.989998,300,0.000000,0.000000
1480430856000,71.750000,71.410004,100,71.989998,300,0.000000,0.000000
1480430858000,71.750000,71.410004,100,71.989998,300,0.000000,0.000000
1480430860000,71.750000,71.410004,100,71.989998,300,0.000000,0.000000
1480430862000,71.750000,71.410004,100,71.989998,300,0.000000,0.000000
1480430864000,71.750000,71.410004,100,71.989998,300,0.000000,0.000000
1480430866000,71.750000,71.410004,100,71.989998,300,0.000000,0.000000
1480430868000,71.750000,71.410004,100,71.989998,300,0.000000,0.000000
1480430870000,71.750000,71.410004,100,71.989998,300,0.000000,0.000000
1480430873000,71.750000,71.410004,100,71.989998,300,0.000000,0.000000
1480430875000,71.750000,71.410004,100,71.989998,300,0.000000,0.000000
1480430877000,71.750000,71.410004,100,71.989998,300,0.000000,0.000000
1480430879000,71.750000,71.410004,100,71.989998,300,0.000000,0.000000
1480430881000,71.750000,71.410004,100,71.989998,300,0.000000,0.000000
1480430883000,71.750000,71.410004,100,71.989998,300,0.000000,0.000000
1480430885000,71.750000,71.410004,100,71.989998,300,0.000000,0.000000
1480430887000,71.750000,71.410004,100,71.989998,300,0.000000,0.000000
1480430889000,71.750000,71.410004,100,71.989998,300,0.000000,0.000000
1480430891000,71.750000,71.410004,100,71.989998,300,0.000000,0.000000
1480430893000,71.750000,71.410004,100,71.989998,300,0.000000,0.000000
1480430895000,71.750000,71.410004,100,71.989998,300,0.000000,0.000000
1480430897000,71.750000,71.410004,100,71.989998,300,0.000000,0.000000
1480430899000,71.750000,71.410004,100,71.989998,300,0.000000,0.000000
1480430901000,71.750000,71.410004,100,71.989998,300,0.000000,0.000000
1480430903000,71.750000,71.410004,100,71.989998,300,0.000000,0.000000
1480430905000,71.750000,71.379997,100,71.989998,200,0.000000,0.000000
1480430907000,71.750000,71.379997,100,71.989998,200,0.000000,0.000000
1480430909000,71.750000,71.379997,100,71.989998,200,0.000000,0.000000
1480430912000,71.750000,71.379997,100,71.989998,200,0.000000,0.000000
1480430914000,71.750000,71.379997,100,71.989998,200,0.000000,0.000000
1480430916000,71.750000,71.379997,100,71.989998,200,0.000000,0.000000
1480430918000,71.750000,71.379997,100,71.989998,200,0.000000,0.000000
1480430920000,71.750000,71.379997,100,71.989998,200,0.000000,0.000000
1480430922000,71.750000,71.379997,100,71.989998,200,0.000000,0.000000
1480430924000,71.750000,71.379997,100,71.989998,200,0.000000,0.000000
1480430926000,71.750000,71.379997,100,71.989998,200,0.000000,0.000000
1480430928000,71.750000,71.379997,100,71.989998,200,0.000000,0.000000
1480430930000,71.750000,71.379997,100,71.989998,200,0.000000,0.000000
1480430932000,71.750000,71.379997,100,71.989998,200,0.000000,0.000000
1480430934000,71.750000,71.379997,100,71.989998,200,0.000000,0.000000
1480430936000,71.750000,71.379997,100,71.989998,200,0.000000,0.000000
1480430938000,71.750000,71.379997,100,71.989998,200,0.000000,0.000000
1480430940000,71.750000,71.379997,100,71.989998,200,0.000000,0.000000
1480430943000,71.750000,71.379997,100,71.989998,200,0.000000,0.000000
1480430945000,71.750000,71.379997,100,71.989998,200,0.000000,0.000000
1480430947000,71.750000,71.379997,100,71.989998,200,0.000000,0.000000
1480430949000,71.750000,71.379997,100,71.989998,200,0.000000,0.000000
1480430951000,71.750000,71.379997,100,71.989998,200,0.000000,0.000000
1480430953000,71.750000,71.379997,100,71.989998,200,0.000000,0.000000
1480430955000,71.750000,71.379997,100,71.989998,200,0.000000,0.000000
1480430957000,71.750000,71.379997,100,71.989998,200,0.000000,0.000000
1480430959000,71.750000,71.379997,100,71.989998,200,0.000000,0.000000
1480430961000,71.750000,71.379997,100,71.989998,200,0.000000,0.000000
1480430963000,71.750000,71.379997,100,71.989998,200,0.000000,0.000000
1480430965000,71.750000,71.389999,100,71.989998,100,0.000000,0.000000
1480430967000,71.750000,71.389999,100,71.989998,100,0.000000,0.000000
1480430969000,71.750000,71.389999,100,71.989998,100,0.000000,0.000000
1480430971000,71.750000,71.389999,100,71.989998,100,0.000000,0.000000
1480430973000,71.750000,71.389999,100,71.989998,100,0.000000,0.000000
1480430975000,71.750000,71.389999,100,71.989998,100,0.000000,0.000000
1480430978000,71.750000,71.389999,100,71.989998,100,0.000000,0.000000
1480430980000,71.750000,71.389999,100,71.989998,100,0.000000,0.000000
1480430982000,71.750000,71.389999,100,71.989998,100,0.000000,0.000000
1480430984000,71.750000,71.389999,100,71.989998,100,0.000000,0.000000
1480430986000,71.750000,71.389999,100,71.989998,100,0.000000,0.000000
1480430988000,71.750000,71.389999,100,71.989998,100,0.000000,0.000000
1480430990000,71.750000,71.389999,100,71.989998,100,0.000000,0.000000
1480430992000,71.750000,71.389999,100,71.989998,100,0.000000,0.000000
1480430994000,71.750000,71.389999,100,71.989998,100,0.000000,0.000000
1480430996000,71.750000,71.389999,100,71.989998,100,0.000000,0.000000
1480430998000,71.750000,71.389999,100,71.989998,100,0.000000,0.000000
1480431000000,71.750000,71.389999,100,71.989998,100,0.000000,0.000000
1480431002000,71.750000,71.389999,100,71.989998,100,0.000000,0.000000
1480431004000,71.750000,71.389999,100,71.989998,100,0.000000,0.000000
1480431006000,71.750000,71.389999,100,71.989998,100,0.000000,0.000000
1480431008000,71.750000,71.389999,100,71.989998,100,0.000000,0.000000
1480431010000,71.750000,71.389999,100,71.989998,100,0.000000,0.000000
1480431012000,71.750000,71.389999,100,71.989998,100,0.000000,0.000000
1480431015000,71.750000,71.389999,100,71.989998,100,0.000000,0.000000
1480431017000,71.750000,71.389999,100,71.989998,100,0.000000,0.000000
1480431019000,71.750000,71.389999,100,71.989998,100,0.000000,0.000000
1480431021000,71.750000,71.389999,100,71.989998,100,0.000000,0.000000
1480431023000,71.750000,71.389999,100,71.989998,100,0.000000,0.000000
1480431025000,71.750000,71.430000,100,71.989998,200,0.000000,0.000000
1480431027000,71.750000,71.430000,100,71.989998,200,0.000000,0.000000
1480431029000,71.750000,71.430000,100,71.989998,200,0.000000,0.000000
1480431031000,71.750000,71.430000,100,71.989998,200,0.000000,0.000000
1480431033000,71.750000,71.430000,100,71.989998,200,0.000000,0.000000
1480431035000,71.750000,71.430000,100,71.989998,200,0.000000,0.000000
1480431037000,71.690002,71.430000,100,71.989998,200,0.000000,0.000000
1480431039000,71.690002,71.430000,100,71.989998,200,0.000000,0.000000
1480431041000,71.690002,71.430000,100,71.989998,200,0.000000,0.000000
1480431043000,71.690002,71.430000,100,71.989998,200,0.000000,0.000000
1480431045000,71.690002,71.430000,100,71.989998,200,0.000000,0.000000
1480431047000,71.690002,71.430000,100,71.989998,200,0.000000,0.000000
1480431049000,71.690002,71.430000,100,71.989998,200,0.000000,0.000000
1480431051000,71.690002,71.430000,100,71.989998,200,0.000000,0.000000
1480431054000,71.690002,71.430000,100,71.989998,200,0.000000,0.000000
1480431056000,71.690002,71.430000,100,71.989998,200,0.000000,0.000000
1480431058000,71.690002,71.430000,100,71.989998,200,0.000000,0.000000
1480431060000,71.690002,71.430000,100,71.989998,200,0.000000,0.000000
1480431062000,71.690002,71.430000,100,71.989998,200,0.000000,0.000000
1480431064000,71.690002,71.430000,100,71.989998,200,0.000000,0.000000
1480431066000,71.690002,71.430000,100,71.989998,200,0.000000,0.000000
1480431068000,71.690002,71.430000,100,71.989998,200,0.000000,0.000000
1480431070000,71.690002,71.430000,100,71.989998,200,0.000000,0.000000
1480431072000,71.690002,71.430000,100,71.989998,200,0.000000,0.000000
1480431074000,71.690002,71.430000,100,71.989998,200,0.000000,0.000000
1480431076000,71.690002,71.430000,100,71.989998,200,0.000000,0.000000
1480431078000,71.690002,71.430000,100,71.989998,200,0.000000,0.000000
1480431080000,71.690002,71.430000,100,71.989998,200,0.000000,0.000000
1480431082000,71.690002,71.430000,100,71.989998,200,0.000000,0.000000
1480431084000,71.690002,71.790001,100,72.339996,100,0.000000,0.000000
1480431087000,71.690002,71.809998,100,72.339996,100,0.000000,0.000000
1480431089000,71.690002,71.809998,100,72.339996,100,0.000000,0.000000
1480431091000,71.690002,71.809998,100,72.339996,100,0.000000,0.000000
1480431093000,71.690002,71.809998,100,72.339996,100,0.000000,0.000000
1480431095000,71.690002,71.809998,100,72.339996,100,0.000000,0.000000
1480431097000,71.690002,71.809998,100,72.339996,100,0.000000,0.000000
1480431099000,71.690002,71.809998,100,72.339996,100,0.000000,0.000000
1480431101000,71.690002,71.809998,100,72.339996,100,0.000000,0.000000
1480431103000,71.690002,71.809998,100,72.339996,100,0.000000,0.000000
1480431105000,71.690002,71.809998,100,72.339996,100,0.000000,0.000000
1480431107000,71.690002,71.809998,100,72.339996,100,0.000000,0.000000
1480431109000,71.690002,71.809998,100,72.339996,100,0.000000,0.000000
1480431111000,71.690002,71.809998,100,72.339996,100,0.000000,0.000000
1480431113000,71.690002,71.809998,100,72.339996,100,0.000000,0.000000
1480431115000,71.690002,71.809998,100,72.339996,100,0.000000,0.000000
1480431117000,71.690002,71.809998,100,72.339996,100,0.000000,0.000000
1480431119000,71.690002,71.809998,100,72.339996,100,0.000000,0.000000
1480431121000,71.690002,71.809998,100,72.339996,100,0.000000,0.000000
1480431123000,71.690002,71.809998,100,72.339996,100,0.000000,0.000000
1480431126000,71.690002,71.809998,100,72.339996,100,0.000000,0.000000
1480431128000,71.690002,71.809998,100,72.339996,100,0.000000,0.000000
1480431130000,71.690002,71.809998,100,72.339996,100,0.000000,0.000000
1480431132000,71.690002,71.809998,100,72.339996,100,0.000000,0.000000
1480431134000,71.690002,71.809998,100,72.339996,100,0.000000,0.000000
1480431136000,71.690002,71.809998,100,72.339996,100,0.000000,0.000000
1480431138000,71.690002,71.809998,100,72.339996,100,0.000000,0.000000
1480431140000,71.690002,71.809998,100,72.339996,100,0.000000,0.000000
1480431142000,71.690002,71.809998,100,72.339996,100,0.000000,0.000000
1480431144000,71.690002,71.809998,100,72.339996,100,0.000000,0.000000
1480431146000,71.690002,71.860001,500,72.339996,100,0.000000,0.000000
1480431148000,71.690002,71.860001,500,72.339996,100,0.000000,0.000000
1480431150000,71.690002,71.860001,500,72.339996,100,0.000000,0.000000
1480431152000,71.690002,71.860001,500,72.339996,100,0.000000,0.000000
1480431154000,71.690002,71.860001,500,72.339996,100,0.000000,0.000000
1480431156000,71.690002,71.860001,500,72.339996,100,0.000000,0.000000
1480431158000,71.690002,71.860001,500,72.339996,100,0.000000,0.000000
1480431161000,71.690002,71.860001,500,72.339996,100,0.000000,0.000000
1480431163000,71.690002,71.860001,500,72.339996,100,0.000000,0.000000
1480431165000,71.690002,71.860001,500,72.339996,100,0.000000,0.000000
1480431167000,71.690002,71.860001,500,72.339996,100,0.000000,0.000000
1480431169000,71.690002,71.860001,500,72.339996,100,0.000000,0.000000
1480431171000,71.690002,71.860001,500,72.339996,100,0.000000,0.000000
1480431173000,71.690002,71.860001,500,72.339996,100,0.000000,0.000000
1480431175000,71.690002,71.860001,500,72.339996,100,0.000000,0.000000
1480431177000,71.690002,71.860001,500,72.339996,100,0.000000,0.000000
1480431179000,71.690002,71.860001,500,72.339996,100,0.000000,0.000000
1480431181000,71.690002,71.860001,500,72.339996,100,0.000000,0.000000
1480431183000,71.690002,71.860001,500,72.339996,100,0.000000,0.000000
1480431185000,71.690002,71.860001,500,72.339996,100,0.000000,0.000000
1480431187000,71.690002,71.860001,500,72.339996,100,0.000000,0.000000
1480431189000,71.690002,71.860001,500,72.339996,100,0.000000,0.000000
1480431191000,71.690002,71.860001,500,72.339996,100,0.000000,0.000000
1480431193000,71.690002,71.860001,500,72.339996,100,0.000000,0.000000
1480431195000,71.690002,71.860001,500,72.339996,100,0.000000,0.000000
1480431197000,71.690002,71.860001,500,72.339996,100,0.000000,0.000000
1480431200000,71.690002,71.860001,500,72.339996,100,0.000000,0.000000
1480431202000,71.690002,71.860001,500,72.339996,100,0.000000,0.000000
1480431204000,71.690002,71.860001,500,72.339996,100,0.000000,0.000000
1480431206000,71.690002,72.250000,100,72.489998,100,0.000000,0.000000
1480431208000,71.690002,72.250000,100,72.489998,100,0.000000,0.000000
1480431210000,71.690002,72.250000,100,72.489998,100,0.000000,0.000000
1480431212000,71.690002,72.250000,100,72.489998,100,0.000000,0.000000
1480431214000,71.690002,72.250000,100,72.489998,100,0.000000,0.000000
1480431216000,71.690002,72.250000,100,72.489998,100,0.000000,0.000000
1480431218000,71.690002,72.250000,100,72.489998,100,0.000000,0.000000
1480431220000,71.690002,72.250000,100,72.489998,100,0.000000,0.000000
1480431222000,71.690002,72.250000,100,72.489998,100,0.000000,0.000000
1480431224000,71.690002,72.250000,100,72.489998,100,0.000000,0.000000
1480431226000,71.690002,72.250000,100,72.489998,100,0.000000,0.000000
1480431228000,71.690002,72.250000,100,72.489998,100,0.000000,0.000000
1480431230000,71.690002,72.250000,100,72.489998,100,0.000000,0.000000
1480431232000,71.690002,72.250000,100,72.489998,100,0.000000,0.000000
1480431234000,71.690002,72.250000,100,72.489998,100,0.000000,0.000000
1480431236000,71.690002,72.250000,100,72.489998,100,0.000000,0.000000
1480431238000,71.779999,72.250000,100,72.489998,100,0.000000,0.000000
1480431241000,71.779999,72.250000,100,72.489998,100,0.000000,0.000000
1480431243000,71.779999,72.250000,100,72.489998,100,0.000000,0.000000
1480431245000,71.779999,72.250000,100,72.489998,100,0.000000,0.000000
1480431247000,71.779999,72.250000,100,72.489998,100,0.000000,0.000000
1480431249000,71.779999,72.250000,100,72.489998,100,0.000000,0.000000
1480431251000,71.779999,72.250000,100,72.489998,100,0.000000,0.000000
1480431253000,71.779999,72.250000,100,72.489998,100,0.000000,0.000000
1480431255000,71.779999,72.250000,100,72.489998,100,0.000000,0.000000
1480431257000,71.779999,72.250000,100,72.489998,100,0.000000,0.000000
1480431259000,71.779999,72.250000,100,72.489998,100,0.000000,0.000000
1480431261000,71.779999,72.250000,100,72.489998,100,0.000000,0.000000
1480431263000,71.779999,72.250000,100,72.489998,100,0.000000,0.000000
1480431265000,71.779999,72.290001,100,72.480003,100,0.000000,0.000000
1480431267000,71.779999,72.290001,100,72.480003,100,0.000000,0.000000
1480431269000,71.779999,72.290001,100,72.480003,100,0.000000,0.000000
1480431271000,71.779999,72.290001,100,72.480003,100,0.000000,0.000000
1480431273000,71.779999,72.290001,100,72.480003,100,0.000000,0.000000
1480431275000,71.779999,72.290001,100,72.480003,100,0.000000,0.000000
1480431277000,71.779999,72.290001,100,72.480003,100,0.000000,0.000000
1480431280000,71.779999,72.290001,100,72.480003,100,0.000000,0.000000
1480431282000,71.779999,72.290001,100,72.480003,100,0.000000,0.000000
1480431284000,71.779999,72.290001,100,72.480003,100,0.000000,0.000000
1480431286000,71.779999,72.290001,100,72.480003,100,0.000000,0.000000
1480431288000,71.779999,72.290001,100,72.480003,100,0.000000,0.000000
1480431290000,71.779999,72.290001,100,72.480003,100,0.000000,0.000000
1480431292000,71.779999,72.290001,100,72.480003,100,0.000000,0.000000
1480431294000,71.779999,72.290001,100,72.480003,100,0.000000,0.000000
1480431296000,71.779999,72.290001,100,72.480003,100,0.000000,0.000000
1480431298000,71.779999,72.290001,100,72.480003,100,0.000000,0.000000
1480431300000,71.779999,72.290001,100,72.480003,100,0.000000,0.000000
1480431302000,71.779999,72.290001,100,72.480003,100,0.000000,0.000000
1480431304000,71.779999,72.290001,100,72.480003,100,0.000000,0.000000
1480431306000,71.779999,72.290001,100,72.480003,100,0.000000,0.000000
1480431308000,71.779999,72.290001,100,72.480003,100,0.000000,0.000000
1480431310000,71.779999,72.290001,100,72.480003,100,0.000000,0.000000
1480431312000,71.779999,72.290001,100,72.480003,100,0.000000,0.000000
1480431314000,71.779999,72.290001,100,72.480003,100,0.000000,0.000000
1480431316000,71.779999,72.290001,100,72.480003,100,0.000000,0.000000
1480431318000,71.779999,72.290001,100,72.480003,100,0.000000,0.000000
1480431321000,71.779999,72.290001,100,72.480003,100,0.000000,0.000000
1480431323000,71.779999,72.290001,100,72.480003,100,0.000000,0.000000
1480431325000,71.779999,72.290001,100,72.480003,100,0.000000,0.000000
1480431327000,71.779999,72.180000,100,72.389999,100,0.000000,0.000000
1480431329000,71.779999,72.180000,100,72.389999,100,0.000000,0.000000
1480431331000,71.779999,72.180000,100,72.389999,100,0.000000,0.000000
1480431333000,71.779999,72.180000,100,72.389999,100,0.000000,0.000000
1480431335000,71.779999,72.180000,100,72.389999,100,0.000000,0.000000
1480431337000,71.779999,72.180000,100,72.389999,100,0.000000,0.000000
1480431339000,71.779999,72.180000,100,72.389999,100,0.000000,0.000000
1480431341000,71.779999,72.180000,100,72.389999,100,0.000000,0.000000
1480431343000,71.779999,72.180000,100,72.389999,100,0.000000,0.000000
1480431345000,71.779999,72.180000,100,72.389999,100,0.000000,0.000000
1480431347000,71.779999,72.180000,100,72.389999,100,0.000000,0.000000
1480431349000,71.779999,72.180000,100,72.389999,100,0.000000,0.000000
1480431351000,71.779999,72.180000,100,72.389999,100,0.000000,0.000000
1480431353000,71.779999,72.180000,100,72.389999,100,0.000000,0.000000
1480431355000,71.779999,72.180000,100,72.389999,100,0.000000,0.000000
1480431357000,71.779999,72.180000,100,72.389999,100,0.000000,0.000000
1480431359000,71.779999,72.180000,100,72.389999,100,0.000000,0.000000
1480431361000,71.779999,72.180000,100,72.389999,100,0.000000,0.000000
1480431364000,71.779999,72.180000,100,72.389999,100,0.000000,0.000000
1480431366000,71.779999,72.180000,100,72.389999,100,0.000000,0.000000
1480431368000,71.779999,72.180000,100,72.389999,100,0.000000,0.000000
1480431370000,71.779999,72.180000,100,72.389999,100,0.000000,0.000000
1480431372000,71.779999,72.180000,100,72.389999,100,0.000000,0.000000
1480431374000,71.779999,72.180000,100,72.389999,100,0.000000,0.000000
1480431376000,71.779999,72.180000,100,72.389999,100,0.000000,0.000000
1480431378000,71.779999,72.180000,100,72.389999,100,0.000000,0.000000
1480431380000,71.779999,72.180000,100,72.389999,100,0.000000,0.000000
1480431382000,71.779999,72.180000,100,72.389999,100,0.000000,0.000000
1480431384000,71.779999,72.180000,100,72.389999,100,0.000000,0.000000
1480431386000,71.779999,71.699997,100,72.209999,200,0.000000,0.000000
1480431388000,71.779999,71.699997,100,72.209999,200,0.000000,0.000000
1480431390000,71.779999,71.699997,100,72.209999,200,0.000000,0.000000
1480431392000,71.779999,71.699997,100,72.209999,200,0.000000,0.000000
1480431394000,71.779999,71.699997,100,72.209999,200,0.000000,0.000000
1480431396000,71.779999,71.699997,100,72.209999,200,0.000000,0.000000
1480431398000,71.779999,71.699997,100,72.209999,200,0.000000,0.000000
1480431401000,71.779999,71.699997,100,72.209999,200,0.000000,0.000000
1480431403000,71.779999,71.699997,100,72.209999,200,0.000000,0.000000
1480431405000,71.779999,71.699997,100,72.209999,200,0.000000,0.000000
1480431407000,71.779999,71.699997,100,72.209999,200,0.000000,0.000000
1480431409000,71.779999,71.699997,100,72.209999,200,0.000000,0.000000
1480431411000,71.779999,71.699997,100,72.209999,200,0.000000,0.000000
1480431413000,71.779999,71.699997,100,72.209999,200,0.000000,0.000000
1480431415000,71.779999,71.699997,100,72.209999,200,0.000000,0.000000
1480431417000,71.779999,71.699997,100,72.209999,200,0.000000,0.000000
1480431419000,71.779999,71.699997,100,72.209999,200,0.000000,0.000000
1480431421000,71.779999,71.699997,100,72.209999,200,0.000000,0.000000
1480431423000,71.779999,71.699997,100,72.209999,200,0.000000,0.000000
1480431425000,71.779999,71.699997,100,72.209999,200,0.000000,0.000000
1480431427000,71.779999,71.699997,100,72.209999,200,0.000000,0.000000
1480431429000,71.779999,71.699997,100,72.209999,200,0.000000,0.000000
1480431431000,71.779999,71.699997,100,72.209999,200,0.000000,0.000000
1480431433000,71.779999,71.699997,100,72.209999,200,0.000000,0.000000
1480431435000,71.779999,71.699997,100,72.209999,200,0.000000,0.000000
1480431437000,71.779999,71.699997,100,72.209999,200,0.000000,0.000000
1480431440000,71.779999,71.699997,100,72.209999,200,0.000000,0.000000
1480431442000,71.779999,71.699997,100,72.209999,200,0.000000,0.000000
1480431444000,71.779999,71.699997,100,72.209999,200,0.000000,0.000000
1480431446000,71.779999,71.879997,400,72.190002,200,0.000000,0.000000
1480431448000,71.779999,71.879997,400,72.190002,200,0.000000,0.000000
1480431450000,71.779999,71.879997,400,72.190002,200,0.000000,0.000000
1480431452000,71.779999,71.879997,400,72.190002,200,0.000000,0.000000
1480431454000,71.779999,71.879997,400,72.190002,200,0.000000,0.000000
1480431456000,71.779999,71.879997,400,72.190002,200,0.000000,0.000000
1480431458000,71.779999,71.879997,400,72.190002,200,0.000000,0.000000
1480431460000,71.779999,71.879997,400,72.190002,200,0.000000,0.000000
1480431462000,71.779999,71.879997,400,72.190002,200,0.000000,0.000000
1480431464000,71.779999,71.879997,400,72.190002,200,0.000000,0.000000
1480431466000,71.779999,71.879997,400,72.190002,200,0.000000,0.000000
1480431468000,71.779999,71.879997,400,72.190002,200,0.000000,0.000000
1480431471000,71.779999,71.879997,400,72.190002,200,0.000000,0.000000
1480431473000,71.779999,71.879997,400,72.190002,200,0.000000,0.000000
1480431475000,71.779999,71.879997,400,72.190002,200,0.000000,0.000000
1480431477000,71.779999,71.879997,400,72.190002,200,0.000000,0.000000
1480431479000,71.779999,71.879997,400,72.190002,200,0.000000,0.000000
1480431481000,71.779999,71.879997,400,72.190002,200,0.000000,0.000000
1480431483000,71.779999,71.879997,400,72.190002,200,0.000000,0.000000
1480431485000,71.779999,71.879997,400,72.190002,200,0.000000,0.000000
1480431487000,71.779999,71.879997,400,72.190002,200,0.000000,0.000000
1480431489000,71.779999,71.879997,400,72.190002,200,0.000000,0.000000
1480431491000,71.779999,71.879997,400,72.190002,200,0.000000,0.000000
1480431493000,71.779999,71.879997,400,72.190002,200,0.000000,0.000000
1480431495000,71.779999,71.879997,400,72.190002,200,0.000000,0.000000
1480431497000,71.779999,71.879997,400,72.190002,200,0.000000,0.000000
1480431499000,71.779999,71.879997,400,72.190002,200,0.000000,0.000000
1480431501000,71.779999,71.879997,400,72.190002,200,0.000000,0.000000
1480431503000,71.779999,71.879997,400,72.190002,200,0.000000,0.000000
1480431506000,71.779999,71.809998,400,72.080002,200,0.000000,0.000000
1480431508000,71.779999,71.809998,400,72.080002,200,0.000000,0.000000
1480431510000,71.779999,71.809998,400,72.080002,200,0.000000,0.000000
1480431512000,71.779999,71.809998,400,72.080002,200,0.000000,0.000000
1480431514000,71.779999,71.809998,400,72.080002,200,0.000000,0.000000
1480431516000,71.779999,71.809998,400,72.080002,200,0.000000,0.000000
1480431518000,71.779999,71.809998,400,72.080002,200,0.000000,0.000000
1480431520000,71.779999,71.809998,400,72.080002,200,0.000000,0.000000
1480431522000,71.779999,71.809998,400,72.080002,200,0.000000,0.000000
1480431524000,71.779999,71.809998,400,72.080002,200,0.000000,0.000000
1480431526000,71.779999,71.809998,400,72.080002,200,0.000000,0.000000
1480431528000,71.779999,71.809998,400,72.080002,200,0.000000,0.000000
1480431530000,71.779999,71.809998,400,72.080002,200,0.000000,0.000000
1480431532000,71.779999,71.809998,400,72.080002,200,0.000000,0.000000
1480431534000,71.779999,71.809998,400,72.080002,200,0.000000,0.000000
1480431536000,71.779999,71.809998,400,72.080002,200,0.000000,0.000000
1480431538000,71.779999,71.809998,400,72.080002,200,0.000000,0.000000
1480431541000,71.779999,71.809998,400,72.080002,200,0.000000,0.000000
1480431543000,71.779999,71.809998,400,72.080002,200,0.000000,0.000000
1480431545000,71.779999,71.809998,400,72.080002,200,0.000000,0.000000
1480431547000,71.779999,71.809998,400,72.080002,200,0.000000,0.000000
1480431549000,71.779999,71.809998,400,72.080002,200,0.000000,0.000000
1480431551000,71.779999,71.809998,400,72.080002,200,0.000000,0.000000
1480431553000,71.779999,71.809998,400,72.080002,200,0.000000,0.000000
1480431555000,71.779999,71.809998,400,72.080002,200,0.000000,0.000000
1480431557000,71.779999,71.809998,400,72.080002,200,0.000000,0.000000
1480431559000,71.779999,71.809998,400,72.080002,200,0.000000,0.000000
1480431561000,71.779999,71.809998,400,72.080002,200,0.000000,0.000000
1480431563000,71.779999,71.809998,400,72.080002,200,0.000000,0.000000
1480431565000,71.779999,71.809998,400,72.070000,100,0.000000,0.000000
1480431567000,71.779999,71.809998,400,72.070000,100,0.000000,0.000000
1480431569000,71.779999,71.809998,400,72.070000,100,0.000000,0.000000
1480431571000,71.779999,71.809998,400,72.070000,100,0.000000,0.000000
1480431573000,71.779999,71.809998,400,72.070000,100,0.000000,0.000000
1480431576000,71.779999,71.809998,400,72.070000,100,0.000000,0.000000
1480431578000,71.779999,71.809998,400,72.070000,100,0.000000,0.000000
1480431580000,71.779999,71.809998,400,72.070000,100,0.000000,0.000000
1480431582000,71.779999,71.809998,400,72.070000,100,0.000000,0.000000
1480431584000,71.779999,71.809998,400,72.070000,100,0.000000,0.000000
1480431586000,71.779999,71.809998,400,72.070000,100,0.000000,0.000000
1480431588000,71.779999,71.809998,400,72.070000,100,0.000000,0.000000
1480431590000,71.779999,71.809998,400,72.070000,100,0.000000,0.000000
1480431592000,71.779999,71.809998,400,72.070000,100,0.000000,0.000000
1480431594000,71.779999,71.809998,400,72.070000,100,0.000000,0.000000
1480431596000,71.779999,71.809998,400,72.070000,100,0.000000,0.000000
1480431598000,71.779999,71.809998,400,72.070000,100,0.000000,0.000000
1480431600000,71.989998,71.809998,400,72.070000,100,0.000000,0.000000
1480431602000,71.989998,71.809998,400,72.070000,100,0.000000,0.000000
1480431604000,71.989998,71.809998,400,72.070000,100,0.000000,0.000000
1480431606000,71.989998,71.809998,400,72.070000,100,0.000000,0.000000
1480431608000,71.989998,71.809998,400,72.070000,100,0.000000,0.000000
1480431611000,71.989998,71.809998,400,72.070000,100,0.000000,0.000000
1480431613000,71.989998,71.809998,400,72.070000,100,0.000000,0.000000
1480431615000,71.989998,71.809998,400,72.070000,100,0.000000,0.000000
1480431617000,71.989998,71.809998,400,72.070000,100,0.000000,0.000000
1480431619000,71.989998,71.809998,400,72.070000,100,0.000000,0.000000
1480431621000,71.989998,71.809998,400,72.070000,100,0.000000,0.000000
1480431623000,71.989998,71.809998,400,72.070000,100,0.000000,0.000000
1480431625000,71.989998,71.809998,400,72.070000,100,0.000000,0.000000
1480431627000,71.989998,71.870003,200,72.040001,100,0.000000,0.000000
1480431629000,71.989998,71.870003,200,72.040001,100,0.000000,0.000000
1480431631000,71.989998,71.870003,200,72.040001,100,0.000000,0.000000
1480431633000,71.989998,71.870003,200,72.040001,100,0.000000,0.000000
1480431635000,71.989998,71.870003,200,72.040001,100,0.000000,0.000000
1480431637000,71.989998,71.870003,200,72.040001,100,0.000000,0.000000
1480431639000,71.989998,71.870003,200,72.040001,100,0.000000,0.000000
1480431641000,71.989998,71.870003,200,72.040001,100,0.000000,0.000000
1480431643000,71.989998,71.870003,200,72.040001,100,0.000000,0.000000
1480431645000,71.989998,71.870003,200,72.040001,100,0.000000,0.000000
1480431648000,71.989998,71.870003,200,72.040001,100,0.000000,0.000000
1480431650000,71.989998,71.870003,200,72.040001,100,0.000000,0.000000
1480431652000,71.989998,71.870003,200,72.040001,100,0.000000,0.000000
1480431654000,71.989998,71.870003,200,72.040001,100,0.000000,0.000000
1480431656000,71.989998,71.870003,200,72.040001,100,0.000000,0.000000
1480431658000,71.989998,71.870003,200,72.040001,100,0.000000,0.000000
1480431660000,71.989998,71.870003,200,72.040001,100,0.000000,0.000000
1480431662000,71.989998,71.870003,200,72.040001,100,0.000000,0.000000
1480431664000,71.989998,71.870003,200,72.040001,100,0.000000,0.000000
1480431666000,71.989998,71.870003,200,72.040001,100,0.000000,0.000000
1480431668000,71.989998,71.870003,200,72.040001,100,0.000000,0.000000
1480431670000,71.989998,71.870003,200,72.040001,100,0.000000,0.000000
1480431672000,71.989998,71.870003,200,72.040001,100,0.000000,0.000000
1480431674000,71.989998,71.870003,200,72.040001,100,0.000000,0.000000
1480431676000,71.989998,71.870003,200,72.040001,100,0.000000,0.000000
1480431678000,71.989998,71.870003,200,72.040001,100,0.000000,0.000000
1480431680000,71.989998,71.870003,200,72.040001,100,0.000000,0.000000
1480431682000,71.989998,71.870003,200,72.040001,100,0.000000,0.000000
1480431684000,71.989998,71.870003,200,72.040001,100,0.000000,0.000000
1480431686000,71.989998,71.510002,100,71.870003,300,0.000000,0.000000
1480431689000,71.989998,71.510002,100,71.870003,300,0.000000,0.000000
1480431691000,71.989998,71.510002,100,71.870003,300,0.000000,0.000000
1480431693000,71.989998,71.510002,100,71.870003,300,0.000000,0.000000
1480431695000,71.989998,71.510002,100,71.870003,300,0.000000,0.000000
1480431697000,71.989998,71.510002,100,71.870003,300,0.000000,0.000000
1480431699000,71.989998,71.510002,100,71.870003,300,0.000000,0.000000
1480431701000,71.989998,71.510002,100,71.870003,300,0.000000,0.000000
1480431703000,71.989998,71.510002,100,71.870003,300,0.000000,0.000000
1480431705000,71.989998,71.510002,100,71.870003,300,0.000000,0.000000
1480431707000,71.989998,71.510002,100,71.870003,300,0.000000,0.000000
1480431709000,71.989998,71.510002,100,71.870003,300,0.000000,0.000000
1480431711000,71.989998,71.510002,100,71.870003,300,0.000000,0.000000
1480431713000,71.989998,71.510002,100,71.870003,300,0.000000,0.000000
1480431715000,71.989998,71.510002,100,71.870003,300,0.000000,0.000000
1480431717000,71.989998,71.510002,100,71.870003,300,0.000000,0.000000
1480431719000,71.989998,71.510002,100,71.870003,300,0.000000,0.000000
1480431721000,71.989998,71.510002,100,71.870003,300,0.000000,0.000000
1480431723000,71.989998,71.510002,100,71.870003,300,0.000000,0.000000
1480431725000,71.989998,71.510002,100,71.870003,300,0.000000,0.000000
1480431727000,71.989998,71.510002,100,71.870003,300,0.000000,0.000000
1480431730000,71.989998,71.510002,100,71.870003,300,0.000000,0.000000
1480431732000,71.989998,71.510002,100,71.870003,300,0.000000,0.000000
1480431734000,71.989998,71.510002,100,71.870003,300,0.000000,0.000000
1480431736000,71.989998,71.510002,100,71.870003,300,0.000000,0.000000
1480431738000,71.989998,71.510002,100,71.870003,300,0.000000,0.000000
1480431740000,71.989998,71.510002,100,71.870003,300,0.000000,0.000000
1480431742000,71.989998,71.510002,100,71.870003,300,0.000000,0.000000
1480431744000,71.989998,71.510002,100,71.870003,300,0.000000,0.000000
1480431746000,71.989998,71.540001,200,72.029999,100,0.000000,0.000000
1480431748000,71.989998,71.540001,200,72.029999,100,0.000000,0.000000
1480431750000,71.989998,71.540001,200,72.029999,100,0.000000,0.000000
1480431752000,71.989998,71.540001,200,72.029999,100,0.000000,0.000000
1480431754000,71.989998,71.540001,200,72.029999,100,0.000000,0.000000
1480431756000,71.989998,71.540001,200,72.029999,100,0.000000,0.000000
1480431758000,71.989998,71.540001,200,72.029999,100,0.000000,0.000000
1480431760000,71.989998,71.540001,200,72.029999,100,0.000000,0.000000
1480431762000,71.989998,71.540001,200,72.029999,100,0.000000,0.000000
1480431764000,71.989998,71.540001,200,72.029999,100,0.000000,0.000000
1480431766000,71.989998,71.540001,200,72.029999,100,0.000000,0.000000
1480431769000,71.989998,71.540001,200,72.029999,100,0.000000,0.000000
1480431771000,71.989998,71.540001,200,72.029999,100,0.000000,0.000000
1480431773000,71.989998,71.540001,200,72.029999,100,0.000000,0.000000
1480431775000,71.989998,71.540001,200,72.029999,100,0.000000,0.000000
1480431777000,71.989998,71.540001,200,72.029999,100,0.000000,0.000000
1480431779000,71.989998,71.540001,200,72.029999,100,0.000000,0.000000
1480431781000,71.989998,71.540001,200,72.029999,100,0.000000,0.000000
1480431783000,71.989998,71.540001,200,72.029999,100,0.000000,0.000000
1480431785000,71.989998,71.540001,200,72.029999,100,0.000000,0.000000
1480431787000,71.989998,71.540001,200,72.029999,100,0.000000,0.000000
1480431789000,71.989998,71.540001,200,72.029999,100,0.000000,0.000000
1480431791000,71.989998,71.540001,200,72.029999,100,0.000000,0.000000
1480431793000,71.989998,71.540001,200,72.029999,100,0.000000,0.000000
1480431795000,71.989998,71.540001,200,72.029999,100,0.000000,0.000000
1480431797000,71.989998,71.540001,200,72.029999,100,0.000000,0.000000
1480431799000,71.989998,71.540001,200,72.029999,100,0.000000,0.000000
1480431801000,71.989998,71.540001,200,72.029999,100,0.000000,0.000000
1480431803000,71.989998,71.540001,200,72.029999,100,0.000000,0.000000
1480431806000,71.989998,71.580002,100,72.019997,200,0.000000,0.000000
1480431808000,71.989998,71.580002,100,72.019997,200,0.000000,0.000000
1480431810000,71.989998,71.580002,100,72.019997,200,0.000000,0.000000
1480431812000,71.989998,71.580002,100,72.019997,200,0.000000,0.000000
1480431814000,71.989998,71.580002,100,72.019997,200,0.000000,0.000000
1480431816000,71.989998,71.580002,100,72.019997,200,0.000000,0.000000
1480431818000,71.989998,71.580002,100,72.019997,200,0.000000,0.000000
1480431820000,71.989998,71.580002,100,72.019997,200,0.000000,0.000000
1480431822000,71.989998,71.580002,100,72.019997,200,0.000000,0.000000
1480431824000,71.989998,71.580002,100,72.019997,200,0.000000,0.000000
1480431826000,71.989998,71.580002,100,72.019997,200,0.000000,0.000000
1480431828000,71.989998,71.580002,100,72.019997,200,0.000000,0.000000
1480431830000,71.989998,71.580002,100,72.019997,200,0.000000,0.000000
1480431832000,71.989998,71.580002,100,72.019997,200,0.000000,0.000000
1480431834000,71.989998,71.580002,100,72.019997,200,0.000000,0.000000
1480431836000,71.989998,71.580002,100,72.019997,200,0.000000,0.000000
1480431839000,71.989998,71.580002,100,72.019997,200,0.000000,0.000000
1480431841000,71.989998,71.580002,100,72.019997,200,0.000000,0.000000
1480431843000,71.989998,71.580002,100,72.019997,200,0.000000,0.000000
1480431845000,71.989998,71.580002,100,72.019997,200,0.000000,0.000000
1480431847000,71.989998,71.580002,100,72.019997,200,0.000000,0.000000
1480431849000,71.989998,71.580002,100,72.019997,200,0.000000,0.000000
1480431851000,71.989998,71.580002,100,72.019997,200,0.000000,0.000000
1480431853000,71.989998,71.580002,100,72.019997,200,0.000000,0.000000
1480431856000,71.989998,71.580002,100,72.019997,200,0.000000,0.000000
1480431858000,71.989998,71.580002,100,72.019997,200,0.000000,0.000000
1480431860000,71.989998,71.580002,100,72.019997,200,0.000000,0.000000
1480431862000,71.989998,71.580002,100,72.019997,200,0.000000,0.000000
1480431864000,71.989998,71.580002,100,72.019997,200,0.000000,0.000000
1480431866000,71.989998,71.589996,100,72.010002,100,0.000000,0.000000
1480431868000,71.989998,71.589996,100,72.010002,100,0.000000,0.000000
1480431870000,71.989998,71.589996,100,72.010002,100,0.000000,0.000000
1480431872000,71.989998,71.589996,100,72.010002,100,0.000000,0.000000
1480431874000,71.989998,71.589996,100,72.010002,100,0.000000,0.000000
1480431876000,71.989998,71.589996,100,72.010002,100,0.000000,0.000000
1480431878000,71.989998,71.589996,100,72.010002,100,0.000000,0.000000
1480431880000,71.989998,71.589996,100,72.010002,100,0.000000,0.000000
1480431882000,71.989998,71.589996,100,72.010002,100,0.000000,0.000000
1480431884000,71.989998,71.589996,100,72.010002,100,0.000000,0.000000
1480431886000,71.989998,71.589996,100,72.010002,100,0.000000,0.000000
1480431888000,71.989998,71.589996,100,72.010002,100,0.000000,0.000000
1480431890000,71.989998,71.589996,100,72.010002,100,0.000000,0.000000
1480431892000,71.989998,71.589996,100,72.010002,100,0.000000,0.000000
1480431894000,71.989998,71.589996,100,72.010002,100,0.000000,0.000000
1480431897000,71.989998,71.589996,100,72.010002,100,0.000000,0.000000
1480431899000,71.989998,71.589996,100,72.010002,100,0.000000,0.000000
1480431901000,71.989998,71.589996,100,72.010002,100,0.000000,0.000000
1480431903000,71.989998,71.589996,100,72.010002,100,0.000000,0.000000
1480431905000,71.989998,71.589996,100,72.010002,100,0.000000,0.000000
1480431907000,71.989998,71.589996,100,72.010002,100,0.000000,0.000000
1480431909000,71.989998,71.589996,100,72.010002,100,0.000000,0.000000
1480431911000,71.989998,71.589996,100,72.010002,100,0.000000,0.000000
1480431913000,71.989998,71.589996,100,72.010002,100,0.000000,0.000000
1480431915000,71.989998,71.589996,100,72.010002,100,0.000000,0.000000
1480431917000,71.989998,71.589996,100,72.010002,100,0.000000,0.000000
1480431919000,71.989998,71.589996,100,72.010002,100,0.000000,0.000000
1480431921000,71.989998,71.589996,100,72.010002,100,0.000000,0.000000
1480431923000,71.989998,71.589996,100,72.010002,100,0.000000,0.000000
1480431925000,71.989998,71.589996,100,71.949997,100,0.000000,0.000000
1480431927000,71.989998,71.589996,100,71.949997,100,0.000000,0.000000
1480431930000,71.989998,71.589996,100,71.949997,100,0.000000,0.000000
1480431932000,71.989998,71.589996,100,71.949997,100,0.000000,0.000000
1480431934000,71.989998,71.589996,100,71.949997,100,0.000000,0.000000
1480431936000,71.989998,71.589996,100,71.949997,100,0.000000,0.000000
1480431938000,71.989998,71.589996,100,71.949997,100,0.000000,0.000000
1480431940000,71.989998,71.589996,100,71.949997,100,0.000000,0.000000
1480431942000,71.989998,71.589996,100,71.949997,100,0.000000,0.000000
1480431944000,71.989998,71.589996,100,71.949997,100,0.000000,0.000000
1480431946000,71.989998,71.589996,100,71.949997,100,0.000000,0.000000
1480431948000,71.989998,71.589996,100,71.949997,100,0.000000,0.000000
1480431950000,71.989998,71.589996,100,71.949997,100,0.000000,0.000000
1480431952000,71.989998,71.589996,100,71.949997,100,0.000000,0.000000
1480431954000,71.989998,71.589996,100,71.949997,100,0.000000,0.000000
1480431956000,71.989998,71.589996,100,71.949997,100,0.000000,0.000000
1480431958000,71.989998,71.589996,100,71.949997,100,0.000000,0.000000
1480431960000,71.989998,71.589996,100,71.949997,100,0.000000,0.000000
1480431962000,71.989998,71.589996,100,71.949997,100,0.000000,0.000000
1480431964000,71.989998,71.589996,100,71.949997,100,0.000000,0.000000
1480431966000,71.989998,71.589996,100,71.949997,100,0.000000,0.000000
1480431969000,71.989998,71.589996,100,71.949997,100,0.000000,0.000000
1480431971000,71.989998,71.589996,100,71.949997,100,0.000000,0.000000
1480431973000,71.989998,71.589996,100,71.949997,100,0.000000,0.000000
1480431975000,71.989998,71.589996,100,71.949997,100,0.000000,0.000000
1480431977000,71.989998,71.589996,100,71.949997,100,0.000000,0.000000
1480431979000,71.989998,71.589996,100,71.949997,100,0.000000,0.000000
1480431981000,71.989998,71.589996,100,71.949997,100,0.000000,0.000000
1480431983000,71.989998,71.589996,100,71.949997,100,0.000000,0.000000
1480431985000,71.989998,71.589996,100,71.949997,100,0.000000,0.000000
1480431987000,71.989998,71.650002,100,71.779999,200,0.000000,0.000000
1480431989000,71.989998,71.650002,100,71.779999,200,0.000000,0.000000
1480431991000,72.029999,71.650002,100,71.779999,200,0.000000,0.000000
1480431993000,72.029999,71.650002,100,71.779999,200,0.000000,0.000000
1480431995000,72.029999,71.650002,100,71.779999,200,0.000000,0.000000
1480431997000,72.029999,71.650002,100,71.779999,200,0.000000,0.000000
1480431999000,72.029999,71.650002,100,71.779999,200,0.000000,0.000000
1480432002000,72.029999,71.650002,100,71.779999,200,0.000000,0.000000
1480432004000,72.029999,71.650002,100,71.779999,200,0.000000,0.000000
1480432006000,72.029999,71.650002,100,71.779999,200,0.000000,0.000000
1480432008000,72.029999,71.650002,100,71.779999,200,0.000000,0.000000
1480432010000,72.029999,71.650002,100,71.779999,200,0.000000,0.000000
1480432012000,72.029999,71.650002,100,71.779999,200,0.000000,0.000000
1480432014000,72.029999,71.650002,100,71.779999,200,0.000000,0.000000
1480432016000,72.029999,71.650002,100,71.779999,200,0.000000,0.000000
1480432018000,72.029999,71.650002,100,71.779999,200,0.000000,0.000000
1480432020000,72.029999,71.650002,100,71.779999,200,0.000000,0.000000
1480432022000,72.029999,71.650002,100,71.779999,200,0.000000,0.000000
1480432024000,72.029999,71.650002,100,71.779999,200,0.000000,0.000000
1480432026000,72.029999,71.650002,100,71.779999,200,0.000000,0.000000
1480432028000,72.029999,71.650002,100,71.779999,200,0.000000,0.000000
1480432030000,72.029999,71.650002,100,71.779999,200,0.000000,0.000000
1480432032000,72.029999,71.650002,100,71.779999,200,0.000000,0.000000
1480432034000,72.029999,71.650002,100,71.779999,200,0.000000,0.000000
1480432036000,72.029999,71.650002,100,71.779999,200,0.000000,0.000000
1480432039000,72.029999,71.650002,100,71.779999,200,0.000000,0.000000
1480432041000,72.029999,71.650002,100,71.779999,200,0.000000,0.000000
1480432043000,72.029999,71.650002,100,71.779999,200,0.000000,0.000000
1480432045000,72.029999,71.650002,100,71.779999,200,0.000000,0.000000
1480432047000,72.029999,71.660004,100,71.779999,100,0.000000,0.000000
1480432049000,72.029999,71.660004,100,71.779999,100,0.000000,0.000000
1480432051000,72.029999,71.660004,100,71.779999,100,0.000000,0.000000
1480432053000,72.029999,71.660004,100,71.779999,100,0.000000,0.000000
1480432055000,72.029999,71.660004,100,71.779999,100,0.000000,0.000000
1480432057000,72.029999,71.660004,100,71.779999,100,0.000000,0.000000
1480432059000,72.029999,71.660004,100,71.779999,100,0.000000,0.000000
1480432061000,72.029999,71.660004,100,71.779999,100,0.000000,0.000000
1480432063000,72.029999,71.660004,100,71.779999,100,0.000000,0.000000
1480432065000,72.029999,71.660004,100,71.779999,100,0.000000,0.000000
1480432067000,72.029999,71.660004,100,71.779999,100,0.000000,0.000000
1480432069000,72.029999,71.660004,100,71.779999,100,0.000000,0.000000
1480432071000,72.029999,71.660004,100,71.779999,100,0.000000,0.000000
1480432074000,72.029999,71.660004,100,71.779999,100,0.000000,0.000000
1480432076000,72.029999,71.660004,100,71.779999,100,0.000000,0.000000
1480432078000,72.029999,71.660004,100,71.779999,100,0.000000,0.000000
1480432080000,72.029999,71.660004,100,71.779999,100,0.000000,0.000000
1480432082000,72.029999,71.660004,100,71.779999,100,0.000000,0.000000
1480432084000,72.029999,71.660004,100,71.779999,100,0.000000,0.000000
1480432086000,72.029999,71.660004,100,71.779999,100,0.000000,0.000000
1480432088000,72.029999,71.660004,100,71.779999,100,0.000000,0.000000
1480432090000,72.029999,71.660004,100,71.779999,100,0.000000,0.000000
1480432092000,72.029999,71.660004,100,71.779999,100,0.000000,0.000000
1480432094000,72.029999,71.660004,100,71.779999,100,0.000000,0.000000
1480432096000,72.029999,71.660004,100,71.779999,100,0.000000,0.000000
1480432098000,72.029999,71.660004,100,71.779999,100,0.000000,0.000000
1480432100000,72.029999,71.660004,100,71.779999,100,0.000000,0.000000
1480432102000,72.029999,71.660004,100,71.779999,100,0.000000,0.000000
1480432104000,72.029999,71.660004,100,71.779999,100,0.000000,0.000000
1480432106000,72.029999,71.660004,100,71.779999,100,0.000000,0.000000
1480432109000,72.029999,71.660004,100,71.779999,100,0.000000,0.000000
1480432111000,72.029999,71.660004,100,71.779999,100,0.000000,0.000000
1480432113000,72.029999,71.660004,100,71.779999,100,0.000000,0.000000
1480432115000,72.029999,71.660004,100,71.779999,100,0.000000,0.000000
1480432117000,72.029999,71.660004,100,71.779999,100,0.000000,0.000000
1480432119000,72.029999,71.660004,100,71.779999,100,0.000000,0.000000
1480432121000,72.029999,71.660004,100,71.779999,100,0.000000,0.000000
1480432123000,72.029999,71.660004,100,71.779999,100,0.000000,0.000000
1480432125000,72.029999,71.660004,100,71.779999,100,0.000000,0.000000
1480432127000,72.029999,71.660004,100,71.779999,100,0.000000,0.000000
1480432129000,72.029999,71.660004,100,71.779999,100,0.000000,0.000000
1480432131000,72.029999,71.660004,100,71.779999,100,0.000000,0.000000
1480432133000,72.029999,71.660004,100,71.779999,100,0.000000,0.000000
1480432135000,72.029999,71.660004,100,71.779999,100,0.000000,0.000000
1480432137000,72.029999,71.660004,100,71.779999,100,0.000000,0.000000
1480432140000,72.029999,71.660004,100,71.779999,100,0.000000,0.000000
1480432142000,72.029999,71.660004,100,71.779999,100,0.000000,0.000000
1480432144000,72.029999,71.660004,100,71.779999,100,0.000000,0.000000
1480432146000,72.029999,71.660004,100,71.779999,100,0.000000,0.000000
1480432148000,72.029999,71.660004,100,71.779999,100,0.000000,0.000000
1480432150000,72.029999,71.660004,100,71.779999,100,0.000000,0.000000
1480432152000,72.029999,71.660004,100,71.779999,100,0.000000,0.000000
1480432154000,72.029999,71.660004,100,71.779999,100,0.000000,0.000000
1480432156000,72.029999,71.660004,100,71.779999,100,0.000000,0.000000
1480432158000,72.029999,71.660004,100,71.779999,100,0.000000,0.000000
1480432160000,72.029999,71.660004,100,71.779999,100,0.000000,0.000000
1480432162000,72.029999,71.660004,100,71.779999,100,0.000000,0.000000
1480432164000,72.029999,71.660004,100,71.779999,100,0.000000,0.000000
1480432166000,72.029999,71.669998,100,71.930000,100,0.000000,0.000000
1480432168000,72.029999,71.669998,100,71.930000,100,0.000000,0.000000
1480432170000,72.029999,71.669998,100,71.930000,100,0.000000,0.000000
1480432172000,72.029999,71.669998,100,71.930000,100,0.000000,0.000000
1480432175000,72.029999,71.669998,100,71.930000,100,0.000000,0.000000
1480432177000,71.964996,71.669998,100,71.930000,100,0.000000,0.000000
1480432179000,71.964996,71.669998,100,71.930000,100,0.000000,0.000000
1480432181000,71.964996,71.669998,100,71.930000,100,0.000000,0.000000
1480432183000,71.964996,71.669998,100,71.930000,100,0.000000,0.000000
1480432185000,71.964996,71.669998,100,71.930000,100,0.000000,0.000000
1480432187000,71.964996,71.669998,100,71.930000,100,0.000000,0.000000
1480432189000,71.964996,71.669998,100,71.930000,100,0.000000,0.000000
1480432191000,71.964996,71.669998,100,71.930000,100,0.000000,0.000000
1480432193000,71.964996,71.669998,100,71.930000,100,0.000000,0.000000
1480432195000,71.964996,71.669998,100,71.930000,100,0.000000,0.000000
1480432197000,71.964996,71.669998,100,71.930000,100,0.000000,0.000000
1480432199000,71.964996,71.669998,100,71.930000,100,0.000000,0.000000
1480432201000,71.964996,71.669998,100,71.930000,100,0.000000,0.000000
1480432203000,71.800003,71.669998,100,71.930000,100,0.000000,0.000000
1480432206000,71.800003,71.669998,100,71.930000,100,0.000000,0.000000
1480432208000,71.800003,71.669998,100,71.930000,100,0.000000,0.000000
1480432210000,71.800003,71.669998,100,71.930000,100,0.000000,0.000000
1480432212000,71.800003,71.669998,100,71.930000,100,0.000000,0.000000
1480432214000,71.800003,71.669998,100,71.930000,100,0.000000,0.000000
1480432216000,71.800003,71.669998,100,71.930000,100,0.000000,0.000000
1480432218000,71.800003,71.669998,100,71.930000,100,0.000000,0.000000
1480432220000,71.800003,71.669998,100,71.930000,100,0.000000,0.000000
1480432222000,71.800003,71.669998,100,71.930000,100,0.000000,0.000000
1480432224000,71.800003,71.669998,100,71.930000,100,0.000000,0.000000
1480432226000,71.800003,71.669998,100,71.930000,100,0.000000,0.000000
1480432228000,71.800003,71.730003,100,71.989998,100,0.000000,0.000000
1480432230000,71.800003,71.730003,100,71.989998,100,0.000000,0.000000
1480432232000,71.800003,71.730003,100,71.989998,100,0.000000,0.000000
1480432234000,71.800003,71.730003,100,71.989998,100,0.000000,0.000000
1480432236000,71.800003,71.730003,100,71.989998,100,0.000000,0.000000
1480432238000,71.800003,71.730003,100,71.989998,100,0.000000,0.000000
1480432241000,71.800003,71.730003,100,71.989998,100,0.000000,0.000000
1480432243000,71.800003,71.730003,100,71.989998,100,0.000000,0.000000
1480432245000,71.800003,71.730003,100,71.989998,100,0.000000,0.000000
1480432247000,71.800003,71.730003,100,71.989998,100,0.000000,0.000000
1480432249000,71.800003,71.730003,100,71.989998,100,0.000000,0.000000
1480432251000,71.800003,71.730003,100,71.989998,100,0.000000,0.000000
1480432253000,71.800003,71.730003,100,71.989998,100,0.000000,0.000000
1480432255000,71.800003,71.730003,100,71.989998,100,0.000000,0.000000
1480432257000,71.800003,71.730003,100,71.989998,100,0.000000,0.000000
1480432259000,71.800003,71.730003,100,71.989998,100,0.000000,0.000000
1480432261000,71.800003,71.730003,100,71.989998,100,0.000000,0.000000
1480432263000,71.800003,71.730003,100,71.989998,100,0.000000,0.000000
1480432265000,71.800003,71.730003,100,71.989998,100,0.000000,0.000000
1480432267000,71.800003,71.730003,100,71.989998,100,0.000000,0.000000
1480432269000,71.800003,71.730003,100,71.989998,100,0.000000,0.000000
1480432271000,71.800003,71.730003,100,71.989998,100,0.000000,0.000000
1480432273000,71.800003,71.730003,100,71.989998,100,0.000000,0.000000
1480432276000,71.800003,71.730003,100,71.989998,100,0.000000,0.000000
1480432278000,71.800003,71.730003,100,71.989998,100,0.000000,0.000000
1480432280000,71.800003,71.730003,100,71.989998,100,0.000000,0.000000
1480432282000,71.800003,71.730003,100,71.989998,100,0.000000,0.000000
1480432284000,71.800003,71.730003,100,71.989998,100,0.000000,0.000000
1480432286000,71.800003,71.730003,100,72.110001,100,0.000000,0.000000
1480432288000,71.800003,71.730003,100,72.089996,100,0.000000,0.000000
1480432290000,71.800003,71.730003,100,72.089996,100,0.000000,0.000000
1480432292000,71.800003,71.730003,100,72.089996,100,0.000000,0.000000
1480432294000,71.800003,71.730003,100,72.089996,100,0.000000,0.000000
1480432296000,71.800003,71.730003,100,72.089996,100,0.000000,0.000000
1480432298000,71.800003,71.730003,100,72.089996,100,0.000000,0.000000
1480432300000,71.800003,71.730003,100,72.089996,100,0.000000,0.000000
1480432302000,71.800003,71.730003,100,72.089996,100,0.000000,0.000000
1480432304000,71.800003,71.730003,100,72.089996,100,0.000000,0.000000
1480432306000,71.800003,71.730003,100,72.089996,100,0.000000,0.000000
1480432308000,71.800003,71.730003,100,72.089996,100,0.000000,0.000000
1480432310000,71.800003,71.730003,100,72.089996,100,0.000000,0.000000
1480432313000,71.800003,71.730003,100,72.089996,100,0.000000,0.000000
1480432315000,71.800003,71.730003,100,72.089996,100,0.000000,0.000000
1480432317000,71.800003,71.730003,100,72.089996,100,0.000000,0.000000
1480432319000,71.800003,71.730003,100,72.089996,100,0.000000,0.000000
1480432321000,71.800003,71.730003,100,72.089996,100,0.000000,0.000000
1480432323000,71.800003,71.730003,100,72.089996,100,0.000000,0.000000
1480432325000,71.800003,71.730003,100,72.089996,100,0.000000,0.000000
1480432327000,71.800003,71.730003,100,72.089996,100,0.000000,0.000000
1480432329000,71.800003,71.730003,100,72.089996,100,0.000000,0.000000
1480432332000,71.800003,71.730003,100,72.089996,100,0.000000,0.000000
1480432334000,71.800003,71.730003,100,72.089996,100,0.000000,0.000000
1480432336000,72.010002,71.730003,100,72.089996,100,0.000000,0.000000
1480432338000,72.010002,71.730003,100,72.089996,100,0.000000,0.000000
1480432340000,72.010002,71.730003,100,72.089996,100,0.000000,0.000000
1480432342000,72.331802,71.730003,100,72.089996,100,0.000000,0.000000
1480432344000,72.331802,71.730003,100,72.089996,100,0.000000,0.000000
1480432346000,72.331802,71.750000,100,72.029999,100,0.000000,0.000000
1480432348000,72.331802,71.750000,100,72.029999,100,0.000000,0.000000
1480432350000,72.331802,71.750000,100,72.029999,100,0.000000,0.000000
1480432352000,72.331802,71.750000,100,72.029999,100,0.000000,0.000000
1480432354000,72.331802,71.750000,100,72.029999,100,0.000000,0.000000
1480432356000,72.331802,71.750000,100,72.029999,100,0.000000,0.000000
1480432358000,72.331802,71.750000,100,72.029999,100,0.000000,0.000000
1480432360000,72.331802,71.750000,100,72.029999,100,0.000000,0.000000
1480432362000,72.331802,71.750000,100,72.029999,100,0.000000,0.000000
1480432364000,72.331802,71.750000,100,72.029999,100,0.000000,0.000000
1480432366000,72.331802,71.750000,100,72.029999,100,0.000000,0.000000
1480432369000,72.331802,71.750000,100,72.029999,100,0.000000,0.000000
1480432371000,72.331802,71.750000,100,72.029999,100,0.000000,0.000000
1480432373000,72.331802,71.750000,100,72.029999,100,0.000000,0.000000
1480432375000,72.331802,71.750000,100,72.029999,100,0.000000,0.000000
1480432377000,72.331802,71.750000,100,72.029999,100,0.000000,0.000000
1480432379000,72.331802,71.750000,100,72.029999,100,0.000000,0.000000
1480432381000,72.331802,71.750000,100,72.029999,100,0.000000,0.000000
1480432383000,72.331802,71.750000,100,72.029999,100,0.000000,0.000000
1480432385000,72.331802,71.750000,100,72.029999,100,0.000000,0.000000
1480432387000,72.331802,71.750000,100,72.029999,100,0.000000,0.000000
1480432389000,72.331802,71.750000,100,72.029999,100,0.000000,0.000000
1480432391000,72.331802,71.750000,100,72.029999,100,0.000000,0.000000
1480432393000,72.331802,71.750000,100,72.029999,100,0.000000,0.000000
1480432395000,72.331802,71.750000,100,72.029999,100,0.000000,0.000000
1480432397000,72.331802,71.750000,100,72.029999,100,0.000000,0.000000
1480432399000,72.331802,71.750000,100,72.029999,100,0.000000,0.000000
1480432401000,72.331802,71.750000,100,72.029999,100,0.000000,0.000000
1480432403000,72.331802,71.750000,100,72.029999,100,0.000000,0.000000
1480432406000,72.331802,71.750000,100,72.040001,100,0.000000,0.000000
1480432408000,72.331802,71.750000,100,72.040001,100,0.000000,0.000000
1480432410000,72.331802,71.750000,100,72.040001,100,0.000000,0.000000
1480432412000,72.331802,71.750000,100,72.040001,100,0.000000,0.000000
1480432414000,72.331802,71.750000,100,72.040001,100,0.000000,0.000000
1480432416000,72.331802,71.750000,100,72.040001,100,0.000000,0.000000
1480432418000,72.331802,71.750000,100,72.040001,100,0.000000,0.000000
1480432420000,72.331802,71.750000,100,72.040001,100,0.000000,0.000000
1480432422000,72.331802,71.750000,100,72.040001,100,0.000000,0.000000
1480432424000,72.331802,71.750000,100,72.040001,100,0.000000,0.000000
1480432426000,72.331802,71.750000,100,72.040001,100,0.000000,0.000000
1480432428000,72.331802,71.750000,100,72.040001,100,0.000000,0.000000
1480432430000,72.331802,71.750000,100,72.040001,100,0.000000,0.000000
1480432432000,72.331802,71.750000,100,72.040001,100,0.000000,0.000000
1480432434000,72.331802,71.750000,100,72.040001,100,0.000000,0.000000
1480432436000,72.331802,71.750000,100,72.040001,100,0.000000,0.000000
1480432438000,72.459999,71.750000,100,72.040001,100,0.000000,0.000000
1480432440000,72.459999,71.750000,100,72.040001,100,0.000000,0.000000
1480432442000,72.459999,71.750000,100,72.040001,100,0.000000,0.000000
1480432444000,72.459999,71.750000,100,72.040001,100,0.000000,0.000000
1480432447000,72.459999,71.750000,100,72.040001,100,0.000000,0.000000
1480432449000,72.459999,71.750000,100,72.040001,100,0.000000,0.000000
1480432451000,72.459999,71.750000,100,72.040001,100,0.000000,0.000000
1480432453000,72.459999,71.750000,100,72.040001,100,0.000000,0.000000
1480432455000,72.459999,71.750000,100,72.040001,100,0.000000,0.000000
1480432457000,72.500000,71.750000,100,72.040001,100,0.000000,0.000000
1480432459000,72.500000,71.750000,100,72.040001,100,0.000000,0.000000
1480432461000,72.500000,71.750000,100,72.040001,100,0.000000,0.000000
1480432463000,72.500000,71.750000,100,72.040001,100,0.000000,0.000000
1480432465000,72.500000,71.750000,100,72.040001,100,0.000000,0.000000
1480432467000,72.500000,71.750000,100,72.010002,200,0.000000,0.000000
1480432469000,72.500000,71.750000,100,72.010002,200,0.000000,0.000000
1480432471000,72.500000,71.750000,100,72.010002,200,0.000000,0.000000
1480432473000,72.639999,71.750000,100,72.010002,200,0.000000,0.000000
1480432475000,72.639999,71.750000,100,72.010002,200,0.000000,0.000000
1480432477000,72.639999,71.750000,100,72.010002,200,0.000000,0.000000
1480432479000,72.639999,71.750000,100,72.010002,200,0.000000,0.000000
1480432482000,72.639999,71.750000,100,72.010002,200,0.000000,0.000000
1480432484000,72.639999,71.750000,100,72.010002,200,0.000000,0.000000
1480432486000,72.639999,71.750000,100,72.010002,200,0.000000,0.000000
1480432488000,72.639999,71.750000,100,72.010002,200,0.000000,0.000000
1480432490000,72.639999,71.750000,100,72.010002,200,0.000000,0.000000
1480432492000,72.639999,71.750000,100,72.010002,200,0.000000,0.000000
1480432494000,72.639999,71.750000,100,72.010002,200,0.000000,0.000000
1480432496000,72.639999,71.750000,100,72.010002,200,0.000000,0.000000
1480432498000,72.639999,71.750000,100,72.010002,200,0.000000,0.000000
1480432500000,72.639999,71.750000,100,72.010002,200,0.000000,0.000000
1480432502000,72.639999,71.750000,100,72.010002,200,0.000000,0.000000
1480432504000,72.639999,71.750000,100,72.010002,200,0.000000,0.000000
1480432506000,72.639999,71.750000,100,72.010002,200,0.000000,0.000000
1480432508000,72.639999,71.750000,100,72.010002,200,0.000000,0.000000
1480432510000,72.639999,71.750000,100,72.010002,200,0.000000,0.000000
1480432512000,72.639999,71.750000,100,72.010002,200,0.000000,0.000000
1480432514000,72.639999,71.750000,100,72.010002,200,0.000000,0.000000
1480432517000,72.639999,71.750000,100,72.010002,200,0.000000,0.000000
1480432519000,72.639999,71.750000,100,72.010002,200,0.000000,0.000000
1480432521000,72.690002,71.750000,100,72.010002,200,0.000000,0.000000
1480432523000,72.690002,71.750000,100,72.010002,200,0.000000,0.000000
1480432525000,72.690002,71.750000,100,72.010002,200,0.000000,0.000000
1480432527000,72.690002,71.699997,100,72.019997,100,0.000000,0.000000
1480432529000,72.690002,71.699997,100,72.019997,100,0.000000,0.000000
1480432531000,72.690002,71.699997,100,72.019997,100,0.000000,0.000000
1480432533000,72.690002,71.699997,100,72.019997,100,0.000000,0.000000
1480432535000,72.690002,71.699997,100,72.019997,100,0.000000,0.000000
1480432537000,72.690002,71.699997,100,72.019997,100,0.000000,0.000000
1480432539000,72.690002,71.699997,100,72.019997,100,0.000000,0.000000
1480432541000,72.690002,71.699997,100,72.019997,100,0.000000,0.000000
1480432543000,72.690002,71.699997,100,72.019997,100,0.000000,0.000000
1480432545000,72.690002,71.699997,100,72.019997,100,0.000000,0.000000
1480432548000,72.690002,71.699997,100,72.019997,100,0.000000,0.000000
1480432550000,72.690002,71.699997,100,72.019997,100,0.000000,0.000000
1480432552000,72.690002,71.699997,100,72.019997,100,0.000000,0.000000
1480432554000,72.690002,71.699997,100,72.019997,100,0.000000,0.000000
1480432556000,72.690002,71.699997,100,72.019997,100,0.000000,0.000000
1480432558000,72.745003,71.699997,100,72.019997,100,0.000000,0.000000
1480432560000,72.745003,71.699997,100,72.019997,100,0.000000,0.000000
1480432562000,72.745003,71.699997,100,72.019997,100,0.000000,0.000000
1480432564000,72.745003,71.699997,100,72.019997,100,0.000000,0.000000
1480432566000,72.745003,71.699997,100,72.019997,100,0.000000,0.000000
1480432568000,72.745003,71.699997,100,72.019997,100,0.000000,0.000000
1480432570000,72.745003,71.699997,100,72.019997,100,0.000000,0.000000
1480432572000,72.703903,71.699997,100,72.019997,100,0.000000,0.000000
1480432574000,72.703903,71.699997,100,72.019997,100,0.000000,0.000000
1480432576000,72.703903,71.699997,100,72.019997,100,0.000000,0.000000
1480432578000,72.703903,71.699997,100,72.019997,100,0.000000,0.000000
1480432580000,72.703903,71.699997,100,72.019997,100,0.000000,0.000000
1480432582000,72.703903,71.699997,100,72.019997,100,0.000000,0.000000
1480432585000,72.703903,71.699997,100,72.019997,100,0.000000,0.000000
1480432587000,72.703903,71.750000,100,72.000000,100,0.000000,0.000000
1480432589000,72.703903,71.750000,100,72.000000,100,0.000000,0.000000
1480432591000,72.703903,71.750000,100,72.000000,100,0.000000,0.000000
1480432593000,72.703903,71.750000,100,72.000000,100,0.000000,0.000000
1480432595000,72.703903,71.750000,100,72.000000,100,0.000000,0.000000
1480432597000,72.703903,71.750000,100,72.000000,100,0.000000,0.000000
1480432599000,72.703903,71.750000,100,72.000000,100,0.000000,0.000000
1480432601000,72.703903,71.750000,100,72.000000,100,0.000000,0.000000
1480432603000,72.703903,71.750000,100,72.000000,100,0.000000,0.000000
1480432605000,72.703903,71.750000,100,72.000000,100,0.000000,0.000000
1480432607000,72.703903,71.750000,100,72.000000,100,0.000000,0.000000
1480432609000,72.703903,71.750000,100,72.000000,100,0.000000,0.000000
1480432612000,72.703903,71.750000,100,72.000000,100,0.000000,0.000000
1480432614000,72.703903,71.750000,100,72.000000,100,0.000000,0.000000
1480432616000,72.703903,71.750000,100,72.000000,100,0.000000,0.000000
1480432618000,72.703903,71.750000,100,72.000000,100,0.000000,0.000000
1480432620000,72.703903,71.750000,100,72.000000,100,0.000000,0.000000
1480432622000,72.703903,71.750000,100,72.000000,100,0.000000,0.000000
1480432624000,72.703903,71.750000,100,72.000000,100,0.000000,0.000000
1480432626000,72.703903,71.750000,100,72.000000,100,0.000000,0.000000
1480432628000,72.703903,71.750000,100,72.000000,100,0.000000,0.000000
1480432630000,72.703903,71.750000,100,72.000000,100,0.000000,0.000000
1480432632000,72.703903,71.750000,100,72.000000,100,0.000000,0.000000
1480432634000,72.703903,71.750000,100,72.000000,100,0.000000,0.000000
1480432636000,72.703903,71.750000,100,72.000000,100,0.000000,0.000000
1480432638000,72.703903,71.750000,100,72.000000,100,0.000000,0.000000
1480432640000,72.703903,71.750000,100,72.000000,100,0.000000,0.000000
1480432642000,72.703903,71.750000,100,72.000000,100,0.000000,0.000000
1480432644000,72.703903,71.750000,100,72.000000,100,0.000000,0.000000
1480432647000,72.703903,71.699997,100,71.989998,100,0.000000,0.000000
1480432649000,72.703903,71.699997,100,71.980003,200,0.000000,0.000000
1480432651000,72.703903,71.699997,100,71.980003,200,0.000000,0.000000
1480432653000,72.703903,71.699997,100,71.980003,200,0.000000,0.000000
1480432655000,72.703903,71.699997,100,71.980003,200,0.000000,0.000000
1480432657000,72.703903,71.699997,100,71.980003,200,0.000000,0.000000
1480432659000,72.703903,71.699997,100,71.980003,200,0.000000,0.000000
1480432661000,72.703903,71.699997,100,71.980003,200,0.000000,0.000000
1480432663000,72.703903,71.699997,100,71.980003,200,0.000000,0.000000
1480432665000,72.703903,71.699997,100,71.980003,200,0.000000,0.000000
1480432667000,72.703903,71.699997,100,71.980003,200,0.000000,0.000000
1480432669000,72.703903,71.699997,100,71.980003,200,0.000000,0.000000
1480432671000,72.703903,71.699997,100,71.980003,200,0.000000,0.000000
1480432673000,72.703903,71.699997,100,71.980003,200,0.000000,0.000000
1480432675000,72.703903,71.699997,100,71.980003,200,0.000000,0.000000
1480432677000,72.703903,71.699997,100,71.980003,200,0.000000,0.000000
1480432680000,72.703903,71.699997,100,71.980003,200,0.000000,0.000000
1480432682000,72.703903,71.699997,100,71.980003,200,0.000000,0.000000
1480432684000,72.703903,71.699997,100,71.980003,200,0.000000,0.000000
1480432686000,72.703903,71.699997,100,71.980003,200,0.000000,0.000000
1480432688000,72.703903,71.699997,100,71.980003,200,0.000000,0.000000
1480432690000,72.703903,71.699997,100,71.980003,200,0.000000,0.000000
1480432692000,72.703903,71.699997,100,71.980003,200,0.000000,0.000000
1480432694000,72.703903,71.699997,100,71.980003,200,0.000000,0.000000
1480432696000,72.703903,71.699997,100,71.980003,200,0.000000,0.000000
1480432698000,72.703903,71.699997,100,71.980003,200,0.000000,0.000000
1480432700000,72.703903,71.699997,100,71.980003,200,0.000000,0.000000
1480432702000,72.703903,71.699997,100,71.980003,200,0.000000,0.000000
1480432704000,72.703903,71.699997,100,71.980003,200,0.000000,0.000000
1480432706000,72.703903,71.720001,100,71.980003,100,0.000000,0.000000
1480432708000,72.703903,71.720001,100,71.980003,100,0.000000,0.000000
1480432710000,72.703903,71.720001,100,71.980003,100,0.000000,0.000000
1480432712000,72.703903,71.720001,100,71.980003,100,0.000000,0.000000
1480432714000,72.703903,71.720001,100,71.980003,100,0.000000,0.000000
1480432717000,72.703903,71.720001,100,71.980003,100,0.000000,0.000000
1480432719000,72.703903,71.720001,100,71.980003,100,0.000000,0.000000
1480432721000,72.703903,71.720001,100,71.980003,100,0.000000,0.000000
1480432723000,72.703903,71.720001,100,71.980003,100,0.000000,0.000000
1480432725000,72.703903,71.720001,100,71.980003,100,0.000000,0.000000
1480432727000,72.703903,71.720001,100,71.980003,100,0.000000,0.000000
1480432729000,72.703903,71.720001,100,71.980003,100,0.000000,0.000000
1480432731000,72.703903,71.720001,100,71.980003,100,0.000000,0.000000
1480432733000,72.703903,71.720001,100,71.980003,100,0.000000,0.000000
1480432735000,72.703903,71.720001,100,71.980003,100,0.000000,0.000000
1480432737000,72.703903,71.720001,100,71.980003,100,0.000000,0.000000
1480432739000,72.703903,71.720001,100,71.980003,100,0.000000,0.000000
1480432741000,72.703903,71.720001,100,71.980003,100,0.000000,0.000000
1480432743000,72.703903,71.720001,100,71.980003,100,0.000000,0.000000
1480432745000,72.703903,71.720001,100,71.980003,100,0.000000,0.000000
1480432747000,72.703903,71.720001,100,71.980003,100,0.000000,0.000000
1480432749000,72.703903,71.720001,100,71.980003,100,0.000000,0.000000
1480432751000,72.703903,71.720001,100,71.980003,100,0.000000,0.000000
1480432754000,72.703903,71.720001,100,71.980003,100,0.000000,0.000000
1480432756000,72.703903,71.720001,100,71.980003,100,0.000000,0.000000
1480432758000,72.703903,71.720001,100,71.980003,100,0.000000,0.000000
1480432760000,72.703903,71.720001,100,71.980003,100,0.000000,0.000000
1480432762000,72.703903,71.720001,100,71.980003,100,0.000000,0.000000
1480432764000,72.703903,71.720001,100,71.980003,100,0.000000,0.000000
1480432766000,72.703903,71.720001,100,71.980003,100,0.000000,0.000000
1480432768000,72.703903,71.720001,100,71.980003,100,0.000000,0.000000
1480432770000,72.703903,71.720001,100,71.980003,100,0.000000,0.000000
1480432772000,72.703903,71.720001,100,71.980003,100,0.000000,0.000000
1480432774000,72.703903,71.720001,100,71.980003,100,0.000000,0.000000
1480432776000,72.703903,71.720001,100,71.980003,100,0.000000,0.000000
1480432778000,72.703903,71.720001,100,71.980003,100,0.000000,0.000000
1480432780000,72.703903,71.720001,100,71.980003,100,0.000000,0.000000
1480432782000,72.703903,71.720001,100,71.980003,100,0.000000,0.000000
1480432784000,72.703903,71.720001,100,71.980003,100,0.000000,0.000000
1480432787000,72.703903,71.720001,100,71.980003,100,0.000000,0.000000
1480432789000,72.703903,71.720001,100,71.980003,100,0.000000,0.000000
1480432791000,72.703903,71.720001,100,71.980003,100,0.000000,0.000000
1480432793000,72.703903,71.720001,100,71.980003,100,0.000000,0.000000
1480432795000,72.703903,71.720001,100,71.980003,100,0.000000,0.000000
1480432797000,72.703903,71.720001,100,71.980003,100,0.000000,0.000000
1480432799000,72.703903,71.720001,100,71.980003,100,0.000000,0.000000
1480432801000,72.703903,71.720001,100,71.980003,100,0.000000,0.000000
1480432803000,72.703903,71.720001,100,71.980003,100,0.000000,0.000000
1480432805000,72.703903,71.720001,100,71.980003,100,0.000000,0.000000
1480432807000,72.703903,71.720001,100,71.980003,100,0.000000,0.000000
1480432809000,72.703903,71.720001,100,71.980003,100,0.000000,0.000000
1480432811000,72.703903,71.720001,100,71.980003,100,0.000000,0.000000
1480432813000,72.703903,71.720001,100,71.980003,100,0.000000,0.000000
1480432815000,72.703903,71.720001,100,71.980003,100,0.000000,0.000000
1480432817000,72.703903,71.720001,100,71.980003,100,0.000000,0.000000
1480432819000,72.703903,71.720001,100,71.980003,100,0.000000,0.000000
1480432821000,72.703903,71.720001,100,71.980003,100,0.000000,0.000000
1480432824000,72.703903,71.720001,100,71.980003,100,0.000000,0.000000
1480432826000,72.610001,71.709999,100,71.959999,100,0.000000,0.000000
1480432828000,72.610001,71.709999,100,71.959999,100,0.000000,0.000000
1480432830000,72.610001,71.709999,100,71.959999,100,0.000000,0.000000
1480432832000,72.610001,71.709999,100,71.959999,100,0.000000,0.000000
1480432834000,72.610001,71.709999,100,71.959999,100,0.000000,0.000000
1480432836000,72.610001,71.709999,100,71.959999,100,0.000000,0.000000
1480432838000,72.610001,71.709999,100,71.959999,100,0.000000,0.000000
1480432840000,72.610001,71.709999,100,71.959999,100,0.000000,0.000000
1480432842000,72.610001,71.709999,100,71.959999,100,0.000000,0.000000
1480432844000,72.610001,71.709999,100,71.959999,100,0.000000,0.000000
1480432846000,72.610001,71.709999,100,71.959999,100,0.000000,0.000000
1480432848000,72.610001,71.709999,100,71.959999,100,0.000000,0.000000
1480432850000,72.610001,71.709999,100,71.959999,100,0.000000,0.000000
1480432852000,72.610001,71.709999,100,71.959999,100,0.000000,0.000000
1480432854000,72.610001,71.709999,100,71.959999,100,0.000000,0.000000
1480432856000,72.610001,71.709999,100,71.959999,100,0.000000,0.000000
1480432859000,72.610001,71.709999,100,71.959999,100,0.000000,0.000000
1480432861000,72.610001,71.709999,100,71.959999,100,0.000000,0.000000
1480432863000,72.610001,71.709999,100,71.959999,100,0.000000,0.000000
1480432865000,72.610001,71.709999,100,71.959999,100,0.000000,0.000000
1480432867000,72.610001,71.709999,100,71.959999,100,0.000000,0.000000
1480432869000,72.610001,71.709999,100,71.959999,100,0.000000,0.000000
1480432871000,72.610001,71.709999,100,71.959999,100,0.000000,0.000000
1480432873000,72.610001,71.709999,100,71.959999,100,0.000000,0.000000
1480432875000,72.610001,71.709999,100,71.959999,100,0.000000,0.000000
1480432877000,72.610001,71.709999,100,71.959999,100,0.000000,0.000000
1480432879000,72.610001,71.709999,100,71.959999,100,0.000000,0.000000
1480432881000,72.565002,71.709999,100,71.959999,100,0.000000,0.000000
1480432883000,72.565002,71.709999,100,71.959999,100,0.000000,0.000000
1480432885000,72.565002,71.709999,100,71.959999,100,0.000000,0.000000
1480432887000,72.660004,71.760002,200,72.029999,200,0.000000,0.000000
1480432889000,72.660004,71.760002,200,72.029999,200,0.000000,0.000000
1480432891000,72.660004,71.760002,200,72.029999,200,0.000000,0.000000
1480432893000,72.660004,71.760002,200,72.029999,200,0.000000,0.000000
1480432896000,72.660004,71.760002,200,72.029999,200,0.000000,0.000000
1480432898000,72.660004,71.760002,200,72.029999,200,0.000000,0.000000
1480432900000,72.660004,71.760002,200,72.029999,200,0.000000,0.000000
1480432902000,72.660004,71.760002,200,72.029999,200,0.000000,0.000000
1480432904000,72.660004,71.760002,200,72.029999,200,0.000000,0.000000
1480432906000,72.660004,71.760002,200,72.029999,200,0.000000,0.000000
1480432908000,72.660004,71.760002,200,72.029999,200,0.000000,0.000000
1480432910000,72.660004,71.760002,200,72.029999,200,0.000000,0.000000
1480432912000,72.660004,71.760002,200,72.029999,200,0.000000,0.000000
1480432914000,72.660004,71.760002,200,72.029999,200,0.000000,0.000000
1480432916000,72.660004,71.760002,200,72.029999,200,0.000000,0.000000
1480432918000,72.660004,71.760002,200,72.029999,200,0.000000,0.000000
1480432920000,72.660004,71.760002,200,72.029999,200,0.000000,0.000000
1480432922000,72.660004,71.760002,200,72.029999,200,0.000000,0.000000
1480432924000,72.660004,71.760002,200,72.029999,200,0.000000,0.000000
1480432926000,72.660004,71.760002,200,72.029999,200,0.000000,0.000000
1480432928000,72.660004,71.760002,200,72.029999,200,0.000000,0.000000
1480432931000,72.660004,71.760002,200,72.029999,200,0.000000,0.000000
1480432933000,72.660004,71.760002,200,72.029999,200,0.000000,0.000000
1480432935000,72.660004,71.760002,200,72.029999,200,0.000000,0.000000
1480432937000,72.660004,71.760002,200,72.029999,200,0.000000,0.000000
1480432939000,72.660004,71.760002,200,72.029999,200,0.000000,0.000000
1480432941000,72.660004,71.760002,200,72.029999,200,0.000000,0.000000
1480432943000,72.660004,71.760002,200,72.029999,200,0.000000,0.000000
1480432945000,72.660004,71.760002,200,72.029999,200,0.000000,0.000000
1480432947000,72.660004,71.760002,200,72.029999,100,0.000000,0.000000
1480432949000,72.660004,71.760002,200,72.029999,100,0.000000,0.000000
1480432951000,72.660004,71.760002,200,72.029999,100,0.000000,0.000000
1480432953000,72.660004,71.760002,200,72.029999,100,0.000000,0.000000
1480432955000,72.660004,71.760002,200,72.029999,100,0.000000,0.000000
1480432957000,72.660004,71.760002,200,72.029999,100,0.000000,0.000000
1480432959000,72.660004,71.760002,200,72.029999,100,0.000000,0.000000
1480432961000,72.660004,71.760002,200,72.029999,100,0.000000,0.000000
1480432963000,72.660004,71.760002,200,72.029999,100,0.000000,0.000000
1480432965000,72.660004,71.760002,200,72.029999,100,0.000000,0.000000
1480432967000,72.660004,71.760002,200,72.029999,100,0.000000,0.000000
1480432970000,72.660004,71.760002,200,72.029999,100,0.000000,0.000000
1480432972000,72.660004,71.760002,200,72.029999,100,0.000000,0.000000
1480432974000,72.660004,71.760002,200,72.029999,100,0.000000,0.000000
1480432976000,72.660004,71.760002,200,72.029999,100,0.000000,0.000000
1480432978000,72.660004,71.760002,200,72.029999,100,0.000000,0.000000
1480432980000,72.660004,71.760002,200,72.029999,100,0.000000,0.000000
1480432982000,72.660004,71.760002,200,72.029999,100,0.000000,0.000000
1480432984000,72.660004,71.760002,200,72.029999,100,0.000000,0.000000
1480432986000,72.660004,71.760002,200,72.029999,100,0.000000,0.000000
1480432988000,72.660004,71.760002,200,72.029999,100,0.000000,0.000000
1480432990000,72.660004,71.760002,200,72.029999,100,0.000000,0.000000
1480432992000,72.660004,71.760002,200,72.029999,100,0.000000,0.000000
1480432994000,72.660004,71.760002,200,72.029999,100,0.000000,0.000000
1480432996000,72.660004,71.760002,200,72.029999,100,0.000000,0.000000
1480432998000,72.660004,71.760002,200,72.029999,100,0.000000,0.000000
1480433000000,72.660004,71.760002,200,72.029999,100,0.000000,0.000000
1480433002000,72.660004,71.760002,200,72.029999,100,0.000000,0.000000
1480433004000,72.660004,71.760002,200,72.029999,100,0.000000,0.000000
1480433006000,72.660004,71.760002,100,72.010002,100,0.000000,0.000000
1480433009000,72.660004,71.760002,100,72.010002,100,0.000000,0.000000
1480433011000,72.660004,71.760002,100,72.010002,100,0.000000,0.000000
1480433013000,72.660004,71.760002,100,72.010002,100,0.000000,0.000000
1480433015000,72.660004,71.760002,100,72.010002,100,0.000000,0.000000
1480433017000,72.660004,71.760002,100,72.010002,100,0.000000,0.000000
1480433019000,72.660004,71.760002,100,72.010002,100,0.000000,0.000000
1480433021000,72.660004,71.760002,100,72.010002,100,0.000000,0.000000
1480433023000,72.660004,71.760002,100,72.010002,100,0.000000,0.000000
1480433025000,72.660004,71.760002,100,72.010002,100,0.000000,0.000000
1480433027000,72.660004,71.760002,100,72.010002,100,0.000000,0.000000
1480433029000,72.660004,71.760002,100,72.010002,100,0.000000,0.000000
1480433031000,72.660004,71.760002,100,72.010002,100,0.000000,0.000000
1480433033000,72.660004,71.760002,100,72.010002,100,0.000000,0.000000
1480433035000,72.660004,71.760002,100,72.010002,100,0.000000,0.000000
1480433037000,72.660004,71.760002,100,72.010002,100,0.000000,0.000000
1480433039000,72.660004,71.760002,100,72.010002,100,0.000000,0.000000
1480433041000,72.660004,71.760002,100,72.010002,100,0.000000,0.000000
1480433043000,72.660004,71.760002,100,72.010002,100,0.000000,0.000000
1480433046000,72.660004,71.760002,100,72.010002,100,0.000000,0.000000
1480433048000,72.660004,71.760002,100,72.010002,100,0.000000,0.000000
1480433050000,72.660004,71.760002,100,72.010002,100,0.000000,0.000000
1480433052000,72.660004,71.760002,100,72.010002,100,0.000000,0.000000
1480433054000,72.660004,71.760002,100,72.010002,100,0.000000,0.000000
1480433056000,72.660004,71.760002,100,72.010002,100,0.000000,0.000000
1480433058000,72.660004,71.760002,100,72.010002,100,0.000000,0.000000
1480433060000,72.660004,71.760002,100,72.010002,100,0.000000,0.000000
1480433062000,72.660004,71.760002,100,72.010002,100,0.000000,0.000000
1480433064000,72.660004,71.760002,100,72.010002,100,0.000000,0.000000
1480433066000,72.660004,71.760002,100,71.930000,200,0.000000,0.000000
1480433068000,72.660004,71.760002,100,71.930000,200,0.000000,0.000000
1480433070000,72.605003,71.760002,100,71.930000,200,0.000000,0.000000
1480433072000,72.605003,71.760002,100,71.930000,200,0.000000,0.000000
1480433074000,72.605003,71.760002,100,71.930000,200,0.000000,0.000000
1480433076000,72.605003,71.760002,100,71.930000,200,0.000000,0.000000
1480433078000,72.605003,71.760002,100,71.930000,200,0.000000,0.000000
1480433080000,72.605003,71.760002,100,71.930000,200,0.000000,0.000000
1480433082000,72.605003,71.760002,100,71.930000,200,0.000000,0.000000
1480433085000,72.605003,71.760002,100,71.930000,200,0.000000,0.000000
1480433087000,72.605003,71.760002,100,71.930000,200,0.000000,0.000000
1480433089000,72.605003,71.760002,100,71.930000,200,0.000000,0.000000
1480433091000,72.605003,71.760002,100,71.930000,200,0.000000,0.000000
1480433093000,72.605003,71.760002,100,71.930000,200,0.000000,0.000000
1480433095000,72.605003,71.760002,100,71.930000,200,0.000000,0.000000
1480433097000,72.605003,71.760002,100,71.930000,200,0.000000,0.000000
1480433099000,72.605003,71.760002,100,71.930000,200,0.000000,0.000000
1480433101000,72.605003,71.760002,100,71.930000,200,0.000000,0.000000
1480433103000,72.605003,71.760002,100,71.930000,200,0.000000,0.000000
1480433105000,72.605003,71.760002,100,71.930000,200,0.000000,0.000000
1480433107000,72.605003,71.760002,100,71.930000,200,0.000000,0.000000
1480433109000,72.605003,71.760002,100,71.930000,200,0.000000,0.000000
1480433111000,72.605003,71.760002,100,71.930000,200,0.000000,0.000000
1480433113000,72.605003,71.760002,100,71.930000,200,0.000000,0.000000
1480433115000,72.605003,71.760002,100,71.930000,200,0.000000,0.000000
1480433117000,72.605003,71.760002,100,71.930000,200,0.000000,0.000000
1480433119000,72.605003,71.760002,100,71.930000,200,0.000000,0.000000
1480433122000,72.605003,71.760002,100,71.930000,200,0.000000,0.000000
1480433124000,72.605003,71.760002,100,71.930000,200,0.000000,0.000000
1480433126000,72.605003,71.809998,100,72.070000,100,0.000000,0.000000
1480433128000,72.605003,71.809998,100,72.050003,100,0.000000,0.000000
1480433130000,72.605003,71.809998,100,72.050003,100,0.000000,0.000000
1480433132000,72.605003,71.809998,100,72.050003,100,0.000000,0.000000
1480433134000,72.605003,71.809998,100,72.050003,100,0.000000,0.000000
1480433136000,72.605003,71.809998,100,72.050003,100,0.000000,0.000000
1480433138000,72.605003,71.809998,100,72.050003,100,0.000000,0.000000
1480433140000,72.605003,71.809998,100,72.050003,100,0.000000,0.000000
1480433142000,72.605003,71.809998,100,72.050003,100,0.000000,0.000000
1480433144000,72.605003,71.809998,100,72.050003,100,0.000000,0.000000
1480433146000,72.605003,71.809998,100,72.050003,100,0.000000,0.000000
1480433148000,72.605003,71.809998,100,72.050003,100,0.000000,0.000000
1480433150000,72.605003,71.809998,100,72.050003,100,0.000000,0.000000
1480433152000,72.605003,71.809998,100,72.050003,100,0.000000,0.000000
1480433154000,72.605003,71.809998,100,72.050003,100,0.000000,0.000000
1480433157000,72.605003,71.809998,100,72.050003,100,0.000000,0.000000
1480433159000,72.605003,71.809998,100,72.050003,100,0.000000,0.000000
1480433161000,72.605003,71.809998,100,72.050003,100,0.000000,0.000000
1480433163000,72.605003,71.809998,100,72.050003,100,0.000000,0.000000
1480433165000,72.605003,71.809998,100,72.050003,100,0.000000,0.000000
1480433167000,72.605003,71.809998,100,72.050003,100,0.000000,0.000000
1480433169000,72.605003,71.809998,100,72.050003,100,0.000000,0.000000
1480433171000,72.605003,71.809998,100,72.050003,100,0.000000,0.000000
1480433173000,72.605003,71.809998,100,72.050003,100,0.000000,0.000000
1480433175000,72.605003,71.809998,100,72.050003,100,0.000000,0.000000
1480433177000,72.605003,71.809998,100,72.050003,100,0.000000,0.000000
1480433179000,72.605003,71.809998,100,72.050003,100,0.000000,0.000000
1480433181000,72.605003,71.809998,100,72.050003,100,0.000000,0.000000
1480433183000,72.605003,71.809998,100,72.050003,100,0.000000,0.000000
1480433185000,72.605003,71.809998,100,72.050003,100,0.000000,0.000000
1480433187000,72.605003,71.809998,200,72.029999,100,0.000000,0.000000
1480433189000,72.540001,71.809998,200,72.029999,100,0.000000,0.000000
1480433192000,72.540001,71.809998,200,72.029999,100,0.000000,0.000000
1480433194000,72.540001,71.809998,200,72.029999,100,0.000000,0.000000
1480433196000,72.540001,71.809998,200,72.029999,100,0.000000,0.000000
1480433198000,72.540001,71.809998,200,72.029999,100,0.000000,0.000000
1480433200000,72.540001,71.809998,200,72.029999,100,0.000000,0.000000
1480433202000,72.540001,71.809998,200,72.029999,100,0.000000,0.000000
1480433204000,72.540001,71.809998,200,72.029999,100,0.000000,0.000000
1480433206000,72.540001,71.809998,200,72.029999,100,0.000000,0.000000
1480433208000,72.540001,71.809998,200,72.029999,100,0.000000,0.000000
1480433210000,72.540001,71.809998,200,72.029999,100,0.000000,0.000000
1480433212000,72.540001,71.809998,200,72.029999,100,0.000000,0.000000
1480433214000,72.540001,71.809998,200,72.029999,100,0.000000,0.000000
1480433216000,72.540001,71.809998,200,72.029999,100,0.000000,0.000000
1480433218000,72.540001,71.809998,200,72.029999,100,0.000000,0.000000
1480433220000,72.540001,71.809998,200,72.029999,100,0.000000,0.000000
1480433222000,72.540001,71.809998,200,72.029999,100,0.000000,0.000000
1480433224000,72.540001,71.809998,200,72.029999,100,0.000000,0.000000
1480433227000,72.540001,71.809998,200,72.029999,100,0.000000,0.000000
1480433229000,72.540001,71.809998,200,72.029999,100,0.000000,0.000000
1480433231000,72.540001,71.809998,200,72.029999,100,0.000000,0.000000
1480433233000,72.540001,71.809998,200,72.029999,100,0.000000,0.000000
1480433235000,72.540001,71.809998,200,72.029999,100,0.000000,0.000000
1480433237000,72.540001,71.809998,200,72.029999,100,0.000000,0.000000
1480433239000,72.540001,71.809998,200,72.029999,100,0.000000,0.000000
1480433241000,72.540001,71.809998,200,72.029999,100,0.000000,0.000000
1480433243000,72.540001,71.809998,200,72.029999,100,0.000000,0.000000
1480433245000,72.540001,71.809998,200,72.029999,100,0.000000,0.000000
1480433247000,72.540001,71.870003,200,72.070000,100,0.000000,0.000000
1480433249000,72.540001,71.870003,200,72.070000,100,0.000000,0.000000
1480433251000,72.540001,71.870003,200,72.070000,100,0.000000,0.000000
1480433253000,72.540001,71.870003,200,72.070000,100,0.000000,0.000000
1480433255000,72.540001,71.870003,200,72.070000,100,0.000000,0.000000
1480433257000,72.540001,71.870003,200,72.070000,100,0.000000,0.000000
1480433259000,72.540001,71.870003,200,72.070000,100,0.000000,0.000000
1480433261000,72.540001,71.870003,200,72.070000,100,0.000000,0.000000
1480433264000,72.540001,71.870003,200,72.070000,100,0.000000,0.000000
1480433266000,72.540001,71.870003,200,72.070000,100,0.000000,0.000000
1480433268000,72.540001,71.870003,200,72.070000,100,0.000000,0.000000
1480433270000,72.510002,71.870003,200,72.070000,100,0.000000,0.000000
1480433272000,72.510002,71.870003,200,72.070000,100,0.000000,0.000000
1480433274000,72.510002,71.870003,200,72.070000,100,0.000000,0.000000
1480433276000,72.510002,71.870003,200,72.070000,100,0.000000,0.000000
1480433278000,72.510002,71.870003,200,72.070000,100,0.000000,0.000000
1480433280000,72.510002,71.870003,200,72.070000,100,0.000000,0.000000
1480433282000,72.510002,71.870003,200,72.070000,100,0.000000,0.000000
1480433284000,72.510002,71.870003,200,72.070000,100,0.000000,0.000000
1480433286000,72.510002,71.870003,200,72.070000,100,0.000000,0.000000
1480433288000,72.510002,71.870003,200,72.070000,100,0.000000,0.000000
1480433290000,72.510002,71.870003,200,72.070000,100,0.000000,0.000000
1480433292000,72.610001,71.870003,200,72.070000,100,0.000000,0.000000
1480433294000,72.610001,71.870003,200,72.070000,100,0.000000,0.000000
1480433296000,72.610001,71.870003,200,72.070000,100,0.000000,0.000000
1480433298000,72.610001,71.870003,200,72.070000,100,0.000000,0.000000
1480433300000,72.610001,71.870003,200,72.070000,100,0.000000,0.000000
1480433303000,72.610001,71.870003,200,72.070000,100,0.000000,0.000000
1480433305000,72.610001,71.870003,200,72.070000,100,0.000000,0.000000
1480433307000,72.610001,72.250000,400,72.489998,300,0.000000,0.000000
1480433309000,72.610001,72.250000,400,72.489998,300,0.000000,0.000000
1480433311000,72.610001,72.250000,400,72.489998,300,0.000000,0.000000
1480433313000,72.610001,72.250000,400,72.489998,300,0.000000,0.000000
1480433315000,72.610001,72.250000,400,72.489998,300,0.000000,0.000000
1480433317000,72.610001,72.250000,400,72.489998,300,0.000000,0.000000
1480433319000,72.610001,72.250000,400,72.489998,300,0.000000,0.000000
1480433321000,72.610001,72.250000,400,72.489998,300,0.000000,0.000000
1480433323000,72.610001,72.250000,400,72.489998,300,0.000000,0.000000
1480433325000,72.610001,72.250000,400,72.489998,300,0.000000,0.000000
1480433327000,72.610001,72.250000,400,72.489998,300,0.000000,0.000000
1480433329000,72.610001,72.250000,400,72.489998,300,0.000000,0.000000
1480433331000,72.610001,72.250000,400,72.489998,300,0.000000,0.000000
1480433333000,72.610001,72.250000,400,72.489998,300,0.000000,0.000000
1480433335000,72.610001,72.250000,400,72.489998,300,0.000000,0.000000
1480433338000,72.610001,72.250000,400,72.489998,300,0.000000,0.000000
1480433340000,72.610001,72.250000,400,72.489998,300,0.000000,0.000000
1480433342000,72.610001,72.250000,400,72.489998,300,0.000000,0.000000
1480433344000,72.610001,72.250000,400,72.489998,300,0.000000,0.000000
1480433346000,72.610001,72.250000,400,72.489998,300,0.000000,0.000000
1480433348000,72.610001,72.250000,400,72.489998,300,0.000000,0.000000
1480433350000,72.610001,72.250000,400,72.489998,300,0.000000,0.000000
1480433352000,72.610001,72.250000,400,72.489998,300,0.000000,0.000000
1480433354000,72.610001,72.250000,400,72.489998,300,0.000000,0.000000
1480433356000,72.610001,72.250000,400,72.489998,300,0.000000,0.000000
1480433358000,72.610001,72.250000,400,72.489998,300,0.000000,0.000000
1480433360000,72.610001,72.250000,400,72.489998,300,0.000000,0.000000
1480433362000,72.610001,72.250000,400,72.489998,300,0.000000,0.000000
1480433364000,72.610001,72.250000,400,72.489998,300,0.000000,0.000000
1480433366000,72.610001,72.250000,400,72.489998,300,0.000000,0.000000
1480433368000,72.610001,72.290001,500,72.650002,300,0.000000,0.000000
1480433371000,72.610001,72.290001,500,72.650002,300,0.000000,0.000000
1480433373000,72.610001,72.290001,500,72.650002,300,0.000000,0.000000
1480433375000,72.610001,72.290001,500,72.650002,300,0.000000,0.000000
1480433377000,72.610001,72.290001,500,72.650002,300,0.000000,0.000000
1480433379000,72.629997,72.290001,500,72.650002,300,0.000000,0.000000
1480433381000,72.629997,72.290001,500,72.650002,300,0.000000,0.000000
1480433383000,72.629997,72.290001,500,72.650002,300,0.000000,0.000000
1480433385000,72.629997,72.290001,500,72.650002,300,0.000000,0.000000
1480433387000,72.629997,72.290001,500,72.650002,300,0.000000,0.000000
1480433389000,72.629997,72.290001,500,72.650002,300,0.000000,0.000000
1480433391000,72.629997,72.290001,500,72.650002,300,0.000000,0.000000
1480433393000,72.629997,72.290001,500,72.650002,300,0.000000,0.000000
1480433395000,72.629997,72.290001,500,72.650002,300,0.000000,0.000000
1480433397000,72.629997,72.290001,500,72.650002,300,0.000000,0.000000
1480433399000,72.629997,72.290001,500,72.650002,300,0.000000,0.000000
1480433401000,72.629997,72.290001,500,72.650002,300,0.000000,0.000000
1480433403000,72.629997,72.290001,500,72.650002,300,0.000000,0.000000
1480433406000,72.629997,72.290001,500,72.650002,300,0.000000,0.000000
1480433408000,72.629997,72.290001,500,72.650002,300,0.000000,0.000000
1480433410000,72.629997,72.290001,500,72.650002,300,0.000000,0.000000
1480433412000,72.629997,72.290001,500,72.650002,300,0.000000,0.000000
1480433414000,72.629997,72.290001,500,72.650002,300,0.000000,0.000000
1480433416000,72.629997,72.290001,500,72.650002,300,0.000000,0.000000
1480433418000,72.629997,72.290001,500,72.650002,300,0.000000,0.000000
1480433420000,72.629997,72.290001,500,72.650002,300,0.000000,0.000000
1480433422000,72.629997,72.290001,500,72.650002,300,0.000000,0.000000
1480433424000,72.629997,72.290001,500,72.650002,300,0.000000,0.000000
1480433426000,72.629997,72.550003,400,72.889999,200,0.000000,0.000000
1480433428000,72.629997,72.550003,400,72.889999,200,0.000000,0.000000
1480433430000,72.629997,72.550003,400,72.889999,200,0.000000,0.000000
1480433432000,72.629997,72.550003,400,72.889999,200,0.000000,0.000000
1480433434000,72.629997,72.550003,400,72.889999,200,0.000000,0.000000
1480433436000,72.629997,72.550003,400,72.889999,200,0.000000,0.000000
1480433439000,72.629997,72.550003,400,72.889999,200,0.000000,0.000000
1480433441000,72.629997,72.550003,400,72.889999,200,0.000000,0.000000
1480433443000,72.853996,72.550003,400,72.889999,200,0.000000,0.000000
1480433445000,72.853996,72.550003,400,72.889999,200,0.000000,0.000000
1480433447000,72.853996,72.550003,400,72.889999,200,0.000000,0.000000
1480433449000,72.853996,72.550003,400,72.889999,200,0.000000,0.000000
1480433451000,72.853996,72.550003,400,72.889999,200,0.000000,0.000000
1480433453000,72.853996,72.550003,400,72.889999,200,0.000000,0.000000
1480433455000,72.853996,72.550003,400,72.889999,200,0.000000,0.000000
1480433457000,72.853996,72.550003,400,72.889999,200,0.000000,0.000000
1480433459000,72.853996,72.550003,400,72.889999,200,0.000000,0.000000
1480433461000,72.853996,72.550003,400,72.889999,200,0.000000,0.000000
1480433463000,72.853996,72.550003,400,72.889999,200,0.000000,0.000000
1480433465000,72.853996,72.550003,400,72.889999,200,0.000000,0.000000
1480433467000,72.853996,72.550003,400,72.889999,200,0.000000,0.000000
1480433469000,72.853996,72.550003,400,72.889999,200,0.000000,0.000000
1480433471000,72.853996,72.550003,400,72.889999,200,0.000000,0.000000
1480433473000,72.853996,72.550003,400,72.889999,200,0.000000,0.000000
1480433476000,72.853996,72.550003,400,72.889999,200,0.000000,0.000000
1480433478000,72.853996,72.550003,400,72.889999,200,0.000000,0.000000
1480433480000,72.853996,72.550003,400,72.889999,200,0.000000,0.000000
1480433482000,72.853996,72.550003,400,72.889999,200,0.000000,0.000000
1480433484000,72.853996,72.550003,400,72.889999,200,0.000000,0.000000
1480433486000,72.853996,72.430000,100,72.730003,100,0.000000,0.000000
1480433488000,72.853996,72.430000,100,72.730003,100,0.000000,0.000000
1480433490000,72.853996,72.430000,100,72.730003,100,0.000000,0.000000
1480433492000,72.853996,72.430000,100,72.730003,100,0.000000,0.000000
1480433494000,72.853996,72.430000,100,72.730003,100,0.000000,0.000000
1480433496000,72.853996,72.430000,100,72.730003,100,0.000000,0.000000
1480433498000,72.853996,72.430000,100,72.730003,100,0.000000,0.000000
1480433500000,72.853996,72.430000,100,72.730003,100,0.000000,0.000000
1480433502000,72.853996,72.430000,100,72.730003,100,0.000000,0.000000
1480433504000,72.853996,72.430000,100,72.730003,100,0.000000,0.000000
1480433506000,72.853996,72.430000,100,72.730003,100,0.000000,0.000000
1480433508000,72.853996,72.430000,100,72.730003,100,0.000000,0.000000
1480433510000,72.853996,72.430000,100,72.730003,100,0.000000,0.000000
1480433512000,72.853996,72.430000,100,72.730003,100,0.000000,0.000000
1480433515000,72.853996,72.430000,100,72.730003,100,0.000000,0.000000
1480433517000,72.853996,72.430000,100,72.730003,100,0.000000,0.000000
1480433519000,72.853996,72.430000,100,72.730003,100,0.000000,0.000000
1480433521000,72.853996,72.430000,100,72.730003,100,0.000000,0.000000
1480433523000,72.853996,72.430000,100,72.730003,100,0.000000,0.000000
1480433525000,72.853996,72.430000,100,72.730003,100,0.000000,0.000000
1480433527000,72.853996,72.430000,100,72.730003,100,0.000000,0.000000
1480433529000,72.853996,72.430000,100,72.730003,100,0.000000,0.000000
1480433531000,72.853996,72.430000,100,72.730003,100,0.000000,0.000000
1480433533000,72.853996,72.430000,100,72.730003,100,0.000000,0.000000
1480433535000,72.853996,72.430000,100,72.730003,100,0.000000,0.000000
1480433537000,72.853996,72.430000,100,72.730003,100,0.000000,0.000000
1480433539000,72.853996,72.430000,100,72.730003,100,0.000000,0.000000
1480433541000,72.853996,72.430000,100,72.730003,100,0.000000,0.000000
1480433543000,72.853996,72.430000,100,72.730003,100,0.000000,0.000000
1480433545000,72.853996,72.430000,100,72.730003,100,0.000000,0.000000
1480433547000,72.853996,72.430000,100,72.669998,100,0.000000,0.000000
1480433550000,72.853996,72.430000,100,72.669998,100,0.000000,0.000000
1480433552000,72.853996,72.430000,100,72.669998,100,0.000000,0.000000
1480433554000,72.853996,72.430000,100,72.669998,100,0.000000,0.000000
1480433556000,72.853996,72.430000,100,72.669998,100,0.000000,0.000000
1480433558000,72.853996,72.430000,100,72.669998,100,0.000000,0.000000
1480433560000,72.853996,72.430000,100,72.669998,100,0.000000,0.000000
1480433562000,72.853996,72.430000,100,72.669998,100,0.000000,0.000000
1480433564000,72.853996,72.430000,100,72.669998,100,0.000000,0.000000
1480433566000,72.853996,72.430000,100,72.669998,100,0.000000,0.000000
1480433568000,72.853996,72.430000,100,72.669998,100,0.000000,0.000000
1480433570000,72.853996,72.430000,100,72.669998,100,0.000000,0.000000
1480433572000,72.853996,72.430000,100,72.669998,100,0.000000,0.000000
1480433574000,72.853996,72.430000,100,72.669998,100,0.000000,0.000000
1480433576000,72.853996,72.430000,100,72.669998,100,0.000000,0.000000
1480433578000,72.853996,72.430000,100,72.669998,100,0.000000,0.000000
1480433580000,72.853996,72.430000,100,72.669998,100,0.000000,0.000000
1480433582000,72.853996,72.430000,100,72.669998,100,0.000000,0.000000
1480433584000,72.853996,72.430000,100,72.669998,100,0.000000,0.000000
1480433586000,72.853996,72.430000,100,72.669998,100,0.000000,0.000000
1480433589000,72.853996,72.430000,100,72.669998,100,0.000000,0.000000
1480433591000,72.853996,72.430000,100,72.669998,100,0.000000,0.000000
1480433593000,72.853996,72.430000,100,72.669998,100,0.000000,0.000000
1480433595000,72.853996,72.430000,100,72.669998,100,0.000000,0.000000
1480433597000,72.853996,72.430000,100,72.669998,100,0.000000,0.000000
1480433599000,72.853996,72.430000,100,72.669998,100,0.000000,0.000000
1480433601000,72.853996,72.430000,100,72.669998,100,0.000000,0.000000
1480433603000,72.853996,72.430000,100,72.669998,100,0.000000,0.000000
1480433605000,72.853996,72.430000,100,72.669998,100,0.000000,0.000000
1480433607000,72.853996,72.430000,200,72.760002,100,0.000000,0.000000
1480433609000,72.853996,72.430000,100,72.760002,100,0.000000,0.000000
1480433611000,72.853996,72.430000,100,72.760002,100,0.000000,0.000000
1480433613000,72.853996,72.430000,100,72.760002,100,0.000000,0.000000
1480433615000,72.853996,72.430000,100,72.760002,100,0.000000,0.000000
1480433617000,72.853996,72.430000,100,72.760002,100,0.000000,0.000000
1480433619000,72.853996,72.430000,100,72.760002,100,0.000000,0.000000
1480433621000,72.853996,72.430000,100,72.760002,100,0.000000,0.000000
1480433623000,72.853996,72.430000,100,72.760002,100,0.000000,0.000000
1480433626000,72.853996,72.430000,100,72.760002,100,0.000000,0.000000
1480433628000,72.853996,72.430000,100,72.760002,100,0.000000,0.000000
1480433630000,72.853996,72.430000,100,72.760002,100,0.000000,0.000000
1480433632000,72.853996,72.430000,100,72.760002,100,0.000000,0.000000
1480433634000,72.853996,72.430000,100,72.760002,100,0.000000,0.000000
1480433636000,72.853996,72.430000,100,72.760002,100,0.000000,0.000000
1480433638000,72.870003,72.430000,100,72.760002,100,0.000000,0.000000
1480433640000,72.870003,72.430000,100,72.760002,100,0.000000,0.000000
1480433642000,72.870003,72.430000,100,72.760002,100,0.000000,0.000000
1480433644000,72.870003,72.430000,100,72.760002,100,0.000000,0.000000
1480433646000,72.870003,72.430000,100,72.760002,100,0.000000,0.000000
1480433648000,72.870003,72.430000,100,72.760002,100,0.000000,0.000000
1480433650000,72.870003,72.430000,100,72.760002,100,0.000000,0.000000
1480433653000,72.870003,72.430000,100,72.760002,100,0.000000,0.000000
1480433655000,72.870003,72.430000,100,72.760002,100,0.000000,0.000000
1480433657000,72.870003,72.430000,100,72.760002,100,0.000000,0.000000
1480433659000,72.870003,72.430000,100,72.760002,100,0.000000,0.000000
1480433661000,72.870003,72.430000,100,72.760002,100,0.000000,0.000000
1480433664000,72.870003,72.430000,100,72.760002,100,0.000000,0.000000
1480433666000,72.870003,72.430000,100,72.760002,100,0.000000,0.000000
1480433668000,72.870003,72.440002,200,72.809998,200,0.000000,0.000000
1480433670000,72.870003,72.440002,200,72.809998,200,0.000000,0.000000
1480433672000,72.870003,72.440002,200,72.809998,200,0.000000,0.000000
1480433674000,72.870003,72.440002,200,72.809998,200,0.000000,0.000000
1480433676000,72.870003,72.440002,200,72.809998,200,0.000000,0.000000
1480433678000,72.870003,72.440002,200,72.809998,200,0.000000,0.000000
1480433680000,72.870003,72.440002,200,72.809998,200,0.000000,0.000000
1480433682000,72.870003,72.440002,200,72.809998,200,0.000000,0.000000
1480433684000,72.870003,72.440002,200,72.809998,200,0.000000,0.000000
1480433686000,72.870003,72.440002,200,72.809998,200,0.000000,0.000000
1480433688000,72.870003,72.440002,200,72.809998,200,0.000000,0.000000
1480433690000,72.870003,72.440002,200,72.809998,200,0.000000,0.000000
1480433692000,72.870003,72.440002,200,72.809998,200,0.000000,0.000000
1480433694000,72.870003,72.440002,200,72.809998,200,0.000000,0.000000
1480433696000,72.870003,72.440002,200,72.809998,200,0.000000,0.000000
1480433698000,72.870003,72.440002,200,72.809998,200,0.000000,0.000000
1480433701000,72.870003,72.440002,200,72.809998,200,0.000000,0.000000
1480433703000,72.870003,72.440002,200,72.809998,200,0.000000,0.000000
1480433705000,72.870003,72.440002,200,72.809998,200,0.000000,0.000000
1480433707000,72.870003,72.440002,200,72.809998,200,0.000000,0.000000
1480433709000,72.870003,72.440002,200,72.809998,200,0.000000,0.000000
1480433711000,72.870003,72.440002,200,72.809998,200,0.000000,0.000000
1480433713000,72.870003,72.440002,200,72.809998,200,0.000000,0.000000
1480433715000,72.870003,72.440002,200,72.809998,200,0.000000,0.000000
1480433717000,72.870003,72.440002,200,72.809998,200,0.000000,0.000000
1480433719000,72.870003,72.440002,200,72.809998,200,0.000000,0.000000
1480433721000,72.870003,72.440002,200,72.809998,200,0.000000,0.000000
1480433723000,72.870003,72.440002,200,72.809998,200,0.000000,0.000000
1480433725000,72.870003,72.440002,200,72.809998,200,0.000000,0.000000
1480433727000,72.870003,72.470001,200,72.750000,100,0.000000,0.000000
1480433729000,72.870003,72.470001,200,72.750000,100,0.000000,0.000000
1480433731000,72.870003,72.470001,200,72.750000,100,0.000000,0.000000
1480433734000,72.870003,72.470001,200,72.750000,100,0.000000,0.000000
1480433736000,72.870003,72.470001,200,72.750000,100,0.000000,0.000000
1480433738000,72.870003,72.470001,200,72.750000,100,0.000000,0.000000
1480433740000,72.870003,72.470001,200,72.750000,100,0.000000,0.000000
1480433742000,72.870003,72.470001,200,72.750000,100,0.000000,0.000000
1480433744000,72.870003,72.470001,200,72.750000,100,0.000000,0.000000
1480433746000,72.870003,72.470001,200,72.750000,100,0.000000,0.000000
1480433748000,72.870003,72.470001,200,72.750000,100,0.000000,0.000000
1480433750000,72.870003,72.470001,200,72.750000,100,0.000000,0.000000
1480433752000,72.870003,72.470001,200,72.750000,100,0.000000,0.000000
1480433754000,72.870003,72.470001,200,72.750000,100,0.000000,0.000000
1480433756000,72.870003,72.470001,200,72.750000,100,0.000000,0.000000
1480433758000,72.870003,72.470001,200,72.750000,100,0.000000,0.000000
1480433760000,72.870003,72.470001,200,72.750000,100,0.000000,0.000000
1480433762000,72.870003,72.470001,200,72.750000,100,0.000000,0.000000
1480433764000,72.870003,72.470001,200,72.750000,100,0.000000,0.000000
1480433767000,72.870003,72.470001,200,72.750000,100,0.000000,0.000000
1480433769000,72.870003,72.470001,200,72.750000,100,0.000000,0.000000
1480433771000,72.870003,72.470001,200,72.750000,100,0.000000,0.000000
1480433773000,72.870003,72.470001,200,72.750000,100,0.000000,0.000000
1480433775000,72.870003,72.470001,200,72.750000,100,0.000000,0.000000
1480433777000,72.870003,72.470001,200,72.750000,100,0.000000,0.000000
1480433779000,72.870003,72.470001,200,72.750000,100,0.000000,0.000000
1480433781000,72.870003,72.470001,200,72.750000,100,0.000000,0.000000
1480433783000,72.870003,72.470001,200,72.750000,100,0.000000,0.000000
1480433785000,72.870003,72.470001,200,72.750000,100,0.000000,0.000000
1480433787000,72.870003,72.470001,300,72.660004,100,0.000000,0.000000
1480433789000,72.870003,72.470001,200,72.660004,100,0.000000,0.000000
1480433791000,72.870003,72.470001,200,72.660004,100,0.000000,0.000000
1480433793000,72.870003,72.470001,200,72.660004,100,0.000000,0.000000
1480433795000,72.870003,72.470001,200,72.660004,100,0.000000,0.000000
1480433797000,72.870003,72.470001,200,72.660004,100,0.000000,0.000000
1480433799000,72.870003,72.470001,200,72.660004,100,0.000000,0.000000
1480433801000,72.870003,72.470001,200,72.660004,100,0.000000,0.000000
1480433804000,72.870003,72.470001,200,72.660004,100,0.000000,0.000000
1480433806000,72.870003,72.470001,200,72.660004,100,0.000000,0.000000
1480433808000,72.870003,72.470001,200,72.660004,100,0.000000,0.000000
1480433810000,72.870003,72.470001,200,72.660004,100,0.000000,0.000000
1480433812000,72.870003,72.470001,200,72.660004,100,0.000000,0.000000
1480433814000,72.870003,72.470001,200,72.660004,100,0.000000,0.000000
1480433816000,72.870003,72.470001,200,72.660004,100,0.000000,0.000000
1480433818000,72.870003,72.470001,200,72.660004,100,0.000000,0.000000
1480433820000,72.870003,72.470001,200,72.660004,100,0.000000,0.000000
1480433822000,72.870003,72.470001,200,72.660004,100,0.000000,0.000000
1480433824000,72.870003,72.470001,200,72.660004,100,0.000000,0.000000
1480433826000,72.870003,72.470001,200,72.660004,100,0.000000,0.000000
1480433828000,72.870003,72.470001,200,72.660004,100,0.000000,0.000000
1480433830000,72.870003,72.470001,200,72.660004,100,0.000000,0.000000
1480433832000,72.870003,72.470001,200,72.660004,100,0.000000,0.000000
1480433834000,72.870003,72.470001,200,72.660004,100,0.000000,0.000000
1480433836000,72.870003,72.470001,200,72.660004,100,0.000000,0.000000
1480433838000,72.870003,72.470001,200,72.660004,100,0.000000,0.000000
1480433841000,72.870003,72.470001,200,72.660004,100,0.000000,0.000000
1480433843000,72.870003,72.470001,200,72.660004,100,0.000000,0.000000
1480433845000,72.870003,72.470001,200,72.660004,100,0.000000,0.000000
1480433847000,72.870003,72.519997,200,72.739998,100,0.000000,0.000000
1480433849000,72.870003,72.519997,200,72.720001,100,0.000000,0.000000
1480433851000,72.870003,72.519997,200,72.720001,100,0.000000,0.000000
1480433853000,72.870003,72.519997,200,72.720001,100,0.000000,0.000000
1480433855000,72.720001,72.519997,200,72.720001,100,0.000000,0.000000
1480433857000,72.720001,72.519997,200,72.720001,100,0.000000,0.000000
1480433859000,72.720001,72.519997,200,72.720001,100,0.000000,0.000000
1480433861000,72.720001,72.519997,200,72.720001,100,0.000000,0.000000
1480433863000,72.720001,72.519997,200,72.720001,100,0.000000,0.000000
1480433865000,72.720001,72.519997,200,72.720001,100,0.000000,0.000000
1480433867000,72.720001,72.519997,200,72.720001,100,0.000000,0.000000
1480433869000,72.720001,72.519997,200,72.720001,100,0.000000,0.000000
1480433871000,72.720001,72.519997,200,72.720001,100,0.000000,0.000000
1480433873000,72.720001,72.519997,200,72.720001,100,0.000000,0.000000
1480433875000,72.720001,72.519997,200,72.720001,100,0.000000,0.000000
1480433878000,72.720001,72.519997,200,72.720001,100,0.000000,0.000000
1480433880000,72.720001,72.519997,200,72.720001,100,0.000000,0.000000
1480433882000,72.720001,72.519997,200,72.720001,100,0.000000,0.000000
1480433884000,72.720001,72.519997,200,72.720001,100,0.000000,0.000000
1480433886000,72.720001,72.519997,200,72.720001,100,0.000000,0.000000
1480433888000,72.720001,72.519997,200,72.720001,100,0.000000,0.000000
1480433890000,72.720001,72.519997,200,72.720001,100,0.000000,0.000000
1480433892000,72.720001,72.519997,200,72.720001,100,0.000000,0.000000
1480433894000,72.720001,72.519997,200,72.720001,100,0.000000,0.000000
1480433896000,72.720001,72.519997,200,72.720001,100,0.000000,0.000000
1480433898000,72.720001,72.519997,200,72.720001,100,0.000000,0.000000
1480433900000,72.720001,72.519997,200,72.720001,100,0.000000,0.000000
1480433902000,72.720001,72.519997,200,72.720001,100,0.000000,0.000000
1480433904000,72.720001,72.519997,200,72.720001,100,0.000000,0.000000
1480433906000,72.720001,72.519997,200,72.720001,100,0.000000,0.000000
1480433908000,72.720001,72.529999,200,72.680000,200,0.000000,0.000000
1480433910000,72.720001,72.529999,200,72.680000,200,0.000000,0.000000
1480433913000,72.720001,72.529999,200,72.680000,200,0.000000,0.000000
1480433915000,72.699997,72.529999,200,72.680000,200,0.000000,0.000000
1480433917000,72.699997,72.529999,200,72.680000,200,0.000000,0.000000
1480433919000,72.699997,72.529999,200,72.680000,200,0.000000,0.000000
1480433921000,72.699997,72.529999,200,72.680000,200,0.000000,0.000000
1480433923000,72.699997,72.529999,200,72.680000,200,0.000000,0.000000
1480433925000,72.699997,72.529999,200,72.680000,200,0.000000,0.000000
1480433927000,72.699997,72.529999,200,72.680000,200,0.000000,0.000000
1480433929000,72.699997,72.529999,200,72.680000,200,0.000000,0.000000
1480433931000,72.699997,72.529999,200,72.680000,200,0.000000,0.000000
1480433933000,72.699997,72.529999,200,72.680000,200,0.000000,0.000000
1480433935000,72.699997,72.529999,200,72.680000,200,0.000000,0.000000
1480433937000,72.699997,72.529999,200,72.680000,200,0.000000,0.000000
1480433939000,72.699997,72.529999,200,72.680000,200,0.000000,0.000000
1480433941000,72.699997,72.529999,200,72.680000,200,0.000000,0.000000
1480433943000,72.699997,72.529999,200,72.680000,200,0.000000,0.000000
1480433945000,72.699997,72.529999,200,72.680000,200,0.000000,0.000000
1480433948000,72.699997,72.529999,200,72.680000,200,0.000000,0.000000
1480433950000,72.699997,72.529999,200,72.680000,200,0.000000,0.000000
1480433952000,72.699997,72.529999,200,72.680000,200,0.000000,0.000000
1480433954000,72.699997,72.529999,200,72.680000,200,0.000000,0.000000
1480433956000,72.699997,72.529999,200,72.680000,200,0.000000,0.000000
1480433958000,72.699997,72.529999,200,72.680000,200,0.000000,0.000000
1480433960000,72.629997,72.529999,200,72.680000,200,0.000000,0.000000
1480433962000,72.629997,72.529999,200,72.680000,200,0.000000,0.000000
1480433964000,72.620003,72.529999,200,72.680000,200,0.000000,0.000000
1480433966000,72.620003,72.540001,100,72.669998,100,0.000000,0.000000
1480433968000,72.620003,72.540001,100,72.669998,100,0.000000,0.000000
1480433970000,72.620003,72.540001,100,72.669998,100,0.000000,0.000000
1480433972000,72.620003,72.540001,100,72.669998,100,0.000000,0.000000
1480433974000,72.620003,72.540001,100,72.669998,100,0.000000,0.000000
1480433976000,72.620003,72.540001,100,72.669998,100,0.000000,0.000000
1480433978000,72.620003,72.540001,100,72.669998,100,0.000000,0.000000
1480433980000,72.620003,72.540001,100,72.669998,100,0.000000,0.000000
1480433982000,72.620003,72.540001,100,72.669998,100,0.000000,0.000000
1480433984000,72.620003,72.540001,100,72.669998,100,0.000000,0.000000
1480433987000,72.620003,72.540001,100,72.669998,100,0.000000,0.000000
1480433989000,72.620003,72.540001,100,72.669998,100,0.000000,0.000000
1480433991000,72.620003,72.540001,100,72.669998,100,0.000000,0.000000
1480433993000,72.620003,72.540001,100,72.669998,100,0.000000,0.000000
1480433995000,72.620003,72.540001,100,72.669998,100,0.000000,0.000000
1480433997000,72.620003,72.540001,100,72.669998,100,0.000000,0.000000
1480433999000,72.620003,72.540001,100,72.669998,100,0.000000,0.000000
1480434001000,72.620003,72.540001,100,72.669998,100,0.000000,0.000000
1480434003000,72.620003,72.540001,100,72.669998,100,0.000000,0.000000
1480434005000,72.620003,72.540001,100,72.669998,100,0.000000,0.000000
1480434007000,72.620003,72.540001,100,72.669998,100,0.000000,0.000000
1480434009000,72.620003,72.540001,100,72.669998,100,0.000000,0.000000
1480434011000,72.620003,72.540001,100,72.669998,100,0.000000,0.000000
1480434013000,72.620003,72.540001,100,72.669998,100,0.000000,0.000000
1480434015000,72.620003,72.540001,100,72.669998,100,0.000000,0.000000
1480434017000,72.620003,72.540001,100,72.669998,100,0.000000,0.000000
1480434019000,72.620003,72.540001,100,72.669998,100,0.000000,0.000000
1480434022000,72.620003,72.540001,100,72.669998,100,0.000000,0.000000
1480434024000,72.620003,72.540001,100,72.669998,100,0.000000,0.000000
1480434026000,72.620003,72.540001,100,72.669998,100,0.000000,0.000000
1480434028000,72.620003,72.540001,200,72.669998,100,0.000000,0.000000
1480434030000,72.620003,72.540001,200,72.669998,100,0.000000,0.000000
1480434032000,72.620003,72.540001,200,72.669998,100,0.000000,0.000000
1480434034000,72.620003,72.540001,200,72.669998,100,0.000000,0.000000
1480434036000,72.620003,72.540001,200,72.669998,100,0.000000,0.000000
1480434038000,72.620003,72.540001,200,72.669998,100,0.000000,0.000000
1480434040000,72.620003,72.540001,200,72.669998,100,0.000000,0.000000
1480434042000,72.620003,72.540001,200,72.669998,100,0.000000,0.000000
1480434044000,72.620003,72.540001,200,72.669998,100,0.000000,0.000000
1480434046000,72.620003,72.540001,200,72.669998,100,0.000000,0.000000
1480434048000,72.620003,72.540001,200,72.669998,100,0.000000,0.000000
1480434050000,72.620003,72.540001,200,72.669998,100,0.000000,0.000000
1480434052000,72.620003,72.540001,200,72.669998,100,0.000000,0.000000
1480434054000,72.620003,72.540001,200,72.669998,100,0.000000,0.000000
1480434057000,72.620003,72.540001,200,72.669998,100,0.000000,0.000000
1480434059000,72.620003,72.540001,200,72.669998,100,0.000000,0.000000
1480434061000,72.620003,72.540001,200,72.669998,100,0.000000,0.000000
1480434063000,72.620003,72.540001,200,72.669998,100,0.000000,0.000000
1480434065000,72.620003,72.540001,200,72.669998,100,0.000000,0.000000
1480434067000,72.620003,72.540001,200,72.669998,100,0.000000,0.000000
1480434069000,72.620003,72.540001,200,72.669998,100,0.000000,0.000000
1480434071000,72.620003,72.540001,200,72.669998,100,0.000000,0.000000
1480434073000,72.620003,72.540001,200,72.669998,100,0.000000,0.000000
1480434075000,72.620003,72.540001,200,72.669998,100,0.000000,0.000000
1480434077000,72.620003,72.540001,200,72.669998,100,0.000000,0.000000
1480434079000,72.620003,72.540001,200,72.669998,100,0.000000,0.000000
1480434081000,72.620003,72.540001,200,72.669998,100,0.000000,0.000000
1480434083000,72.760002,72.540001,200,72.669998,100,0.000000,0.000000
1480434085000,72.760002,72.540001,200,72.669998,100,0.000000,0.000000
1480434087000,72.760002,72.540001,200,72.669998,100,0.000000,0.000000
1480434089000,72.760002,72.540001,200,72.669998,100,0.000000,0.000000
1480434091000,72.760002,72.540001,200,72.669998,100,0.000000,0.000000
1480434093000,72.760002,72.540001,200,72.669998,100,0.000000,0.000000
1480434096000,72.760002,72.540001,200,72.669998,100,0.000000,0.000000
1480434098000,72.760002,72.540001,200,72.669998,100,0.000000,0.000000
1480434100000,72.760002,72.540001,200,72.669998,100,0.000000,0.000000
1480434102000,72.760002,72.540001,200,72.669998,100,0.000000,0.000000
1480434104000,72.760002,72.540001,200,72.669998,100,0.000000,0.000000
1480434106000,72.760002,72.540001,200,72.669998,100,0.000000,0.000000
1480434108000,72.760002,72.540001,200,72.669998,100,0.000000,0.000000
1480434110000,72.760002,72.540001,200,72.669998,100,0.000000,0.000000
1480434112000,72.760002,72.540001,200,72.669998,100,0.000000,0.000000
1480434114000,72.760002,72.540001,200,72.669998,100,0.000000,0.000000
1480434116000,72.760002,72.540001,200,72.669998,100,0.000000,0.000000
1480434118000,72.760002,72.540001,200,72.669998,100,0.000000,0.000000
1480434120000,72.760002,72.540001,200,72.669998,100,0.000000,0.000000
1480434122000,72.760002,72.540001,200,72.669998,100,0.000000,0.000000
1480434124000,72.760002,72.540001,200,72.669998,100,0.000000,0.000000
1480434126000,72.760002,72.540001,200,72.669998,100,0.000000,0.000000
1480434128000,72.760002,72.540001,200,72.669998,100,0.000000,0.000000
1480434130000,72.760002,72.540001,200,72.669998,100,0.000000,0.000000
1480434132000,72.760002,72.540001,200,72.669998,100,0.000000,0.000000
1480434135000,72.760002,72.540001,200,72.669998,100,0.000000,0.000000
1480434137000,72.760002,72.540001,200,72.669998,100,0.000000,0.000000
1480434139000,72.760002,72.540001,200,72.669998,100,0.000000,0.000000
1480434141000,72.760002,72.540001,200,72.669998,100,0.000000,0.000000
1480434143000,72.760002,72.540001,200,72.669998,100,0.000000,0.000000
1480434145000,72.760002,72.540001,200,72.669998,100,0.000000,0.000000
1480434147000,72.760002,72.500000,100,72.629997,100,0.000000,0.000000
1480434149000,72.760002,72.500000,100,72.629997,100,0.000000,0.000000
1480434151000,72.760002,72.500000,100,72.629997,100,0.000000,0.000000
1480434153000,72.760002,72.500000,100,72.629997,100,0.000000,0.000000
1480434155000,72.760002,72.500000,100,72.629997,100,0.000000,0.000000
1480434157000,72.760002,72.500000,100,72.629997,100,0.000000,0.000000
1480434159000,72.760002,72.500000,100,72.629997,100,0.000000,0.000000
1480434161000,72.760002,72.500000,100,72.629997,100,0.000000,0.000000
1480434163000,72.760002,72.500000,100,72.629997,100,0.000000,0.000000
1480434165000,72.760002,72.500000,100,72.629997,100,0.000000,0.000000
1480434167000,72.760002,72.500000,100,72.629997,100,0.000000,0.000000
1480434169000,72.760002,72.500000,100,72.629997,100,0.000000,0.000000
1480434171000,72.760002,72.500000,100,72.629997,100,0.000000,0.000000
1480434174000,72.933296,72.500000,100,72.629997,100,0.000000,0.000000
1480434176000,72.769997,72.500000,100,72.629997,100,0.000000,0.000000
1480434178000,72.769997,72.500000,100,72.629997,100,0.000000,0.000000
1480434180000,72.769997,72.500000,100,72.629997,100,0.000000,0.000000
1480434182000,72.769997,72.500000,100,72.629997,100,0.000000,0.000000
1480434184000,72.769997,72.500000,100,72.629997,100,0.000000,0.000000
1480434186000,72.769997,72.500000,100,72.629997,100,0.000000,0.000000
1480434188000,72.769997,72.500000,100,72.629997,100,0.000000,0.000000
1480434190000,72.769997,72.500000,100,72.629997,100,0.000000,0.000000
1480434192000,72.769997,72.500000,100,72.629997,100,0.000000,0.000000
1480434194000,72.769997,72.500000,100,72.629997,100,0.000000,0.000000
1480434196000,72.769997,72.500000,100,72.629997,100,0.000000,0.000000
1480434198000,72.769997,72.500000,100,72.629997,100,0.000000,0.000000
1480434200000,72.769997,72.500000,100,72.629997,100,0.000000,0.000000
1480434202000,72.769997,72.500000,100,72.629997,100,0.000000,0.000000
1480434204000,72.769997,72.500000,100,72.629997,100,0.000000,0.000000
1480434206000,72.857498,72.519997,100,72.889999,200,0.000000,0.000000
1480434208000,72.857498,72.519997,100,72.889999,200,0.000000,0.000000
1480434210000,72.857498,72.519997,100,72.889999,200,0.000000,0.000000
1480434213000,72.857498,72.519997,100,72.889999,200,0.000000,0.000000
1480434215000,72.857498,72.519997,100,72.889999,200,0.000000,0.000000
1480434217000,72.857498,72.519997,100,72.889999,200,0.000000,0.000000
1480434219000,72.857498,72.519997,100,72.889999,200,0.000000,0.000000
1480434221000,72.857498,72.519997,100,72.889999,200,0.000000,0.000000
1480434223000,72.857498,72.519997,100,72.889999,200,0.000000,0.000000
1480434225000,72.857498,72.519997,100,72.889999,200,0.000000,0.000000
1480434227000,72.857498,72.519997,100,72.889999,200,0.000000,0.000000
1480434229000,72.857498,72.519997,100,72.889999,200,0.000000,0.000000
1480434231000,72.857498,72.519997,100,72.889999,200,0.000000,0.000000
1480434233000,72.857498,72.519997,100,72.889999,200,0.000000,0.000000
1480434235000,72.857498,72.519997,100,72.889999,200,0.000000,0.000000
1480434237000,72.857498,72.519997,100,72.889999,200,0.000000,0.000000
1480434239000,72.857498,72.519997,100,72.889999,200,0.000000,0.000000
1480434241000,72.857498,72.519997,100,72.889999,200,0.000000,0.000000
1480434243000,72.857498,72.519997,100,72.889999,200,0.000000,0.000000
1480434245000,72.857498,72.519997,100,72.889999,200,0.000000,0.000000
1480434247000,72.857498,72.519997,100,72.889999,200,0.000000,0.000000
1480434249000,72.857498,72.519997,100,72.889999,200,0.000000,0.000000
1480434252000,72.857498,72.519997,100,72.889999,200,0.000000,0.000000
1480434254000,72.857498,72.519997,100,72.889999,200,0.000000,0.000000
1480434256000,72.857498,72.519997,100,72.889999,200,0.000000,0.000000
1480434258000,72.857498,72.519997,100,72.889999,200,0.000000,0.000000
1480434260000,72.857498,72.519997,100,72.889999,200,0.000000,0.000000
1480434262000,72.857498,72.519997,100,72.889999,200,0.000000,0.000000
1480434264000,72.857498,72.519997,100,72.889999,200,0.000000,0.000000
1480434266000,72.857498,72.519997,100,72.889999,200,0.000000,0.000000
1480434268000,72.857498,72.529999,100,72.629997,100,0.000000,0.000000
1480434271000,72.857498,72.529999,100,72.629997,100,0.000000,0.000000
1480434273000,72.857498,72.529999,100,72.629997,100,0.000000,0.000000
1480434275000,72.857498,72.529999,100,72.629997,100,0.000000,0.000000
1480434277000,72.857498,72.529999,100,72.629997,100,0.000000,0.000000
1480434279000,72.857498,72.529999,100,72.629997,100,0.000000,0.000000
1480434281000,72.857498,72.529999,100,72.629997,100,0.000000,0.000000
1480434283000,72.779999,72.529999,100,72.629997,100,0.000000,0.000000
1480434285000,72.779999,72.529999,100,72.629997,100,0.000000,0.000000
1480434287000,72.779999,72.529999,100,72.629997,100,0.000000,0.000000
1480434289000,72.779999,72.529999,100,72.629997,100,0.000000,0.000000
1480434291000,72.779999,72.529999,100,72.629997,100,0.000000,0.000000
1480434293000,72.779999,72.529999,100,72.629997,100,0.000000,0.000000
1480434295000,72.779999,72.529999,100,72.629997,100,0.000000,0.000000
1480434297000,72.779999,72.529999,100,72.629997,100,0.000000,0.000000
1480434299000,72.779999,72.529999,100,72.629997,100,0.000000,0.000000
1480434301000,72.779999,72.529999,100,72.629997,100,0.000000,0.000000
1480434303000,72.779999,72.529999,100,72.629997,100,0.000000,0.000000
1480434305000,72.779999,72.529999,100,72.629997,100,0.000000,0.000000
1480434308000,72.779999,72.529999,100,72.629997,100,0.000000,0.000000
1480434310000,72.779999,72.529999,100,72.629997,100,0.000000,0.000000
1480434312000,72.779999,72.529999,100,72.629997,100,0.000000,0.000000
1480434314000,72.779999,72.529999,100,72.629997,100,0.000000,0.000000
1480434316000,72.779999,72.529999,100,72.629997,100,0.000000,0.000000
1480434318000,72.779999,72.529999,100,72.629997,100,0.000000,0.000000
1480434320000,72.779999,72.529999,100,72.629997,100,0.000000,0.000000
1480434322000,72.779999,72.529999,100,72.629997,100,0.000000,0.000000
1480434324000,72.779999,72.529999,100,72.629997,100,0.000000,0.000000
1480434326000,72.779999,72.580002,200,72.820000,100,0.000000,0.000000
1480434328000,72.779999,72.580002,200,72.820000,100,0.000000,0.000000
1480434330000,72.779999,72.580002,200,72.820000,100,0.000000,0.000000
1480434332000,72.779999,72.580002,200,72.820000,100,0.000000,0.000000
1480434334000,72.779999,72.580002,200,72.820000,100,0.000000,0.000000
1480434336000,72.779999,72.580002,200,72.820000,100,0.000000,0.000000
1480434338000,72.779999,72.580002,200,72.820000,100,0.000000,0.000000
1480434340000,72.779999,72.580002,200,72.820000,100,0.000000,0.000000
1480434342000,72.779999,72.580002,200,72.820000,100,0.000000,0.000000
1480434345000,72.779999,72.580002,200,72.820000,100,0.000000,0.000000
1480434347000,72.779999,72.580002,200,72.820000,100,0.000000,0.000000
1480434349000,72.779999,72.580002,200,72.820000,100,0.000000,0.000000
1480434351000,72.779999,72.580002,200,72.820000,100,0.000000,0.000000
1480434353000,72.779999,72.580002,200,72.820000,100,0.000000,0.000000
1480434355000,72.779999,72.580002,200,72.820000,100,0.000000,0.000000
1480434357000,72.779999,72.580002,200,72.820000,100,0.000000,0.000000
1480434359000,72.779999,72.580002,200,72.820000,100,0.000000,0.000000
1480434361000,72.779999,72.580002,200,72.820000,100,0.000000,0.000000
1480434363000,72.779999,72.580002,200,72.820000,100,0.000000,0.000000
1480434365000,72.779999,72.580002,200,72.820000,100,0.000000,0.000000
1480434367000,72.779999,72.580002,200,72.820000,100,0.000000,0.000000
1480434369000,72.779999,72.580002,200,72.820000,100,0.000000,0.000000
1480434371000,72.779999,72.580002,200,72.820000,100,0.000000,0.000000
1480434373000,72.779999,72.580002,200,72.820000,100,0.000000,0.000000
1480434375000,72.779999,72.580002,200,72.820000,100,0.000000,0.000000
1480434377000,72.779999,72.580002,200,72.820000,100,0.000000,0.000000
1480434379000,72.779999,72.580002,200,72.820000,100,0.000000,0.000000
1480434381000,72.779999,72.580002,200,72.820000,100,0.000000,0.000000
1480434384000,72.779999,72.580002,200,72.820000,100,0.000000,0.000000
1480434386000,72.779999,72.580002,200,72.820000,100,0.000000,0.000000
1480434388000,72.779999,72.680000,200,72.919998,100,0.000000,0.000000
1480434390000,72.779999,72.680000,200,72.919998,100,0.000000,0.000000
1480434392000,72.779999,72.680000,200,72.919998,100,0.000000,0.000000
1480434394000,72.779999,72.680000,200,72.919998,100,0.000000,0.000000
1480434396000,72.779999,72.680000,200,72.919998,100,0.000000,0.000000
1480434398000,72.779999,72.680000,200,72.919998,100,0.000000,0.000000
1480434400000,72.779999,72.680000,200,72.919998,100,0.000000,0.000000
1480434402000,72.779999,72.680000,200,72.919998,100,0.000000,0.000000
1480434404000,72.779999,72.680000,200,72.919998,100,0.000000,0.000000
1480434406000,72.779999,72.680000,200,72.919998,100,0.000000,0.000000
1480434408000,72.779999,72.680000,200,72.919998,100,0.000000,0.000000
1480434410000,72.779999,72.680000,200,72.919998,100,0.000000,0.000000
1480434412000,72.779999,72.680000,200,72.919998,100,0.000000,0.000000
1480434414000,72.779999,72.680000,200,72.919998,100,0.000000,0.000000
1480434416000,72.779999,72.680000,200,72.919998,100,0.000000,0.000000
1480434418000,72.779999,72.680000,200,72.919998,100,0.000000,0.000000
1480434420000,72.779999,72.680000,200,72.919998,100,0.000000,0.000000
1480434423000,72.779999,72.680000,200,72.919998,100,0.000000,0.000000
1480434425000,72.779999,72.680000,200,72.919998,100,0.000000,0.000000
1480434427000,72.779999,72.680000,200,72.919998,100,0.000000,0.000000
1480434429000,72.779999,72.680000,200,72.919998,100,0.000000,0.000000
1480434431000,72.952003,72.680000,200,72.919998,100,0.000000,0.000000
1480434433000,72.952003,72.680000,200,72.919998,100,0.000000,0.000000
1480434435000,72.952003,72.680000,200,72.919998,100,0.000000,0.000000
1480434437000,72.952003,72.680000,200,72.919998,100,0.000000,0.000000
1480434439000,72.952003,72.680000,200,72.919998,100,0.000000,0.000000
1480434441000,72.952003,72.680000,200,72.919998,100,0.000000,0.000000
1480434443000,72.952003,72.680000,200,72.919998,100,0.000000,0.000000
1480434445000,72.952003,72.680000,200,72.919998,100,0.000000,0.000000
1480434447000,72.952003,72.680000,100,72.919998,200,0.000000,0.000000
1480434449000,72.952003,72.680000,100,72.919998,200,0.000000,0.000000
1480434451000,72.952003,72.680000,100,72.919998,200,0.000000,0.000000
1480434453000,72.952003,72.680000,100,72.919998,200,0.000000,0.000000
1480434455000,72.952003,72.680000,100,72.919998,200,0.000000,0.000000
1480434457000,72.952003,72.680000,100,72.919998,200,0.000000,0.000000
1480434459000,72.952003,72.680000,100,72.919998,200,0.000000,0.000000
1480434462000,72.952003,72.680000,100,72.919998,200,0.000000,0.000000
1480434464000,72.952003,72.680000,100,72.919998,200,0.000000,0.000000
1480434466000,72.952003,72.680000,100,72.919998,200,0.000000,0.000000
1480434468000,72.952003,72.680000,100,72.919998,200,0.000000,0.000000
1480434470000,72.952003,72.680000,100,72.919998,200,0.000000,0.000000
1480434472000,72.952003,72.680000,100,72.919998,200,0.000000,0.000000
1480434474000,72.952003,72.680000,100,72.919998,200,0.000000,0.000000
1480434476000,72.952003,72.680000,100,72.919998,200,0.000000,0.000000
1480434478000,72.952003,72.680000,100,72.919998,200,0.000000,0.000000
1480434480000,72.952003,72.680000,100,72.919998,200,0.000000,0.000000
1480434482000,72.952003,72.680000,100,72.919998,200,0.000000,0.000000
1480434484000,72.952003,72.680000,100,72.919998,200,0.000000,0.000000
1480434486000,72.952003,72.680000,100,72.919998,200,0.000000,0.000000
1480434488000,72.952003,72.680000,100,72.919998,200,0.000000,0.000000
1480434490000,72.952003,72.680000,100,72.919998,200,0.000000,0.000000
1480434492000,72.952003,72.680000,100,72.919998,200,0.000000,0.000000
1480434494000,72.952003,72.680000,100,72.919998,200,0.000000,0.000000
1480434496000,72.952003,72.680000,100,72.919998,200,0.000000,0.000000
1480434499000,72.952003,72.680000,100,72.919998,200,0.000000,0.000000
1480434501000,72.952003,72.680000,100,72.919998,200,0.000000,0.000000
1480434503000,72.952003,72.680000,100,72.919998,200,0.000000,0.000000
1480434505000,72.952003,72.680000,100,72.919998,200,0.000000,0.000000
1480434507000,72.952003,72.680000,100,72.870003,100,0.000000,0.000000
1480434509000,72.952003,72.680000,100,72.870003,100,0.000000,0.000000
1480434511000,72.952003,72.680000,100,72.870003,100,0.000000,0.000000
1480434513000,72.952003,72.680000,100,72.870003,100,0.000000,0.000000
1480434515000,72.952003,72.680000,100,72.870003,100,0.000000,0.000000
1480434517000,72.952003,72.680000,100,72.870003,100,0.000000,0.000000
1480434519000,72.952003,72.680000,100,72.870003,100,0.000000,0.000000
1480434521000,72.952003,72.680000,100,72.870003,100,0.000000,0.000000
1480434523000,72.952003,72.680000,100,72.870003,100,0.000000,0.000000
1480434525000,72.952003,72.680000,100,72.870003,100,0.000000,0.000000
1480434527000,72.952003,72.680000,100,72.870003,100,0.000000,0.000000
1480434529000,72.952003,72.680000,100,72.870003,100,0.000000,0.000000
1480434531000,72.952003,72.680000,100,72.870003,100,0.000000,0.000000
1480434533000,72.952003,72.680000,100,72.870003,100,0.000000,0.000000
1480434535000,72.952003,72.680000,100,72.870003,100,0.000000,0.000000
1480434537000,72.952003,72.680000,100,72.870003,100,0.000000,0.000000
1480434540000,72.952003,72.680000,100,72.870003,100,0.000000,0.000000
1480434542000,72.952003,72.680000,100,72.870003,100,0.000000,0.000000
1480434544000,72.952003,72.680000,100,72.870003,100,0.000000,0.000000
1480434546000,72.952003,72.680000,100,72.870003,100,0.000000,0.000000
1480434548000,72.952003,72.680000,100,72.870003,100,0.000000,0.000000
1480434550000,72.952003,72.680000,100,72.870003,100,0.000000,0.000000
1480434552000,72.952003,72.680000,100,72.870003,100,0.000000,0.000000
1480434554000,72.952003,72.680000,100,72.870003,100,0.000000,0.000000
1480434556000,72.952003,72.680000,100,72.870003,100,0.000000,0.000000
1480434558000,72.952003,72.680000,100,72.870003,100,0.000000,0.000000
1480434560000,72.952003,72.680000,100,72.870003,100,0.000000,0.000000
1480434562000,72.952003,72.680000,100,72.870003,100,0.000000,0.000000
1480434564000,72.952003,72.680000,100,72.870003,100,0.000000,0.000000
1480434566000,72.952003,72.690002,200,72.889999,100,0.000000,0.000000
1480434568000,72.952003,72.690002,200,72.889999,100,0.000000,0.000000
1480434570000,72.952003,72.690002,200,72.889999,100,0.000000,0.000000
1480434572000,72.952003,72.690002,200,72.889999,100,0.000000,0.000000
1480434575000,72.952003,72.690002,200,72.889999,100,0.000000,0.000000
1480434577000,72.952003,72.690002,200,72.889999,100,0.000000,0.000000
1480434579000,72.952003,72.690002,200,72.889999,100,0.000000,0.000000
1480434581000,72.952003,72.690002,200,72.889999,100,0.000000,0.000000
1480434583000,72.952003,72.690002,200,72.889999,100,0.000000,0.000000
1480434585000,72.952003,72.690002,200,72.889999,100,0.000000,0.000000
1480434587000,72.952003,72.690002,200,72.889999,100,0.000000,0.000000
1480434589000,72.952003,72.690002,200,72.889999,100,0.000000,0.000000
1480434591000,72.952003,72.690002,200,72.889999,100,0.000000,0.000000
1480434593000,72.952003,72.690002,200,72.889999,100,0.000000,0.000000
1480434595000,72.952003,72.690002,200,72.889999,100,0.000000,0.000000
1480434597000,72.952003,72.690002,200,72.889999,100,0.000000,0.000000
1480434599000,72.952003,72.690002,200,72.889999,100,0.000000,0.000000
1480434601000,72.952003,72.690002,200,72.889999,100,0.000000,0.000000
1480434603000,72.952003,72.690002,200,72.889999,100,0.000000,0.000000
1480434605000,72.952003,72.690002,200,72.889999,100,0.000000,0.000000
1480434607000,72.952003,72.690002,200,72.889999,100,0.000000,0.000000
1480434609000,72.952003,72.690002,200,72.889999,100,0.000000,0.000000
1480434611000,72.952003,72.690002,200,72.889999,100,0.000000,0.000000
1480434613000,72.952003,72.690002,200,72.889999,100,0.000000,0.000000
1480434615000,72.952003,72.690002,200,72.889999,100,0.000000,0.000000
1480434618000,72.952003,72.690002,200,72.889999,100,0.000000,0.000000
1480434620000,72.952003,72.690002,200,72.889999,100,0.000000,0.000000
1480434622000,72.952003,72.690002,200,72.889999,100,0.000000,0.000000
1480434624000,72.952003,72.690002,200,72.889999,100,0.000000,0.000000
1480434626000,72.952003,72.690002,200,72.889999,100,0.000000,0.000000
1480434628000,72.952003,72.699997,100,72.870003,100,0.000000,0.000000
1480434630000,72.952003,72.699997,100,72.870003,100,0.000000,0.000000
1480434632000,72.952003,72.699997,100,72.870003,100,0.000000,0.000000
1480434634000,72.952003,72.699997,100,72.870003,100,0.000000,0.000000
1480434636000,72.952003,72.699997,100,72.870003,100,0.000000,0.000000
1480434638000,72.952003,72.699997,100,72.870003,100,0.000000,0.000000
1480434640000,72.952003,72.699997,100,72.870003,100,0.000000,0.000000
1480434642000,72.952003,72.699997,100,72.870003,100,0.000000,0.000000
1480434644000,72.952003,72.699997,100,72.870003,100,0.000000,0.000000
1480434646000,72.952003,72.699997,100,72.870003,100,0.000000,0.000000
1480434648000,72.952003,72.699997,100,72.870003,100,0.000000,0.000000
1480434650000,72.952003,72.699997,100,72.870003,100,0.000000,0.000000
1480434652000,72.952003,72.699997,100,72.870003,100,0.000000,0.000000
1480434655000,72.952003,72.699997,100,72.870003,100,0.000000,0.000000
1480434657000,72.952003,72.699997,100,72.870003,100,0.000000,0.000000
1480434659000,72.952003,72.699997,100,72.870003,100,0.000000,0.000000
1480434661000,72.952003,72.699997,100,72.870003,100,0.000000,0.000000
1480434663000,72.952003,72.699997,100,72.870003,100,0.000000,0.000000
1480434665000,72.952003,72.699997,100,72.870003,100,0.000000,0.000000
1480434667000,72.952003,72.699997,100,72.870003,100,0.000000,0.000000
1480434669000,72.952003,72.699997,100,72.870003,100,0.000000,0.000000
1480434671000,72.952003,72.699997,100,72.870003,100,0.000000,0.000000
1480434673000,72.952003,72.699997,100,72.870003,100,0.000000,0.000000
1480434675000,72.952003,72.699997,100,72.870003,100,0.000000,0.000000
1480434677000,72.952003,72.699997,100,72.870003,100,0.000000,0.000000
1480434679000,72.952003,72.699997,100,72.870003,100,0.000000,0.000000
1480434681000,72.952003,72.699997,100,72.870003,100,0.000000,0.000000
1480434683000,72.952003,72.699997,100,72.870003,100,0.000000,0.000000
1480434685000,72.952003,72.699997,100,72.870003,100,0.000000,0.000000
1480434687000,72.952003,72.699997,100,72.839996,100,0.000000,0.000000
1480434689000,72.952003,72.699997,100,72.839996,100,0.000000,0.000000
1480434691000,72.952003,72.699997,100,72.839996,100,0.000000,0.000000
1480434693000,72.952003,72.699997,100,72.839996,100,0.000000,0.000000
1480434696000,72.952003,72.699997,100,72.839996,100,0.000000,0.000000
1480434698000,72.952003,72.699997,100,72.839996,100,0.000000,0.000000
1480434700000,72.952003,72.699997,100,72.839996,100,0.000000,0.000000
1480434702000,72.952003,72.699997,100,72.839996,100,0.000000,0.000000
1480434704000,72.952003,72.699997,100,72.839996,100,0.000000,0.000000
1480434706000,72.952003,72.699997,100,72.839996,100,0.000000,0.000000
1480434708000,72.952003,72.699997,100,72.839996,100,0.000000,0.000000
1480434710000,72.952003,72.699997,100,72.839996,100,0.000000,0.000000
1480434712000,72.952003,72.699997,100,72.839996,100,0.000000,0.000000
1480434714000,72.952003,72.699997,100,72.839996,100,0.000000,0.000000
1480434716000,72.952003,72.699997,100,72.839996,100,0.000000,0.000000
1480434718000,72.952003,72.699997,100,72.839996,100,0.000000,0.000000
1480434720000,72.952003,72.699997,100,72.839996,100,0.000000,0.000000
1480434722000,72.952003,72.699997,100,72.839996,100,0.000000,0.000000
1480434724000,72.952003,72.699997,100,72.839996,100,0.000000,0.000000
1480434726000,72.952003,72.699997,100,72.839996,100,0.000000,0.000000
1480434728000,72.952003,72.699997,100,72.839996,100,0.000000,0.000000
1480434730000,72.952003,72.699997,100,72.839996,100,0.000000,0.000000
1480434732000,72.952003,72.699997,100,72.839996,100,0.000000,0.000000
1480434734000,72.952003,72.699997,100,72.839996,100,0.000000,0.000000
1480434737000,72.952003,72.699997,100,72.839996,100,0.000000,0.000000
1480434739000,72.952003,72.699997,100,72.839996,100,0.000000,0.000000
1480434741000,72.952003,72.699997,100,72.839996,100,0.000000,0.000000
1480434743000,72.952003,72.699997,100,72.839996,100,0.000000,0.000000
1480434745000,72.952003,72.699997,100,72.839996,100,0.000000,0.000000
1480434747000,72.952003,72.699997,100,72.809998,300,0.000000,0.000000
1480434749000,72.952003,72.699997,100,72.809998,200,0.000000,0.000000
1480434751000,72.952003,72.699997,100,72.809998,200,0.000000,0.000000
1480434753000,72.952003,72.699997,100,72.809998,200,0.000000,0.000000
1480434755000,72.952003,72.699997,100,72.809998,200,0.000000,0.000000
1480434757000,72.952003,72.699997,100,72.809998,200,0.000000,0.000000
1480434759000,73.199997,72.699997,100,72.809998,200,0.000000,0.000000
1480434761000,73.199997,72.699997,100,72.809998,200,0.000000,0.000000
1480434763000,73.199997,72.699997,100,72.809998,200,0.000000,0.000000
1480434765000,73.199997,72.699997,100,72.809998,200,0.000000,0.000000
1480434767000,73.199997,72.699997,100,72.809998,200,0.000000,0.000000
1480434769000,73.199997,72.699997,100,72.809998,200,0.000000,0.000000
1480434772000,73.199997,72.699997,100,72.809998,200,0.000000,0.000000
1480434774000,73.199997,72.699997,100,72.809998,200,0.000000,0.000000
1480434776000,73.199997,72.699997,100,72.809998,200,0.000000,0.000000
1480434778000,73.199997,72.699997,100,72.809998,200,0.000000,0.000000
1480434780000,73.199997,72.699997,100,72.809998,200,0.000000,0.000000
1480434782000,73.199997,72.699997,100,72.809998,200,0.000000,0.000000
1480434784000,73.199997,72.699997,100,72.809998,200,0.000000,0.000000
1480434786000,73.199997,72.699997,100,72.809998,200,0.000000,0.000000
1480434788000,73.199997,72.699997,100,72.809998,200,0.000000,0.000000
1480434790000,73.199997,72.699997,100,72.809998,200,0.000000,0.000000
1480434792000,73.199997,72.699997,100,72.809998,200,0.000000,0.000000
1480434794000,73.199997,72.699997,100,72.809998,200,0.000000,0.000000
1480434796000,73.199997,72.699997,100,72.809998,200,0.000000,0.000000
1480434798000,73.199997,72.699997,100,72.809998,200,0.000000,0.000000
1480434800000,73.199997,72.699997,100,72.809998,200,0.000000,0.000000
1480434802000,73.199997,72.699997,100,72.809998,200,0.000000,0.000000
1480434804000,73.199997,72.699997,100,72.809998,200,0.000000,0.000000
1480434806000,73.199997,72.550003,100,72.690002,200,0.000000,0.000000
1480434808000,73.199997,72.550003,100,72.690002,200,0.000000,0.000000
1480434811000,73.199997,72.550003,100,72.690002,200,0.000000,0.000000
1480434813000,73.199997,72.550003,100,72.690002,200,0.000000,0.000000
1480434815000,73.199997,72.550003,100,72.690002,200,0.000000,0.000000
1480434817000,73.199997,72.550003,100,72.690002,200,0.000000,0.000000
1480434819000,73.199997,72.550003,100,72.690002,200,0.000000,0.000000
1480434821000,73.199997,72.550003,100,72.690002,200,0.000000,0.000000
1480434823000,73.199997,72.550003,100,72.690002,200,0.000000,0.000000
1480434825000,73.199997,72.550003,100,72.690002,200,0.000000,0.000000
1480434827000,73.199997,72.550003,100,72.690002,200,0.000000,0.000000
1480434829000,73.199997,72.550003,100,72.690002,200,0.000000,0.000000
1480434831000,73.199997,72.550003,100,72.690002,200,0.000000,0.000000
1480434833000,73.199997,72.550003,100,72.690002,200,0.000000,0.000000
1480434835000,73.199997,72.550003,100,72.690002,200,0.000000,0.000000
1480434837000,73.199997,72.550003,100,72.690002,200,0.000000,0.000000
1480434839000,73.199997,72.550003,100,72.690002,200,0.000000,0.000000
1480434841000,73.199997,72.550003,100,72.690002,200,0.000000,0.000000
1480434843000,73.199997,72.550003,100,72.690002,200,0.000000,0.000000
1480434845000,73.199997,72.550003,100,72.690002,200,0.000000,0.000000
1480434847000,73.199997,72.550003,100,72.690002,200,0.000000,0.000000
1480434850000,73.199997,72.550003,100,72.690002,200,0.000000,0.000000
1480434852000,73.199997,72.550003,100,72.690002,200,0.000000,0.000000
1480434854000,73.199997,72.550003,100,72.690002,200,0.000000,0.000000
1480434856000,73.199997,72.550003,100,72.690002,200,0.000000,0.000000
1480434858000,73.199997,72.550003,100,72.690002,200,0.000000,0.000000
1480434860000,73.269997,72.550003,100,72.690002,200,0.000000,0.000000
1480434862000,73.269997,72.550003,100,72.690002,200,0.000000,0.000000
1480434864000,73.269997,72.550003,100,72.690002,200,0.000000,0.000000
1480434866000,73.269997,72.629997,100,72.699997,100,0.000000,0.000000
1480434868000,73.269997,72.629997,100,72.699997,200,0.000000,0.000000
1480434870000,73.269997,72.629997,100,72.699997,200,0.000000,0.000000
1480434872000,73.269997,72.629997,100,72.699997,200,0.000000,0.000000
1480434874000,73.269997,72.629997,100,72.699997,200,0.000000,0.000000
1480434876000,73.269997,72.629997,100,72.699997,200,0.000000,0.000000
1480434878000,73.269997,72.629997,100,72.699997,200,0.000000,0.000000
1480434880000,73.290001,72.629997,100,72.699997,200,0.000000,0.000000
1480434882000,73.290001,72.629997,100,72.699997,200,0.000000,0.000000
1480434885000,73.290001,72.629997,100,72.699997,200,0.000000,0.000000
1480434887000,73.290001,72.629997,100,72.699997,200,0.000000,0.000000
1480434889000,73.290001,72.629997,100,72.699997,200,0.000000,0.000000
1480434891000,73.290001,72.629997,100,72.699997,200,0.000000,0.000000
1480434893000,73.290001,72.629997,100,72.699997,200,0.000000,0.000000
1480434895000,73.290001,72.629997,100,72.699997,200,0.000000,0.000000
1480434897000,73.290001,72.629997,100,72.699997,200,0.000000,0.000000
1480434899000,73.290001,72.629997,100,72.699997,200,0.000000,0.000000
1480434901000,73.260002,72.629997,100,72.699997,200,0.000000,0.000000
1480434903000,73.260002,72.629997,100,72.699997,200,0.000000,0.000000
1480434905000,73.260002,72.629997,100,72.699997,200,0.000000,0.000000
1480434907000,73.260002,72.629997,100,72.699997,200,0.000000,0.000000
1480434909000,73.260002,72.629997,100,72.699997,200,0.000000,0.000000
1480434911000,73.260002,72.629997,100,72.699997,200,0.000000,0.000000
1480434913000,73.260002,72.629997,100,72.699997,200,0.000000,0.000000
1480434915000,73.260002,72.629997,100,72.699997,200,0.000000,0.000000
1480434917000,73.260002,72.629997,100,72.699997,200,0.000000,0.000000
1480434920000,73.260002,72.629997,100,72.699997,200,0.000000,0.000000
1480434922000,73.260002,72.629997,100,72.699997,200,0.000000,0.000000
1480434924000,73.260002,72.629997,100,72.699997,200,0.000000,0.000000
1480434926000,73.260002,72.629997,100,72.699997,200,0.000000,0.000000
1480434928000,73.260002,72.589996,100,72.760002,100,0.000000,0.000000
1480434930000,73.260002,72.589996,100,72.760002,100,0.000000,0.000000
1480434932000,73.260002,72.589996,100,72.760002,100,0.000000,0.000000
1480434934000,73.300003,72.589996,100,72.760002,100,0.000000,0.000000
1480434936000,73.300003,72.589996,100,72.760002,100,0.000000,0.000000
1480434938000,73.300003,72.589996,100,72.760002,100,0.000000,0.000000
1480434940000,73.300003,72.589996,100,72.760002,100,0.000000,0.000000
1480434942000,73.300003,72.589996,100,72.760002,100,0.000000,0.000000
1480434944000,73.300003,72.589996,100,72.760002,100,0.000000,0.000000
1480434946000,73.300003,72.589996,100,72.760002,100,0.000000,0.000000
1480434948000,73.300003,72.589996,100,72.760002,100,0.000000,0.000000
1480434950000,73.300003,72.589996,100,72.760002,100,0.000000,0.000000
1480434952000,73.300003,72.589996,100,72.760002,100,0.000000,0.000000
1480434954000,73.300003,72.589996,100,72.760002,100,0.000000,0.000000
1480434957000,73.300003,72.589996,100,72.760002,100,0.000000,0.000000
1480434959000,73.300003,72.589996,100,72.760002,100,0.000000,0.000000
1480434961000,73.300003,72.589996,100,72.760002,100,0.000000,0.000000
1480434963000,73.300003,72.589996,100,72.760002,100,0.000000,0.000000
1480434965000,73.300003,72.589996,100,72.760002,100,0.000000,0.000000
1480434967000,73.300003,72.589996,100,72.760002,100,0.000000,0.000000
1480434969000,73.300003,72.589996,100,72.760002,100,0.000000,0.000000
1480434971000,73.300003,72.589996,100,72.760002,100,0.000000,0.000000
1480434973000,73.300003,72.589996,100,72.760002,100,0.000000,0.000000
1480434975000,73.300003,72.589996,100,72.760002,100,0.000000,0.000000
1480434977000,73.300003,72.589996,100,72.760002,100,0.000000,0.000000
1480434979000,73.300003,72.589996,100,72.760002,100,0.000000,0.000000
1480434981000,73.300003,72.589996,100,72.760002,100,0.000000,0.000000
1480434983000,73.300003,72.589996,100,72.760002,100,0.000000,0.000000
1480434985000,73.300003,72.589996,100,72.760002,100,0.000000,0.000000
1480434987000,73.300003,72.599998,100,72.769997,100,0.000000,0.000000
1480434989000,73.300003,72.599998,100,72.769997,100,0.000000,0.000000
1480434991000,73.300003,72.599998,100,72.769997,100,0.000000,0.000000
1480434994000,73.300003,72.599998,100,72.769997,100,0.000000,0.000000
1480434996000,73.300003,72.599998,100,72.769997,100,0.000000,0.000000
1480434998000,73.300003,72.599998,100,72.769997,100,0.000000,0.000000
1480435000000,73.300003,72.599998,100,72.769997,100,0.000000,0.000000
1480435002000,73.300003,72.599998,100,72.769997,100,0.000000,0.000000
1480435004000,73.300003,72.599998,100,72.769997,100,0.000000,0.000000
1480435006000,73.300003,72.599998,100,72.769997,100,0.000000,0.000000
1480435008000,73.300003,72.599998,100,72.769997,100,0.000000,0.000000
1480435010000,73.300003,72.599998,100,72.769997,100,0.000000,0.000000
1480435012000,73.300003,72.599998,100,72.769997,100,0.000000,0.000000
1480435014000,73.300003,72.599998,100,72.769997,100,0.000000,0.000000
1480435016000,73.300003,72.599998,100,72.769997,100,0.000000,0.000000
1480435018000,73.300003,72.599998,100,72.769997,100,0.000000,0.000000
1480435020000,73.300003,72.599998,100,72.769997,100,0.000000,0.000000
1480435022000,73.300003,72.599998,100,72.769997,100,0.000000,0.000000
1480435024000,73.300003,72.599998,100,72.769997,100,0.000000,0.000000
1480435026000,73.300003,72.599998,100,72.769997,100,0.000000,0.000000
1480435028000,73.300003,72.599998,100,72.769997,100,0.000000,0.000000
1480435030000,73.300003,72.599998,100,72.769997,100,0.000000,0.000000
1480435033000,73.300003,72.599998,100,72.769997,100,0.000000,0.000000
1480435035000,73.300003,72.599998,100,72.769997,100,0.000000,0.000000
1480435037000,73.339996,72.599998,100,72.769997,100,0.000000,0.000000
1480435039000,73.339996,72.599998,100,72.769997,100,0.000000,0.000000
1480435041000,73.360001,72.599998,100,72.769997,100,0.000000,0.000000
1480435043000,73.360001,72.599998,100,72.769997,100,0.000000,0.000000
1480435045000,73.360001,72.599998,100,72.769997,100,0.000000,0.000000
1480435047000,73.360001,72.750000,200,72.930000,100,0.000000,0.000000
1480435049000,73.360001,72.750000,200,72.930000,100,0.000000,0.000000
1480435051000,73.360001,72.750000,200,72.930000,100,0.000000,0.000000
1480435053000,73.360001,72.750000,200,72.930000,100,0.000000,0.000000
1480435055000,73.360001,72.750000,200,72.930000,100,0.000000,0.000000
1480435057000,73.360001,72.750000,200,72.930000,100,0.000000,0.000000
1480435059000,73.360001,72.750000,200,72.930000,100,0.000000,0.000000
1480435061000,73.360001,72.750000,200,72.930000,100,0.000000,0.000000
1480435063000,73.360001,72.750000,200,72.930000,100,0.000000,0.000000
1480435065000,73.360001,72.750000,200,72.930000,100,0.000000,0.000000
1480435068000,73.360001,72.750000,200,72.930000,100,0.000000,0.000000
1480435070000,73.360001,72.750000,200,72.930000,100,0.000000,0.000000
1480435072000,73.360001,72.750000,200,72.930000,100,0.000000,0.000000
1480435074000,73.360001,72.750000,200,72.930000,100,0.000000,0.000000
1480435076000,73.360001,72.750000,200,72.930000,100,0.000000,0.000000
1480435078000,73.360001,72.750000,200,72.930000,100,0.000000,0.000000
1480435080000,73.360001,72.750000,200,72.930000,100,0.000000,0.000000
1480435082000,73.360001,72.750000,200,72.930000,100,0.000000,0.000000
1480435084000,73.360001,72.750000,200,72.930000,100,0.000000,0.000000
1480435086000,73.360001,72.750000,200,72.930000,100,0.000000,0.000000
1480435088000,73.360001,72.750000,200,72.930000,100,0.000000,0.000000
1480435090000,73.360001,72.750000,200,72.930000,100,0.000000,0.000000
1480435092000,73.360001,72.750000,200,72.930000,100,0.000000,0.000000
1480435094000,73.360001,72.750000,200,72.930000,100,0.000000,0.000000
1480435096000,73.360001,72.750000,200,72.930000,100,0.000000,0.000000
1480435098000,73.360001,72.750000,200,72.930000,100,0.000000,0.000000
1480435101000,73.360001,72.750000,200,72.930000,100,0.000000,0.000000
1480435103000,73.360001,72.750000,200,72.930000,100,0.000000,0.000000
1480435105000,73.360001,72.750000,200,72.930000,100,0.000000,0.000000
1480435107000,73.360001,72.750000,200,73.010002,200,0.000000,0.000000
1480435109000,73.360001,72.750000,200,73.010002,200,0.000000,0.000000
1480435111000,73.360001,72.750000,200,73.010002,200,0.000000,0.000000
1480435113000,73.360001,72.750000,200,73.010002,200,0.000000,0.000000
1480435115000,73.360001,72.750000,200,73.010002,200,0.000000,0.000000
1480435117000,73.360001,72.750000,200,73.010002,200,0.000000,0.000000
1480435119000,73.360001,72.750000,200,73.010002,200,0.000000,0.000000
1480435121000,73.360001,72.750000,200,73.010002,200,0.000000,0.000000
1480435123000,73.360001,72.750000,200,73.010002,200,0.000000,0.000000
1480435125000,73.360001,72.750000,200,73.010002,200,0.000000,0.000000
1480435127000,73.360001,72.750000,200,73.010002,200,0.000000,0.000000
1480435129000,73.360001,72.750000,200,73.010002,200,0.000000,0.000000
1480435131000,73.360001,72.750000,200,73.010002,200,0.000000,0.000000
1480435133000,73.360001,72.750000,200,73.010002,200,0.000000,0.000000
1480435135000,73.360001,72.750000,200,73.010002,200,0.000000,0.000000
1480435138000,73.360001,72.750000,200,73.010002,200,0.000000,0.000000
1480435140000,73.360001,72.750000,200,73.010002,200,0.000000,0.000000
1480435142000,73.360001,72.750000,200,73.010002,200,0.000000,0.000000
1480435144000,73.360001,72.750000,200,73.010002,200,0.000000,0.000000
1480435146000,73.360001,72.750000,200,73.010002,200,0.000000,0.000000
1480435148000,73.360001,72.750000,200,73.010002,200,0.000000,0.000000
1480435150000,73.360001,72.750000,200,73.010002,200,0.000000,0.000000
1480435152000,73.360001,72.750000,200,73.010002,200,0.000000,0.000000
1480435154000,73.360001,72.750000,200,73.010002,200,0.000000,0.000000
1480435156000,73.360001,72.750000,200,73.010002,200,0.000000,0.000000
1480435158000,73.360001,72.750000,200,73.010002,200,0.000000,0.000000
1480435160000,73.360001,72.750000,200,73.010002,200,0.000000,0.000000
1480435162000,73.360001,72.750000,200,73.010002,200,0.000000,0.000000
1480435164000,73.360001,72.750000,200,73.010002,200,0.000000,0.000000
1480435166000,73.360001,72.750000,200,73.010002,200,0.000000,0.000000
1480435168000,73.360001,72.779999,100,72.970001,100,0.000000,0.000000
1480435170000,73.360001,72.779999,100,72.970001,100,0.000000,0.000000
1480435172000,73.360001,72.779999,100,72.970001,100,0.000000,0.000000
1480435175000,73.360001,72.779999,100,72.970001,100,0.000000,0.000000
1480435177000,73.360001,72.779999,100,72.970001,100,0.000000,0.000000
1480435179000,73.360001,72.779999,100,72.970001,100,0.000000,0.000000
1480435181000,73.360001,72.779999,100,72.970001,100,0.000000,0.000000
1480435183000,73.360001,72.779999,100,72.970001,100,0.000000,0.000000
1480435185000,73.360001,72.779999,100,72.970001,100,0.000000,0.000000
1480435187000,73.360001,72.779999,100,72.970001,100,0.000000,0.000000
1480435189000,73.360001,72.779999,100,72.970001,100,0.000000,0.000000
1480435191000,73.360001,72.779999,100,72.970001,100,0.000000,0.000000
1480435193000,73.360001,72.779999,100,72.970001,100,0.000000,0.000000
1480435195000,73.360001,72.779999,100,72.970001,100,0.000000,0.000000
1480435197000,73.360001,72.779999,100,72.970001,100,0.000000,0.000000
1480435199000,73.360001,72.779999,100,72.970001,100,0.000000,0.000000
1480435201000,73.360001,72.779999,100,72.970001,100,0.000000,0.000000
1480435203000,73.360001,72.779999,100,72.970001,100,0.000000,0.000000
1480435205000,73.360001,72.779999,100,72.970001,100,0.000000,0.000000
1480435207000,73.360001,72.779999,100,72.970001,100,0.000000,0.000000
1480435209000,73.360001,72.779999,100,72.970001,100,0.000000,0.000000
1480435211000,73.360001,72.779999,100,72.970001,100,0.000000,0.000000
1480435214000,73.360001,72.779999,100,72.970001,100,0.000000,0.000000
1480435216000,73.360001,72.779999,100,72.970001,100,0.000000,0.000000
1480435218000,73.360001,72.779999,100,72.970001,100,0.000000,0.000000
1480435220000,73.360001,72.779999,100,72.970001,100,0.000000,0.000000
1480435222000,73.360001,72.779999,100,72.970001,100,0.000000,0.000000
1480435224000,73.360001,72.779999,100,72.970001,100,0.000000,0.000000
1480435226000,73.360001,72.779999,100,72.970001,100,0.000000,0.000000
1480435228000,73.360001,72.769997,100,72.830002,100,0.000000,0.000000
1480435230000,73.360001,72.769997,100,72.830002,100,0.000000,0.000000
1480435232000,73.360001,72.769997,100,72.830002,100,0.000000,0.000000
1480435234000,73.360001,72.769997,100,72.830002,100,0.000000,0.000000
1480435236000,73.360001,72.769997,100,72.830002,100,0.000000,0.000000
1480435238000,73.360001,72.769997,100,72.830002,100,0.000000,0.000000
1480435240000,73.360001,72.769997,100,72.830002,100,0.000000,0.000000
1480435242000,73.360001,72.769997,100,72.830002,100,0.000000,0.000000
1480435244000,73.360001,72.769997,100,72.830002,100,0.000000,0.000000
1480435247000,73.360001,72.769997,100,72.830002,100,0.000000,0.000000
1480435249000,73.360001,72.769997,100,72.830002,100,0.000000,0.000000
1480435251000,73.360001,72.769997,100,72.830002,100,0.000000,0.000000
1480435254000,73.360001,72.769997,100,72.830002,100,0.000000,0.000000
1480435256000,73.360001,72.769997,100,72.830002,100,0.000000,0.000000
1480435258000,73.360001,72.769997,100,72.830002,100,0.000000,0.000000
1480435260000,73.360001,72.769997,100,72.830002,100,0.000000,0.000000
1480435262000,73.360001,72.769997,100,72.830002,100,0.000000,0.000000
1480435264000,73.360001,72.769997,100,72.830002,100,0.000000,0.000000
1480435266000,73.349998,72.769997,100,72.830002,100,0.000000,0.000000
1480435268000,73.349998,72.769997,100,72.830002,100,0.000000,0.000000
1480435270000,73.349998,72.769997,100,72.830002,100,0.000000,0.000000
1480435272000,73.349998,72.769997,100,72.830002,100,0.000000,0.000000
1480435274000,73.349998,72.769997,100,72.830002,100,0.000000,0.000000
1480435276000,73.349998,72.769997,100,72.830002,100,0.000000,0.000000
1480435278000,73.349998,72.769997,100,72.830002,100,0.000000,0.000000
1480435280000,73.364998,72.769997,100,72.830002,100,0.000000,0.000000
1480435282000,73.364998,72.769997,100,72.830002,100,0.000000,0.000000
1480435284000,73.364998,72.769997,100,72.830002,100,0.000000,0.000000
1480435286000,73.364998,72.769997,100,72.830002,100,0.000000,0.000000
1480435288000,73.364998,72.779999,100,72.970001,100,0.000000,0.000000
1480435291000,73.364998,72.779999,100,72.970001,100,0.000000,0.000000
1480435293000,73.364998,72.779999,100,72.970001,100,0.000000,0.000000
1480435295000,73.364998,72.779999,100,72.970001,100,0.000000,0.000000
1480435297000,73.364998,72.779999,100,72.970001,100,0.000000,0.000000
1480435299000,73.364998,72.779999,100,72.970001,100,0.000000,0.000000
1480435301000,73.364998,72.779999,100,72.970001,100,0.000000,0.000000
1480435303000,73.364998,72.779999,100,72.970001,100,0.000000,0.000000
1480435305000,73.364998,72.779999,100,72.970001,100,0.000000,0.000000
1480435307000,73.364998,72.779999,100,72.970001,100,0.000000,0.000000
1480435309000,73.364998,72.779999,100,72.970001,100,0.000000,0.000000
1480435311000,73.349998,72.779999,100,72.970001,100,0.000000,0.000000
1480435313000,73.349998,72.779999,100,72.970001,100,0.000000,0.000000
1480435315000,73.349998,72.779999,100,72.970001,100,0.000000,0.000000
1480435317000,73.349998,72.779999,100,72.970001,100,0.000000,0.000000
1480435319000,73.339996,72.779999,100,72.970001,100,0.000000,0.000000
1480435321000,73.339996,72.779999,100,72.970001,100,0.000000,0.000000
1480435324000,73.339996,72.779999,100,72.970001,100,0.000000,0.000000
1480435326000,73.339996,72.779999,100,72.970001,100,0.000000,0.000000
1480435328000,73.339996,72.779999,100,72.970001,100,0.000000,0.000000
1480435330000,73.339996,72.779999,100,72.970001,100,0.000000,0.000000
1480435332000,73.339996,72.779999,100,72.970001,100,0.000000,0.000000
1480435334000,73.339996,72.779999,100,72.970001,100,0.000000,0.000000
1480435336000,73.339996,72.779999,100,72.970001,100,0.000000,0.000000
1480435338000,73.339996,72.779999,100,72.970001,100,0.000000,0.000000
1480435340000,73.339996,72.779999,100,72.970001,100,0.000000,0.000000
1480435342000,73.339996,72.779999,100,72.970001,100,0.000000,0.000000
1480435344000,73.339996,72.779999,100,72.970001,100,0.000000,0.000000
1480435346000,73.339996,72.779999,100,72.970001,100,0.000000,0.000000
1480435348000,73.339996,72.830002,200,73.110001,100,0.000000,0.000000
1480435350000,73.339996,72.830002,200,73.110001,100,0.000000,0.000000
1480435352000,73.339996,72.830002,200,73.110001,100,0.000000,0.000000
1480435354000,73.339996,72.830002,200,73.110001,100,0.000000,0.000000
1480435357000,73.339996,72.830002,200,73.110001,100,0.000000,0.000000
1480435359000,73.339996,72.830002,200,73.110001,100,0.000000,0.000000
1480435361000,73.339996,72.830002,200,73.110001,100,0.000000,0.000000
1480435363000,73.339996,72.830002,200,73.110001,100,0.000000,0.000000
1480435365000,73.239998,72.830002,200,73.110001,100,0.000000,0.000000
1480435367000,73.239998,72.830002,200,73.110001,100,0.000000,0.000000
1480435369000,73.239998,72.830002,200,73.110001,100,0.000000,0.000000
1480435371000,73.239998,72.830002,200,73.110001,100,0.000000,0.000000
1480435373000,73.239998,72.830002,200,73.110001,100,0.000000,0.000000
1480435375000,73.239998,72.830002,200,73.110001,100,0.000000,0.000000
1480435377000,73.239998,72.830002,200,73.110001,100,0.000000,0.000000
1480435379000,73.239998,72.830002,200,73.110001,100,0.000000,0.000000
1480435381000,73.239998,72.830002,200,73.110001,100,0.000000,0.000000
1480435383000,73.239998,72.830002,200,73.110001,100,0.000000,0.000000
1480435385000,73.209999,72.830002,200,73.110001,100,0.000000,0.000000
1480435387000,73.209999,72.830002,200,73.110001,100,0.000000,0.000000
1480435389000,73.209999,72.830002,200,73.110001,100,0.000000,0.000000
1480435391000,73.209999,72.830002,200,73.110001,100,0.000000,0.000000
1480435394000,73.209999,72.830002,200,73.110001,100,0.000000,0.000000
1480435396000,73.209999,72.830002,200,73.110001,100,0.000000,0.000000
1480435398000,73.209999,72.830002,200,73.110001,100,0.000000,0.000000
1480435400000,73.209999,72.830002,200,73.110001,100,0.000000,0.000000
1480435402000,73.209999,72.830002,200,73.110001,100,0.000000,0.000000
1480435404000,73.209999,72.830002,200,73.110001,100,0.000000,0.000000
1480435406000,73.209999,72.830002,200,73.110001,100,0.000000,0.000000
1480435408000,73.209999,72.959999,200,73.180000,100,0.000000,0.000000
1480435410000,73.209999,72.959999,200,73.180000,100,0.000000,0.000000
1480435412000,73.209999,72.959999,200,73.180000,100,0.000000,0.000000
1480435414000,73.209999,72.959999,200,73.180000,100,0.000000,0.000000
1480435416000,73.209999,72.959999,200,73.180000,100,0.000000,0.000000
1480435418000,73.209999,72.959999,200,73.180000,100,0.000000,0.000000
1480435420000,73.209999,72.959999,200,73.180000,100,0.000000,0.000000
1480435422000,73.209999,72.959999,200,73.180000,100,0.000000,0.000000
1480435424000,73.209999,72.959999,200,73.180000,100,0.000000,0.000000
1480435426000,73.209999,72.959999,200,73.180000,100,0.000000,0.000000
1480435428000,73.209999,72.959999,200,73.180000,100,0.000000,0.000000
1480435431000,73.209999,72.959999,200,73.180000,100,0.000000,0.000000
1480435433000,73.209999,72.959999,200,73.180000,100,0.000000,0.000000
1480435435000,73.209999,72.959999,200,73.180000,100,0.000000,0.000000
1480435437000,73.209999,72.959999,200,73.180000,100,0.000000,0.000000
1480435439000,73.209999,72.959999,200,73.180000,100,0.000000,0.000000
1480435441000,73.209999,72.959999,200,73.180000,100,0.000000,0.000000
1480435443000,73.209999,72.959999,200,73.180000,100,0.000000,0.000000
1480435445000,73.209999,72.959999,200,73.180000,100,0.000000,0.000000
1480435447000,73.209999,72.959999,200,73.180000,100,0.000000,0.000000
1480435449000,73.209999,72.959999,200,73.180000,100,0.000000,0.000000
1480435451000,73.209999,72.959999,200,73.180000,100,0.000000,0.000000
1480435453000,73.209999,72.959999,200,73.180000,100,0.000000,0.000000
1480435455000,73.209999,72.959999,200,73.180000,100,0.000000,0.000000
1480435457000,73.209999,72.959999,200,73.180000,100,0.000000,0.000000
1480435459000,73.209999,72.959999,200,73.180000,100,0.000000,0.000000
1480435461000,73.209999,72.959999,200,73.180000,100,0.000000,0.000000
1480435463000,73.209999,72.959999,200,73.180000,100,0.000000,0.000000
1480435466000,73.209999,72.959999,200,73.180000,100,0.000000,0.000000
1480435468000,73.209999,72.959999,300,73.199997,200,0.000000,0.000000
1480435470000,73.180000,72.959999,300,73.199997,200,0.000000,0.000000
1480435472000,73.180000,72.959999,300,73.199997,200,0.000000,0.000000
1480435474000,73.180000,72.959999,300,73.199997,200,0.000000,0.000000
1480435476000,73.180000,72.959999,300,73.199997,200,0.000000,0.000000
1480435478000,73.180000,72.959999,300,73.199997,200,0.000000,0.000000
1480435480000,73.180000,72.959999,300,73.199997,200,0.000000,0.000000
1480435482000,73.180000,72.959999,300,73.199997,200,0.000000,0.000000
1480435484000,73.180000,72.959999,300,73.199997,200,0.000000,0.000000
1480435486000,73.180000,72.959999,300,73.199997,200,0.000000,0.000000
1480435488000,73.180000,72.959999,300,73.199997,200,0.000000,0.000000
1480435490000,73.180000,72.959999,300,73.199997,200,0.000000,0.000000
1480435492000,73.180000,72.959999,300,73.199997,200,0.000000,0.000000
1480435494000,73.180000,72.959999,300,73.199997,200,0.000000,0.000000
1480435496000,73.180000,72.959999,300,73.199997,200,0.000000,0.000000
1480435498000,73.180000,72.959999,300,73.199997,200,0.000000,0.000000
1480435500000,73.180000,72.959999,300,73.199997,200,0.000000,0.000000
1480435503000,73.180000,72.959999,300,73.199997,200,0.000000,0.000000
1480435505000,73.180000,72.959999,300,73.199997,200,0.000000,0.000000
1480435507000,73.180000,72.959999,300,73.199997,200,0.000000,0.000000
1480435509000,73.180000,72.959999,300,73.199997,200,0.000000,0.000000
1480435511000,73.180000,72.959999,300,73.199997,200,0.000000,0.000000
1480435513000,73.180000,72.959999,300,73.199997,200,0.000000,0.000000
1480435515000,73.180000,72.959999,300,73.199997,200,0.000000,0.000000
1480435517000,73.180000,72.959999,300,73.199997,200,0.000000,0.000000
1480435519000,73.180000,72.959999,300,73.199997,200,0.000000,0.000000
1480435521000,73.180000,72.959999,300,73.199997,200,0.000000,0.000000
1480435523000,73.180000,72.959999,300,73.199997,200,0.000000,0.000000
1480435525000,73.180000,72.959999,300,73.199997,200,0.000000,0.000000
1480435527000,73.180000,73.010002,100,73.199997,100,0.000000,0.000000
1480435529000,73.180000,73.010002,100,73.199997,100,0.000000,0.000000
1480435531000,73.180000,73.010002,100,73.199997,100,0.000000,0.000000
1480435533000,73.180000,73.010002,100,73.199997,100,0.000000,0.000000
1480435535000,73.180000,73.010002,100,73.199997,100,0.000000,0.000000
1480435538000,73.180000,73.010002,100,73.199997,100,0.000000,0.000000
1480435540000,73.180000,73.010002,100,73.199997,100,0.000000,0.000000
1480435542000,73.180000,73.010002,100,73.199997,100,0.000000,0.000000
1480435544000,73.180000,73.010002,100,73.199997,100,0.000000,0.000000
1480435546000,73.180000,73.010002,100,73.199997,100,0.000000,0.000000
1480435548000,73.180000,73.010002,100,73.199997,100,0.000000,0.000000
1480435550000,73.180000,73.010002,100,73.199997,100,0.000000,0.000000
1480435552000,73.180000,73.010002,100,73.199997,100,0.000000,0.000000
1480435554000,73.180000,73.010002,100,73.199997,100,0.000000,0.000000
1480435556000,73.180000,73.010002,100,73.199997,100,0.000000,0.000000
1480435558000,73.180000,73.010002,100,73.199997,100,0.000000,0.000000
1480435560000,73.180000,73.010002,100,73.199997,100,0.000000,0.000000
1480435562000,73.180000,73.010002,100,73.199997,100,0.000000,0.000000
1480435564000,73.180000,73.010002,100,73.199997,100,0.000000,0.000000
1480435566000,73.180000,73.010002,100,73.199997,100,0.000000,0.000000
1480435569000,73.180000,73.010002,100,73.199997,100,0.000000,0.000000
1480435571000,73.180000,73.010002,100,73.199997,100,0.000000,0.000000
1480435573000,73.180000,73.010002,100,73.199997,100,0.000000,0.000000
1480435575000,73.180000,73.010002,100,73.199997,100,0.000000,0.000000
1480435577000,73.180000,73.010002,100,73.199997,100,0.000000,0.000000
1480435579000,73.180000,73.010002,100,73.199997,100,0.000000,0.000000
1480435581000,73.180000,73.010002,100,73.199997,100,0.000000,0.000000
1480435583000,73.180000,73.010002,100,73.199997,100,0.000000,0.000000
1480435585000,73.180000,73.010002,100,73.199997,100,0.000000,0.000000
1480435587000,73.180000,73.019997,200,73.199997,100,0.000000,0.000000
1480435589000,73.180000,73.019997,200,73.199997,100,0.000000,0.000000
1480435591000,73.180000,73.019997,200,73.199997,100,0.000000,0.000000
1480435593000,73.180000,73.019997,200,73.199997,100,0.000000,0.000000
1480435595000,73.180000,73.019997,200,73.199997,100,0.000000,0.000000
1480435597000,73.180000,73.019997,200,73.199997,100,0.000000,0.000000
1480435599000,73.180000,73.019997,200,73.199997,100,0.000000,0.000000
1480435601000,73.180000,73.019997,200,73.199997,100,0.000000,0.000000
1480435604000,73.180000,73.019997,200,73.199997,100,0.000000,0.000000
1480435606000,73.180000,73.019997,200,73.199997,100,0.000000,0.000000
1480435608000,73.180000,73.019997,200,73.199997,100,0.000000,0.000000
1480435610000,73.180000,73.019997,200,73.199997,100,0.000000,0.000000
1480435612000,73.180000,73.019997,200,73.199997,100,0.000000,0.000000
1480435614000,73.180000,73.019997,200,73.199997,100,0.000000,0.000000
1480435616000,73.180000,73.019997,200,73.199997,100,0.000000,0.000000
1480435618000,73.180000,73.019997,200,73.199997,100,0.000000,0.000000
1480435620000,73.180000,73.019997,200,73.199997,100,0.000000,0.000000
1480435622000,73.220001,73.019997,200,73.199997,100,0.000000,0.000000
1480435624000,73.220001,73.019997,200,73.199997,100,0.000000,0.000000
1480435626000,73.220001,73.019997,200,73.199997,100,0.000000,0.000000
1480435628000,73.220001,73.019997,200,73.199997,100,0.000000,0.000000
1480435630000,73.220001,73.019997,200,73.199997,100,0.000000,0.000000
1480435632000,73.220001,73.019997,200,73.199997,100,0.000000,0.000000
1480435634000,73.220001,73.019997,200,73.199997,100,0.000000,0.000000
1480435637000,73.290001,73.019997,200,73.199997,100,0.000000,0.000000
1480435639000,73.290001,73.019997,200,73.199997,100,0.000000,0.000000
1480435641000,73.290001,73.019997,200,73.199997,100,0.000000,0.000000
1480435643000,73.290001,73.019997,200,73.199997,100,0.000000,0.000000
1480435645000,73.290001,73.019997,200,73.199997,100,0.000000,0.000000
1480435647000,73.290001,73.019997,300,73.199997,100,0.000000,0.000000
1480435649000,73.290001,73.019997,300,73.199997,100,0.000000,0.000000
1480435651000,73.290001,73.019997,300,73.199997,100,0.000000,0.000000
1480435653000,73.290001,73.019997,300,73.199997,100,0.000000,0.000000
1480435655000,73.290001,73.019997,300,73.199997,100,0.000000,0.000000
1480435657000,73.290001,73.019997,300,73.199997,100,0.000000,0.000000
1480435659000,73.290001,73.019997,300,73.199997,100,0.000000,0.000000
1480435661000,73.290001,73.019997,300,73.199997,100,0.000000,0.000000
1480435663000,73.290001,73.019997,300,73.199997,100,0.000000,0.000000
1480435665000,73.290001,73.019997,300,73.199997,100,0.000000,0.000000
1480435667000,73.290001,73.019997,300,73.199997,100,0.000000,0.000000
1480435669000,73.290001,73.019997,300,73.199997,100,0.000000,0.000000
1480435672000,73.290001,73.019997,300,73.199997,100,0.000000,0.000000
1480435674000,73.290001,73.019997,300,73.199997,100,0.000000,0.000000
1480435676000,73.290001,73.019997,300,73.199997,100,0.000000,0.000000
1480435678000,73.290001,73.019997,300,73.199997,100,0.000000,0.000000
1480435680000,73.290001,73.019997,300,73.199997,100,0.000000,0.000000
1480435682000,73.290001,73.019997,300,73.199997,100,0.000000,0.000000
1480435684000,73.290001,73.019997,300,73.199997,100,0.000000,0.000000
1480435686000,73.290001,73.019997,300,73.199997,100,0.000000,0.000000
1480435688000,73.290001,73.019997,300,73.199997,100,0.000000,0.000000
1480435690000,73.290001,73.019997,300,73.199997,100,0.000000,0.000000
1480435692000,73.290001,73.019997,300,73.199997,100,0.000000,0.000000
1480435694000,73.290001,73.019997,300,73.199997,100,0.000000,0.000000
1480435696000,73.290001,73.019997,300,73.199997,100,0.000000,0.000000
1480435698000,73.290001,73.019997,300,73.199997,100,0.000000,0.000000
1480435700000,73.290001,73.019997,300,73.199997,100,0.000000,0.000000
1480435702000,73.290001,73.019997,300,73.199997,100,0.000000,0.000000
1480435705000,73.290001,73.019997,300,73.199997,100,0.000000,0.000000
1480435707000,73.290001,73.019997,300,73.199997,100,0.000000,0.000000
1480435709000,73.290001,73.139999,200,73.300003,100,0.000000,0.000000
1480435711000,73.290001,73.139999,200,73.300003,100,0.000000,0.000000
1480435713000,73.290001,73.139999,200,73.300003,100,0.000000,0.000000
1480435715000,73.290001,73.139999,200,73.300003,100,0.000000,0.000000
1480435717000,73.290001,73.139999,200,73.300003,100,0.000000,0.000000
1480435719000,73.290001,73.139999,200,73.300003,100,0.000000,0.000000
1480435721000,73.290001,73.139999,200,73.300003,100,0.000000,0.000000
1480435723000,73.220001,73.139999,200,73.300003,100,0.000000,0.000000
1480435725000,73.220001,73.139999,200,73.300003,100,0.000000,0.000000
1480435727000,73.220001,73.139999,200,73.300003,100,0.000000,0.000000
1480435729000,73.220001,73.139999,200,73.300003,100,0.000000,0.000000
1480435731000,73.220001,73.139999,200,73.300003,100,0.000000,0.000000
1480435733000,73.220001,73.139999,200,73.300003,100,0.000000,0.000000
1480435735000,73.220001,73.139999,200,73.300003,100,0.000000,0.000000
1480435738000,73.220001,73.139999,200,73.300003,100,0.000000,0.000000
1480435740000,73.220001,73.139999,200,73.300003,100,0.000000,0.000000
1480435742000,73.220001,73.139999,200,73.300003,100,0.000000,0.000000
1480435744000,73.220001,73.139999,200,73.300003,100,0.000000,0.000000
1480435746000,73.220001,73.139999,200,73.300003,100,0.000000,0.000000
1480435748000,73.220001,73.139999,200,73.300003,100,0.000000,0.000000
1480435750000,73.220001,73.139999,200,73.300003,100,0.000000,0.000000
1480435752000,73.220001,73.139999,200,73.300003,100,0.000000,0.000000
1480435754000,73.260002,73.139999,200,73.300003,100,0.000000,0.000000
1480435756000,73.260002,73.139999,200,73.300003,100,0.000000,0.000000
1480435758000,73.260002,73.139999,200,73.300003,100,0.000000,0.000000
1480435760000,73.260002,73.139999,200,73.300003,100,0.000000,0.000000
1480435762000,73.260002,73.139999,200,73.300003,100,0.000000,0.000000
1480435764000,73.260002,73.139999,200,73.300003,100,0.000000,0.000000
1480435766000,73.260002,73.139999,200,73.300003,100,0.000000,0.000000
1480435768000,73.260002,73.150002,200,73.290001,100,0.000000,0.000000
1480435770000,73.260002,73.150002,200,73.290001,100,0.000000,0.000000
1480435772000,73.260002,73.150002,200,73.290001,100,0.000000,0.000000
1480435775000,73.260002,73.150002,200,73.290001,100,0.000000,0.000000
1480435777000,73.260002,73.150002,200,73.290001,100,0.000000,0.000000
1480435779000,73.260002,73.150002,200,73.290001,100,0.000000,0.000000
1480435781000,73.260002,73.150002,200,73.290001,100,0.000000,0.000000
1480435783000,73.260002,73.150002,200,73.290001,100,0.000000,0.000000
1480435785000,73.260002,73.150002,200,73.290001,100,0.000000,0.000000
1480435787000,73.260002,73.150002,200,73.290001,100,0.000000,0.000000
1480435789000,73.260002,73.150002,200,73.290001,100,0.000000,0.000000
1480435791000,73.260002,73.150002,200,73.290001,100,0.000000,0.000000
1480435793000,73.260002,73.150002,200,73.290001,100,0.000000,0.000000
1480435795000,73.260002,73.150002,200,73.290001,100,0.000000,0.000000
1480435797000,73.260002,73.150002,200,73.290001,100,0.000000,0.000000
1480435799000,73.260002,73.150002,200,73.290001,100,0.000000,0.000000
1480435801000,73.260002,73.150002,200,73.290001,100,0.000000,0.000000
1480435803000,73.260002,73.150002,200,73.290001,100,0.000000,0.000000
1480435805000,73.260002,73.150002,200,73.290001,100,0.000000,0.000000
1480435807000,73.260002,73.150002,200,73.290001,100,0.000000,0.000000
1480435810000,73.260002,73.150002,200,73.290001,100,0.000000,0.000000
1480435812000,73.260002,73.150002,200,73.290001,100,0.000000,0.000000
1480435814000,73.260002,73.150002,200,73.290001,100,0.000000,0.000000
1480435816000,73.260002,73.150002,200,73.290001,100,0.000000,0.000000
1480435818000,73.260002,73.150002,200,73.290001,100,0.000000,0.000000
1480435820000,73.260002,73.150002,200,73.290001,100,0.000000,0.000000
1480435822000,73.260002,73.150002,200,73.290001,100,0.000000,0.000000
1480435824000,73.260002,73.150002,200,73.290001,100,0.000000,0.000000
1480435826000,73.260002,73.150002,200,73.290001,100,0.000000,0.000000
1480435828000,73.260002,73.220001,300,73.300003,100,0.000000,0.000000
1480435830000,73.260002,73.220001,300,73.300003,100,0.000000,0.000000
1480435832000,73.260002,73.220001,300,73.300003,100,0.000000,0.000000
1480435834000,73.260002,73.220001,300,73.300003,100,0.000000,0.000000
1480435836000,73.260002,73.220001,300,73.300003,100,0.000000,0.000000
1480435838000,73.260002,73.220001,300,73.300003,100,0.000000,0.000000
1480435840000,73.260002,73.220001,300,73.300003,100,0.000000,0.000000
1480435842000,73.260002,73.220001,300,73.300003,100,0.000000,0.000000
1480435844000,73.260002,73.220001,300,73.300003,100,0.000000,0.000000
1480435846000,73.260002,73.220001,300,73.300003,100,0.000000,0.000000
1480435849000,73.260002,73.220001,300,73.300003,100,0.000000,0.000000
1480435851000,73.260002,73.220001,300,73.300003,100,0.000000,0.000000
1480435853000,73.260002,73.220001,300,73.300003,100,0.000000,0.000000
1480435855000,73.260002,73.220001,300,73.300003,100,0.000000,0.000000
1480435857000,73.260002,73.220001,300,73.300003,100,0.000000,0.000000
1480435859000,73.260002,73.220001,300,73.300003,100,0.000000,0.000000
1480435861000,73.260002,73.220001,300,73.300003,100,0.000000,0.000000
1480435863000,73.260002,73.220001,300,73.300003,100,0.000000,0.000000
1480435865000,73.260002,73.220001,300,73.300003,100,0.000000,0.000000
1480435867000,73.260002,73.220001,300,73.300003,100,0.000000,0.000000
1480435869000,73.260002,73.220001,300,73.300003,100,0.000000,0.000000
1480435871000,73.260002,73.220001,300,73.300003,100,0.000000,0.000000
1480435873000,73.260002,73.220001,300,73.300003,100,0.000000,0.000000
1480435875000,73.260002,73.220001,300,73.300003,100,0.000000,0.000000
1480435877000,73.260002,73.220001,300,73.300003,100,0.000000,0.000000
1480435879000,73.260002,73.220001,300,73.300003,100,0.000000,0.000000
1480435882000,73.260002,73.220001,300,73.300003,100,0.000000,0.000000
1480435884000,73.260002,73.220001,300,73.300003,100,0.000000,0.000000
1480435886000,73.260002,73.220001,300,73.300003,100,0.000000,0.000000
1480435888000,73.260002,73.230003,100,73.459999,300,0.000000,0.000000
1480435890000,73.260002,73.230003,100,73.459999,300,0.000000,0.000000
1480435892000,73.260002,73.230003,100,73.459999,300,0.000000,0.000000
1480435894000,73.260002,73.230003,100,73.459999,300,0.000000,0.000000
1480435896000,73.260002,73.230003,100,73.459999,300,0.000000,0.000000
1480435898000,73.260002,73.230003,100,73.459999,300,0.000000,0.000000
1480435900000,73.260002,73.230003,100,73.459999,300,0.000000,0.000000
1480435902000,73.260002,73.230003,100,73.459999,300,0.000000,0.000000
1480435904000,73.260002,73.230003,100,73.459999,300,0.000000,0.000000
1480435906000,73.260002,73.230003,100,73.459999,300,0.000000,0.000000
1480435908000,73.260002,73.230003,100,73.459999,300,0.000000,0.000000
1480435910000,73.260002,73.230003,100,73.459999,300,0.000000,0.000000
1480435912000,73.260002,73.230003,100,73.459999,300,0.000000,0.000000
1480435914000,73.260002,73.230003,100,73.459999,300,0.000000,0.000000
1480435917000,73.260002,73.230003,100,73.459999,300,0.000000,0.000000
1480435919000,73.260002,73.230003,100,73.459999,300,0.000000,0.000000
1480435921000,73.260002,73.230003,100,73.459999,300,0.000000,0.000000
1480435923000,73.260002,73.230003,100,73.459999,300,0.000000,0.000000
1480435925000,73.260002,73.230003,100,73.459999,300,0.000000,0.000000
1480435927000,73.239998,73.230003,100,73.459999,300,0.000000,0.000000
1480435929000,73.239998,73.230003,100,73.459999,300,0.000000,0.000000
1480435931000,73.239998,73.230003,100,73.459999,300,0.000000,0.000000
1480435933000,73.239998,73.230003,100,73.459999,300,0.000000,0.000000
1480435935000,73.239998,73.230003,100,73.459999,300,0.000000,0.000000
1480435937000,73.239998,73.230003,100,73.459999,300,0.000000,0.000000
1480435939000,73.239998,73.230003,100,73.459999,300,0.000000,0.000000
1480435941000,73.239998,73.230003,100,73.459999,300,0.000000,0.000000
1480435943000,73.239998,73.230003,100,73.459999,300,0.000000,0.000000
1480435945000,73.239998,73.230003,100,73.459999,300,0.000000,0.000000
1480435947000,73.239998,73.339996,100,73.430000,200,0.000000,0.000000
1480435950000,73.239998,73.290001,100,73.430000,200,0.000000,0.000000
1480435952000,73.239998,73.290001,100,73.430000,200,0.000000,0.000000
1480435954000,73.239998,73.290001,100,73.430000,200,0.000000,0.000000
1480435956000,73.239998,73.290001,100,73.430000,200,0.000000,0.000000
1480435958000,73.239998,73.290001,100,73.430000,200,0.000000,0.000000
1480435960000,73.239998,73.290001,100,73.430000,200,0.000000,0.000000
1480435962000,73.239998,73.290001,100,73.430000,200,0.000000,0.000000
1480435964000,73.239998,73.290001,100,73.430000,200,0.000000,0.000000
1480435966000,73.239998,73.290001,100,73.430000,200,0.000000,0.000000
1480435968000,73.239998,73.290001,100,73.430000,200,0.000000,0.000000
1480435970000,73.239998,73.290001,100,73.430000,200,0.000000,0.000000
1480435972000,73.239998,73.290001,100,73.430000,200,0.000000,0.000000
1480435974000,73.239998,73.290001,100,73.430000,200,0.000000,0.000000
1480435976000,73.239998,73.290001,100,73.430000,200,0.000000,0.000000
1480435978000,73.239998,73.290001,100,73.430000,200,0.000000,0.000000
1480435980000,73.239998,73.290001,100,73.430000,200,0.000000,0.000000
1480435982000,73.239998,73.290001,100,73.430000,200,0.000000,0.000000
1480435984000,73.239998,73.290001,100,73.430000,200,0.000000,0.000000
1480435987000,73.239998,73.290001,100,73.430000,200,0.000000,0.000000
1480435989000,73.239998,73.290001,100,73.430000,200,0.000000,0.000000
1480435991000,73.239998,73.290001,100,73.430000,200,0.000000,0.000000
1480435993000,73.239998,73.290001,100,73.430000,200,0.000000,0.000000
1480435995000,73.239998,73.290001,100,73.430000,200,0.000000,0.000000
1480435997000,73.239998,73.290001,100,73.430000,200,0.000000,0.000000
1480435999000,73.239998,73.290001,100,73.430000,200,0.000000,0.000000
1480436001000,73.239998,73.290001,100,73.430000,200,0.000000,0.000000
1480436003000,73.239998,73.290001,100,73.430000,200,0.000000,0.000000
1480436005000,73.239998,73.290001,100,73.430000,200,0.000000,0.000000
1480436007000,73.239998,73.339996,100,73.430000,300,0.000000,0.000000
1480436009000,73.239998,73.339996,100,73.430000,300,0.000000,0.000000
1480436011000,73.239998,73.339996,100,73.430000,300,0.000000,0.000000
1480436013000,73.239998,73.339996,100,73.430000,300,0.000000,0.000000
1480436015000,73.239998,73.339996,100,73.430000,300,0.000000,0.000000
1480436017000,73.239998,73.339996,100,73.430000,300,0.000000,0.000000
1480436019000,73.239998,73.339996,100,73.430000,300,0.000000,0.000000
1480436022000,73.239998,73.339996,100,73.430000,300,0.000000,0.000000
1480436024000,73.239998,73.339996,100,73.430000,300,0.000000,0.000000
1480436026000,73.239998,73.339996,100,73.430000,300,0.000000,0.000000
1480436028000,73.239998,73.339996,100,73.430000,300,0.000000,0.000000
1480436030000,73.239998,73.339996,100,73.430000,300,0.000000,0.000000
1480436032000,73.239998,73.339996,100,73.430000,300,0.000000,0.000000
1480436034000,73.239998,73.339996,100,73.430000,300,0.000000,0.000000
1480436036000,73.239998,73.339996,100,73.430000,300,0.000000,0.000000
1480436038000,73.239998,73.339996,100,73.430000,300,0.000000,0.000000
1480436040000,73.239998,73.339996,100,73.430000,300,0.000000,0.000000
1480436042000,73.239998,73.339996,100,73.430000,300,0.000000,0.000000
1480436044000,73.239998,73.339996,100,73.430000,300,0.000000,0.000000
1480436046000,73.239998,73.339996,100,73.430000,300,0.000000,0.000000
1480436048000,73.239998,73.339996,100,73.430000,300,0.000000,0.000000
1480436050000,73.239998,73.339996,100,73.430000,300,0.000000,0.000000
1480436052000,73.239998,73.339996,100,73.430000,300,0.000000,0.000000
1480436054000,73.239998,73.339996,100,73.430000,300,0.000000,0.000000
1480436056000,73.239998,73.339996,100,73.430000,300,0.000000,0.000000
1480436059000,73.239998,73.339996,100,73.430000,300,0.000000,0.000000
1480436061000,73.239998,73.339996,100,73.430000,300,0.000000,0.000000
1480436063000,73.239998,73.339996,100,73.430000,300,0.000000,0.000000
1480436065000,73.239998,73.339996,100,73.430000,300,0.000000,0.000000
1480436067000,73.239998,73.290001,100,73.430000,300,0.000000,0.000000
1480436069000,73.239998,73.290001,100,73.430000,300,0.000000,0.000000
1480436071000,73.239998,73.290001,100,73.430000,300,0.000000,0.000000
1480436073000,73.239998,73.290001,100,73.430000,300,0.000000,0.000000
1480436075000,73.239998,73.290001,100,73.430000,300,0.000000,0.000000
1480436077000,73.239998,73.290001,100,73.430000,300,0.000000,0.000000
1480436079000,73.239998,73.290001,100,73.430000,300,0.000000,0.000000
1480436081000,73.239998,73.290001,100,73.430000,300,0.000000,0.000000
1480436083000,73.239998,73.290001,100,73.430000,300,0.000000,0.000000
1480436085000,73.239998,73.290001,100,73.430000,300,0.000000,0.000000
1480436087000,73.239998,73.290001,100,73.430000,300,0.000000,0.000000
1480436089000,73.239998,73.290001,100,73.430000,300,0.000000,0.000000
1480436092000,73.239998,73.290001,100,73.430000,300,0.000000,0.000000
1480436094000,73.239998,73.290001,100,73.430000,300,0.000000,0.000000
1480436096000,73.239998,73.290001,100,73.430000,300,0.000000,0.000000
1480436098000,73.239998,73.290001,100,73.430000,300,0.000000,0.000000
1480436100000,73.239998,73.290001,100,73.430000,300,0.000000,0.000000
1480436102000,73.239998,73.290001,100,73.430000,300,0.000000,0.000000
1480436104000,73.239998,73.290001,100,73.430000,300,0.000000,0.000000
1480436106000,73.239998,73.290001,100,73.430000,300,0.000000,0.000000
1480436108000,73.239998,73.290001,100,73.430000,300,0.000000,0.000000
1480436110000,73.239998,73.290001,100,73.430000,300,0.000000,0.000000
1480436112000,73.239998,73.290001,100,73.430000,300,0.000000,0.000000
1480436114000,73.239998,73.290001,100,73.430000,300,0.000000,0.000000
1480436116000,73.239998,73.290001,100,73.430000,300,0.000000,0.000000
1480436118000,73.239998,73.290001,100,73.430000,300,0.000000,0.000000
1480436120000,73.239998,73.290001,100,73.430000,300,0.000000,0.000000
1480436122000,73.239998,73.290001,100,73.430000,300,0.000000,0.000000
1480436124000,73.239998,73.290001,100,73.430000,300,0.000000,0.000000
1480436126000,73.239998,73.290001,100,73.430000,300,0.000000,0.000000
1480436129000,73.239998,73.239998,200,73.360001,200,0.000000,0.000000
1480436131000,73.239998,73.239998,200,73.360001,200,0.000000,0.000000
1480436133000,73.239998,73.239998,200,73.360001,200,0.000000,0.000000
1480436135000,73.239998,73.239998,200,73.360001,200,0.000000,0.000000
1480436137000,73.239998,73.239998,200,73.360001,200,0.000000,0.000000
1480436139000,73.239998,73.239998,200,73.360001,200,0.000000,0.000000
1480436141000,73.239998,73.239998,200,73.360001,200,0.000000,0.000000
1480436143000,73.239998,73.239998,200,73.360001,200,0.000000,0.000000
1480436145000,73.239998,73.239998,200,73.360001,200,0.000000,0.000000
1480436147000,73.239998,73.239998,200,73.360001,200,0.000000,0.000000
1480436149000,73.239998,73.239998,200,73.360001,200,0.000000,0.000000
1480436151000,73.239998,73.239998,200,73.360001,200,0.000000,0.000000
1480436153000,73.239998,73.239998,200,73.360001,200,0.000000,0.000000
1480436155000,73.239998,73.239998,200,73.360001,200,0.000000,0.000000
1480436157000,73.239998,73.239998,200,73.360001,200,0.000000,0.000000
1480436159000,73.239998,73.239998,200,73.360001,200,0.000000,0.000000
1480436162000,73.239998,73.239998,200,73.360001,200,0.000000,0.000000
1480436164000,73.239998,73.239998,200,73.360001,200,0.000000,0.000000
1480436166000,73.239998,73.239998,200,73.360001,200,0.000000,0.000000
1480436168000,73.239998,73.239998,200,73.360001,200,0.000000,0.000000
1480436170000,73.239998,73.239998,200,73.360001,200,0.000000,0.000000
1480436172000,73.239998,73.239998,200,73.360001,200,0.000000,0.000000
1480436174000,73.239998,73.239998,200,73.360001,200,0.000000,0.000000
1480436176000,73.239998,73.239998,200,73.360001,200,0.000000,0.000000
1480436178000,73.239998,73.239998,200,73.360001,200,0.000000,0.000000
1480436180000,73.239998,73.239998,200,73.360001,200,0.000000,0.000000
1480436182000,73.239998,73.239998,200,73.360001,200,0.000000,0.000000
1480436184000,73.239998,73.239998,200,73.360001,200,0.000000,0.000000
1480436186000,73.239998,73.239998,200,73.360001,200,0.000000,0.000000
1480436188000,73.239998,73.339996,100,73.389999,100,0.000000,0.000000
1480436190000,73.239998,73.339996,100,73.389999,100,0.000000,0.000000
1480436192000,73.239998,73.339996,100,73.389999,100,0.000000,0.000000
1480436195000,73.239998,73.339996,100,73.389999,100,0.000000,0.000000
1480436197000,73.239998,73.339996,100,73.389999,100,0.000000,0.000000
1480436199000,73.239998,73.339996,100,73.389999,100,0.000000,0.000000
1480436201000,73.239998,73.339996,100,73.389999,100,0.000000,0.000000
1480436203000,73.239998,73.339996,100,73.389999,100,0.000000,0.000000
1480436205000,73.239998,73.339996,100,73.389999,100,0.000000,0.000000
1480436207000,73.239998,73.339996,100,73.389999,100,0.000000,0.000000
1480436209000,73.239998,73.339996,100,73.389999,100,0.000000,0.000000
1480436211000,73.239998,73.339996,100,73.389999,100,0.000000,0.000000
1480436213000,73.239998,73.339996,100,73.389999,100,0.000000,0.000000
1480436215000,73.239998,73.339996,100,73.389999,100,0.000000,0.000000
1480436217000,73.239998,73.339996,100,73.389999,100,0.000000,0.000000
1480436219000,73.239998,73.339996,100,73.389999,100,0.000000,0.000000
1480436221000,73.239998,73.339996,100,73.389999,100,0.000000,0.000000
1480436223000,73.239998,73.339996,100,73.389999,100,0.000000,0.000000
1480436225000,73.239998,73.339996,100,73.389999,100,0.000000,0.000000
1480436227000,73.239998,73.339996,100,73.389999,100,0.000000,0.000000
1480436229000,73.239998,73.339996,100,73.389999,100,0.000000,0.000000
1480436232000,73.239998,73.339996,100,73.389999,100,0.000000,0.000000
1480436234000,73.239998,73.339996,100,73.389999,100,0.000000,0.000000
1480436236000,73.239998,73.339996,100,73.389999,100,0.000000,0.000000
1480436238000,73.239998,73.339996,100,73.389999,100,0.000000,0.000000
1480436240000,73.239998,73.339996,100,73.389999,100,0.000000,0.000000
1480436242000,73.239998,73.339996,100,73.389999,100,0.000000,0.000000
1480436244000,73.239998,73.339996,100,73.389999,100,0.000000,0.000000
1480436246000,73.239998,73.339996,100,73.389999,100,0.000000,0.000000
1480436248000,73.239998,73.239998,100,73.330002,300,0.000000,0.000000
1480436250000,73.239998,73.239998,100,73.330002,300,0.000000,0.000000
1480436252000,73.239998,73.239998,100,73.330002,300,0.000000,0.000000
1480436254000,73.239998,73.239998,100,73.330002,300,0.000000,0.000000
1480436256000,73.239998,73.239998,100,73.330002,300,0.000000,0.000000
1480436258000,73.239998,73.239998,100,73.330002,300,0.000000,0.000000
1480436260000,73.239998,73.239998,100,73.330002,300,0.000000,0.000000
1480436262000,73.239998,73.239998,100,73.330002,300,0.000000,0.000000
1480436264000,73.239998,73.239998,100,73.330002,300,0.000000,0.000000
1480436266000,73.239998,73.239998,100,73.330002,300,0.000000,0.000000
1480436268000,73.239998,73.239998,100,73.330002,300,0.000000,0.000000
1480436270000,73.239998,73.239998,100,73.330002,300,0.000000,0.000000
1480436273000,73.239998,73.239998,100,73.330002,300,0.000000,0.000000
1480436275000,73.239998,73.239998,100,73.330002,300,0.000000,0.000000
1480436277000,73.239998,73.239998,100,73.330002,300,0.000000,0.000000
1480436279000,73.239998,73.239998,100,73.330002,300,0.000000,0.000000
1480436281000,73.239998,73.239998,100,73.330002,300,0.000000,0.000000
1480436283000,73.239998,73.239998,100,73.330002,300,0.000000,0.000000
1480436285000,73.239998,73.239998,100,73.330002,300,0.000000,0.000000
1480436287000,73.239998,73.239998,100,73.330002,300,0.000000,0.000000
1480436289000,73.239998,73.239998,100,73.330002,300,0.000000,0.000000
1480436291000,73.239998,73.239998,100,73.330002,300,0.000000,0.000000
1480436293000,73.239998,73.239998,100,73.330002,300,0.000000,0.000000
1480436295000,73.239998,73.239998,100,73.330002,300,0.000000,0.000000
1480436297000,73.239998,73.239998,100,73.330002,300,0.000000,0.000000
1480436299000,73.239998,73.239998,100,73.330002,300,0.000000,0.000000
1480436301000,73.239998,73.239998,100,73.330002,300,0.000000,0.000000
1480436303000,73.239998,73.239998,100,73.330002,300,0.000000,0.000000
1480436305000,73.239998,73.239998,100,73.330002,300,0.000000,0.000000
1480436308000,73.239998,73.139999,100,73.279999,200,0.000000,0.000000
1480436310000,73.239998,73.139999,100,73.279999,200,0.000000,0.000000
1480436312000,73.239998,73.139999,100,73.279999,200,0.000000,0.000000
1480436314000,73.239998,73.139999,100,73.279999,200,0.000000,0.000000
1480436316000,73.239998,73.139999,100,73.279999,200,0.000000,0.000000
1480436318000,73.239998,73.139999,100,73.279999,200,0.000000,0.000000
1480436320000,73.239998,73.139999,100,73.279999,200,0.000000,0.000000
1480436322000,73.239998,73.139999,100,73.279999,200,0.000000,0.000000
1480436324000,73.239998,73.139999,100,73.279999,200,0.000000,0.000000
1480436326000,73.239998,73.139999,100,73.279999,200,0.000000,0.000000
1480436328000,73.239998,73.139999,100,73.279999,200,0.000000,0.000000
1480436330000,73.239998,73.139999,100,73.279999,200,0.000000,0.000000
1480436332000,73.239998,73.139999,100,73.279999,200,0.000000,0.000000
1480436334000,73.239998,73.139999,100,73.279999,200,0.000000,0.000000
1480436336000,73.239998,73.139999,100,73.279999,200,0.000000,0.000000
1480436338000,73.239998,73.139999,100,73.279999,200,0.000000,0.000000
1480436340000,73.239998,73.139999,100,73.279999,200,0.000000,0.000000
1480436342000,73.239998,73.139999,100,73.279999,200,0.000000,0.000000
1480436344000,73.239998,73.139999,100,73.279999,200,0.000000,0.000000
1480436346000,73.239998,73.139999,100,73.279999,200,0.000000,0.000000
1480436349000,73.239998,73.139999,100,73.279999,200,0.000000,0.000000
1480436351000,73.239998,73.139999,100,73.279999,200,0.000000,0.000000
1480436353000,73.239998,73.139999,100,73.279999,200,0.000000,0.000000
1480436355000,73.239998,73.139999,100,73.279999,200,0.000000,0.000000
1480436357000,73.239998,73.139999,100,73.279999,200,0.000000,0.000000
1480436359000,73.239998,73.139999,100,73.279999,200,0.000000,0.000000
1480436361000,73.239998,73.139999,100,73.279999,200,0.000000,0.000000
1480436363000,73.239998,73.139999,100,73.279999,200,0.000000,0.000000
1480436365000,73.239998,73.139999,100,73.279999,200,0.000000,0.000000
1480436367000,73.239998,73.139999,100,73.279999,200,0.000000,0.000000
1480436369000,73.239998,73.099998,200,73.220001,100,0.000000,0.000000
1480436371000,73.239998,73.099998,200,73.220001,100,0.000000,0.000000
1480436373000,73.239998,73.099998,200,73.220001,100,0.000000,0.000000
1480436375000,73.239998,73.099998,200,73.220001,100,0.000000,0.000000
1480436377000,73.239998,73.099998,200,73.220001,100,0.000000,0.000000
1480436379000,73.239998,73.099998,200,73.220001,100,0.000000,0.000000
1480436381000,73.239998,73.099998,200,73.220001,100,0.000000,0.000000
1480436383000,73.239998,73.099998,200,73.220001,100,0.000000,0.000000
1480436385000,73.239998,73.099998,200,73.220001,100,0.000000,0.000000
1480436388000,73.239998,73.099998,200,73.220001,100,0.000000,0.000000
1480436390000,73.239998,73.099998,200,73.220001,100,0.000000,0.000000
1480436392000,73.239998,73.099998,200,73.220001,100,0.000000,0.000000
1480436394000,73.239998,73.099998,200,73.220001,100,0.000000,0.000000
1480436396000,73.239998,73.099998,200,73.220001,100,0.000000,0.000000
1480436398000,73.239998,73.099998,200,73.220001,100,0.000000,0.000000
1480436400000,73.239998,73.099998,200,73.220001,100,0.000000,0.000000
1480436402000,73.239998,73.099998,200,73.220001,100,0.000000,0.000000
1480436404000,73.239998,73.099998,200,73.220001,100,0.000000,0.000000
1480436406000,73.239998,73.099998,200,73.220001,100,0.000000,0.000000
1480436408000,73.239998,73.099998,200,73.220001,100,0.000000,0.000000
1480436410000,73.239998,73.099998,200,73.220001,100,0.000000,0.000000
1480436412000,73.239998,73.099998,200,73.220001,100,0.000000,0.000000
1480436414000,73.239998,73.099998,200,73.220001,100,0.000000,0.000000
1480436416000,73.239998,73.099998,200,73.220001,100,0.000000,0.000000
1480436418000,73.239998,73.099998,200,73.220001,100,0.000000,0.000000
1480436420000,73.239998,73.099998,200,73.220001,100,0.000000,0.000000
1480436422000,73.239998,73.099998,200,73.220001,100,0.000000,0.000000
1480436424000,73.239998,73.099998,200,73.220001,100,0.000000,0.000000
1480436426000,73.239998,73.099998,200,73.220001,100,0.000000,0.000000
1480436429000,73.239998,73.099998,200,73.180000,100,0.000000,0.000000
1480436431000,73.074997,73.099998,200,73.180000,100,0.000000,0.000000
1480436433000,73.074997,73.099998,200,73.180000,100,0.000000,0.000000
1480436435000,73.074997,73.099998,200,73.180000,100,0.000000,0.000000
1480436437000,73.074997,73.099998,200,73.180000,100,0.000000,0.000000
1480436439000,73.074997,73.099998,200,73.180000,100,0.000000,0.000000
1480436441000,73.074997,73.099998,200,73.180000,100,0.000000,0.000000
1480436443000,73.074997,73.099998,200,73.180000,100,0.000000,0.000000
1480436445000,73.074997,73.099998,200,73.180000,100,0.000000,0.000000
1480436447000,73.074997,73.099998,200,73.180000,100,0.000000,0.000000
1480436449000,73.074997,73.099998,200,73.180000,100,0.000000,0.000000
1480436451000,73.074997,73.099998,200,73.180000,100,0.000000,0.000000
1480436453000,73.074997,73.099998,200,73.180000,100,0.000000,0.000000
1480436455000,73.074997,73.099998,200,73.180000,100,0.000000,0.000000
1480436457000,73.074997,73.099998,200,73.180000,100,0.000000,0.000000
1480436459000,73.074997,73.099998,200,73.180000,100,0.000000,0.000000
1480436461000,73.074997,73.099998,200,73.180000,100,0.000000,0.000000
1480436463000,73.074997,73.099998,200,73.180000,100,0.000000,0.000000
1480436465000,73.074997,73.099998,200,73.180000,100,0.000000,0.000000
1480436468000,73.074997,73.099998,200,73.180000,100,0.000000,0.000000
1480436470000,73.074997,73.099998,200,73.180000,100,0.000000,0.000000
1480436472000,73.074997,73.099998,200,73.180000,100,0.000000,0.000000
1480436474000,73.074997,73.099998,200,73.180000,100,0.000000,0.000000
1480436476000,73.074997,73.099998,200,73.180000,100,0.000000,0.000000
1480436478000,73.074997,73.099998,200,73.180000,100,0.000000,0.000000
1480436480000,73.074997,73.099998,200,73.180000,100,0.000000,0.000000
1480436482000,73.074997,73.099998,200,73.180000,100,0.000000,0.000000
1480436484000,73.074997,73.099998,200,73.180000,100,0.000000,0.000000
1480436486000,73.074997,73.099998,200,73.180000,100,0.000000,0.000000
1480436488000,73.074997,73.150002,100,73.220001,100,0.000000,0.000000
1480436490000,73.074997,73.150002,100,73.220001,100,0.000000,0.000000
1480436492000,73.074997,73.150002,100,73.220001,100,0.000000,0.000000
1480436494000,73.074997,73.150002,100,73.220001,100,0.000000,0.000000
1480436496000,73.074997,73.150002,100,73.220001,100,0.000000,0.000000
1480436498000,73.074997,73.150002,100,73.220001,100,0.000000,0.000000
1480436500000,73.074997,73.150002,100,73.220001,100,0.000000,0.000000
1480436502000,73.074997,73.150002,100,73.220001,100,0.000000,0.000000
1480436504000,73.074997,73.150002,100,73.220001,100,0.000000,0.000000
1480436506000,73.074997,73.150002,100,73.220001,100,0.000000,0.000000
1480436509000,73.074997,73.150002,100,73.220001,100,0.000000,0.000000
1480436511000,73.074997,73.150002,100,73.220001,100,0.000000,0.000000
1480436513000,73.074997,73.150002,100,73.220001,100,0.000000,0.000000
1480436515000,73.074997,73.150002,100,73.220001,100,0.000000,0.000000
1480436517000,73.074997,73.150002,100,73.220001,100,0.000000,0.000000
1480436519000,73.074997,73.150002,100,73.220001,100,0.000000,0.000000
1480436521000,73.074997,73.150002,100,73.220001,100,0.000000,0.000000
1480436523000,73.074997,73.150002,100,73.220001,100,0.000000,0.000000
1480436525000,73.074997,73.150002,100,73.220001,100,0.000000,0.000000
1480436527000,72.850998,73.150002,100,73.220001,100,0.000000,0.000000
1480436529000,72.850998,73.150002,100,73.220001,100,0.000000,0.000000
1480436531000,72.850998,73.150002,100,73.220001,100,0.000000,0.000000
1480436533000,72.850998,73.150002,100,73.220001,100,0.000000,0.000000
1480436535000,72.850998,73.150002,100,73.220001,100,0.000000,0.000000
1480436537000,72.850998,73.150002,100,73.220001,100,0.000000,0.000000
1480436539000,72.850998,73.150002,100,73.220001,100,0.000000,0.000000
1480436541000,72.850998,73.150002,100,73.220001,100,0.000000,0.000000
1480436543000,72.850998,73.150002,100,73.220001,100,0.000000,0.000000
1480436545000,72.850998,73.150002,100,73.220001,100,0.000000,0.000000
1480436548000,72.850998,73.160004,100,73.419998,100,0.000000,0.000000
1480436550000,72.850998,73.160004,100,73.410004,400,0.000000,0.000000
1480436552000,72.850998,73.160004,100,73.410004,400,0.000000,0.000000
1480436554000,72.850998,73.160004,100,73.410004,400,0.000000,0.000000
1480436556000,72.850998,73.160004,100,73.410004,400,0.000000,0.000000
1480436558000,72.850998,73.160004,100,73.410004,400,0.000000,0.000000
1480436560000,72.850998,73.160004,100,73.410004,400,0.000000,0.000000
1480436562000,72.850998,73.160004,100,73.410004,400,0.000000,0.000000
1480436564000,72.850998,73.160004,100,73.410004,400,0.000000,0.000000
1480436566000,72.850998,73.160004,100,73.410004,400,0.000000,0.000000
1480436568000,72.850998,73.160004,100,73.410004,400,0.000000,0.000000
1480436570000,72.850998,73.160004,100,73.410004,400,0.000000,0.000000
1480436572000,72.850998,73.160004,100,73.410004,400,0.000000,0.000000
1480436574000,72.850998,73.160004,100,73.410004,400,0.000000,0.000000
1480436576000,72.850998,73.160004,100,73.410004,400,0.000000,0.000000
1480436578000,72.850998,73.160004,100,73.410004,400,0.000000,0.000000
1480436580000,72.850998,73.160004,100,73.410004,400,0.000000,0.000000
1480436583000,72.850998,73.160004,100,73.410004,400,0.000000,0.000000
1480436585000,72.850998,73.160004,100,73.410004,400,0.000000,0.000000
1480436587000,72.850998,73.160004,100,73.410004,400,0.000000,0.000000
1480436589000,72.850998,73.160004,100,73.410004,400,0.000000,0.000000
1480436591000,72.850998,73.160004,100,73.410004,400,0.000000,0.000000
1480436593000,72.850998,73.160004,100,73.410004,400,0.000000,0.000000
1480436595000,72.850998,73.160004,100,73.410004,400,0.000000,0.000000
1480436597000,72.850998,73.160004,100,73.410004,400,0.000000,0.000000
1480436599000,72.850998,73.160004,100,73.410004,400,0.000000,0.000000
1480436601000,72.850998,73.160004,100,73.410004,400,0.000000,0.000000
1480436603000,72.850998,73.160004,100,73.410004,400,0.000000,0.000000
1480436605000,72.850998,73.160004,100,73.410004,400,0.000000,0.000000
1480436607000,72.850998,73.220001,100,73.379997,200,0.000000,0.000000
1480436609000,72.850998,73.220001,100,73.379997,200,0.000000,0.000000
1480436611000,72.850998,73.220001,100,73.379997,200,0.000000,0.000000
1480436613000,72.850998,73.220001,100,73.379997,200,0.000000,0.000000
1480436615000,72.850998,73.220001,100,73.379997,200,0.000000,0.000000
1480436617000,72.850998,73.220001,100,73.379997,200,0.000000,0.000000
1480436620000,72.850998,73.220001,100,73.379997,200,0.000000,0.000000
1480436622000,72.850998,73.220001,100,73.379997,200,0.000000,0.000000
1480436624000,72.850998,73.220001,100,73.379997,200,0.000000,0.000000
1480436626000,72.850998,73.220001,100,73.379997,200,0.000000,0.000000
1480436628000,72.850998,73.220001,100,73.379997,200,0.000000,0.000000
1480436630000,72.850998,73.220001,100,73.379997,200,0.000000,0.000000
1480436632000,72.850998,73.220001,100,73.379997,200,0.000000,0.000000
1480436634000,72.850998,73.220001,100,73.379997,200,0.000000,0.000000
1480436637000,72.850998,73.220001,100,73.379997,200,0.000000,0.000000
1480436639000,72.850998,73.220001,100,73.379997,200,0.000000,0.000000
1480436641000,72.850998,73.220001,100,73.379997,200,0.000000,0.000000
1480436643000,72.850998,73.220001,100,73.379997,200,0.000000,0.000000
1480436645000,72.850998,73.220001,100,73.379997,200,0.000000,0.000000
1480436647000,72.850998,73.220001,100,73.379997,200,0.000000,0.000000
1480436649000,72.850998,73.220001,100,73.379997,200,0.000000,0.000000
1480436651000,72.850998,73.220001,100,73.379997,200,0.000000,0.000000
1480436653000,72.850998,73.220001,100,73.379997,200,0.000000,0.000000
1480436655000,72.850998,73.220001,100,73.379997,200,0.000000,0.000000
1480436657000,72.850998,73.220001,100,73.379997,200,0.000000,0.000000
1480436659000,72.850998,73.220001,100,73.379997,200,0.000000,0.000000
1480436661000,72.850998,73.220001,100,73.379997,200,0.000000,0.000000
1480436663000,72.850998,73.220001,100,73.379997,200,0.000000,0.000000
1480436665000,72.850998,73.220001,100,73.379997,200,0.000000,0.000000
1480436668000,72.850998,73.220001,100,73.370003,200,0.000000,0.000000
1480436670000,72.850998,73.220001,100,73.370003,200,0.000000,0.000000
1480436672000,72.850998,73.220001,100,73.370003,200,0.000000,0.000000
1480436674000,72.850998,73.220001,100,73.370003,200,0.000000,0.000000
1480436676000,72.850998,73.220001,100,73.370003,200,0.000000,0.000000
1480436678000,72.850998,73.220001,100,73.370003,200,0.000000,0.000000
1480436680000,72.850998,73.220001,100,73.370003,200,0.000000,0.000000
1480436682000,72.850998,73.220001,100,73.370003,200,0.000000,0.000000
1480436684000,72.850998,73.220001,100,73.370003,200,0.000000,0.000000
1480436686000,72.850998,73.220001,100,73.370003,200,0.000000,0.000000
1480436688000,72.850998,73.220001,100,73.370003,200,0.000000,0.000000
1480436690000,72.850998,73.220001,100,73.370003,200,0.000000,0.000000
1480436692000,72.850998,73.220001,100,73.370003,200,0.000000,0.000000
1480436694000,72.850998,73.220001,100,73.370003,200,0.000000,0.000000
1480436696000,72.850998,73.220001,100,73.370003,200,0.000000,0.000000
1480436698000,72.850998,73.220001,100,73.370003,200,0.000000,0.000000
1480436700000,72.850998,73.220001,100,73.370003,200,0.000000,0.000000
1480436702000,72.850998,73.220001,100,73.370003,200,0.000000,0.000000
1480436704000,72.850998,73.220001,100,73.370003,200,0.000000,0.000000
1480436706000,72.850998,73.220001,100,73.370003,200,0.000000,0.000000
1480436709000,72.850998,73.220001,100,73.370003,200,0.000000,0.000000
1480436711000,72.850998,73.220001,100,73.370003,200,0.000000,0.000000
1480436713000,72.850998,73.220001,100,73.370003,200,0.000000,0.000000
1480436715000,72.850998,73.220001,100,73.370003,200,0.000000,0.000000
1480436717000,72.850998,73.220001,100,73.370003,200,0.000000,0.000000
1480436719000,72.850998,73.220001,100,73.370003,200,0.000000,0.000000
1480436721000,72.850998,73.220001,100,73.370003,200,0.000000,0.000000
1480436723000,72.850998,73.220001,100,73.370003,200,0.000000,0.000000
1480436725000,72.850998,73.220001,100,73.370003,200,0.000000,0.000000
1480436727000,72.850998,73.220001,100,73.279999,100,0.000000,0.000000
1480436729000,72.850998,73.220001,100,73.279999,100,0.000000,0.000000
1480436731000,72.850998,73.220001,100,73.279999,100,0.000000,0.000000
1480436733000,72.850998,73.220001,100,73.279999,100,0.000000,0.000000
1480436735000,72.850998,73.220001,100,73.279999,100,0.000000,0.000000
1480436737000,72.850998,73.220001,100,73.279999,100,0.000000,0.000000
1480436739000,72.850998,73.220001,100,73.279999,100,0.000000,0.000000
1480436741000,72.850998,73.220001,100,73.279999,100,0.000000,0.000000
1480436743000,72.850998,73.220001,100,73.279999,100,0.000000,0.000000
1480436745000,73.010002,73.220001,100,73.279999,100,0.000000,0.000000
1480436748000,73.010002,73.220001,100,73.279999,100,0.000000,0.000000
1480436750000,73.010002,73.220001,100,73.279999,100,0.000000,0.000000
1480436752000,73.010002,73.220001,100,73.279999,100,0.000000,0.000000
1480436754000,73.010002,73.220001,100,73.279999,100,0.000000,0.000000
1480436756000,73.010002,73.220001,100,73.279999,100,0.000000,0.000000
1480436758000,73.010002,73.220001,100,73.279999,100,0.000000,0.000000
1480436760000,73.010002,73.220001,100,73.279999,100,0.000000,0.000000
1480436762000,73.010002,73.220001,100,73.279999,100,0.000000,0.000000
1480436764000,73.010002,73.220001,100,73.279999,100,0.000000,0.000000
1480436766000,73.010002,73.220001,100,73.279999,100,0.000000,0.000000
1480436768000,73.010002,73.220001,100,73.279999,100,0.000000,0.000000
1480436770000,73.010002,73.220001,100,73.279999,100,0.000000,0.000000
1480436772000,73.010002,73.220001,100,73.279999,100,0.000000,0.000000
1480436774000,73.010002,73.220001,100,73.279999,100,0.000000,0.000000
1480436776000,73.010002,73.220001,100,73.279999,100,0.000000,0.000000
1480436778000,73.010002,73.220001,100,73.279999,100,0.000000,0.000000
1480436780000,73.010002,73.220001,100,73.279999,100,0.000000,0.000000
1480436782000,73.010002,73.220001,100,73.279999,100,0.000000,0.000000
1480436785000,73.010002,73.220001,100,73.279999,100,0.000000,0.000000
1480436787000,73.010002,73.220001,100,73.279999,100,0.000000,0.000000
1480436789000,73.010002,73.220001,100,73.279999,100,0.000000,0.000000
1480436791000,73.010002,73.220001,100,73.279999,100,0.000000,0.000000
1480436793000,73.010002,73.220001,100,73.279999,100,0.000000,0.000000
1480436795000,73.010002,73.220001,100,73.279999,100,0.000000,0.000000
1480436797000,73.010002,73.220001,100,73.279999,100,0.000000,0.000000
1480436799000,73.010002,73.220001,100,73.279999,100,0.000000,0.000000
1480436801000,73.010002,73.220001,100,73.279999,100,0.000000,0.000000
1480436803000,73.010002,73.220001,100,73.279999,100,0.000000,0.000000
1480436805000,72.945000,73.220001,100,73.279999,100,0.000000,0.000000
1480436807000,72.945000,73.220001,100,73.279999,100,0.000000,0.000000
1480436809000,72.945000,73.220001,100,73.279999,100,0.000000,0.000000
1480436811000,72.945000,73.220001,100,73.279999,100,0.000000,0.000000
1480436813000,72.945000,73.220001,100,73.279999,100,0.000000,0.000000
1480436815000,72.945000,73.220001,100,73.279999,100,0.000000,0.000000
1480436817000,72.945000,73.220001,100,73.279999,100,0.000000,0.000000
1480436819000,72.945000,73.220001,100,73.279999,100,0.000000,0.000000
1480436821000,72.945000,73.220001,100,73.279999,100,0.000000,0.000000
1480436824000,72.945000,73.220001,100,73.279999,100,0.000000,0.000000
1480436826000,72.945000,73.220001,100,73.279999,100,0.000000,0.000000
1480436828000,72.945000,73.220001,100,73.279999,100,0.000000,0.000000
1480436830000,72.945000,73.220001,100,73.279999,100,0.000000,0.000000
1480436832000,72.945000,73.220001,100,73.279999,100,0.000000,0.000000
1480436834000,72.945000,73.220001,100,73.279999,100,0.000000,0.000000
1480436836000,72.945000,73.220001,100,73.279999,100,0.000000,0.000000
1480436838000,72.945000,73.220001,100,73.279999,100,0.000000,0.000000
1480436840000,72.945000,73.220001,100,73.279999,100,0.000000,0.000000
1480436842000,72.945000,73.220001,100,73.279999,100,0.000000,0.000000
1480436844000,72.945000,73.220001,100,73.279999,100,0.000000,0.000000
1480436846000,72.945000,73.220001,100,73.279999,100,0.000000,0.000000
1480436848000,72.945000,73.190002,100,73.269997,200,0.000000,0.000000
1480436850000,72.945000,73.190002,100,73.269997,200,0.000000,0.000000
1480436852000,72.945000,73.190002,100,73.269997,200,0.000000,0.000000
1480436854000,72.945000,73.190002,100,73.269997,200,0.000000,0.000000
1480436856000,72.945000,73.190002,100,73.269997,200,0.000000,0.000000
1480436858000,72.945000,73.190002,100,73.269997,200,0.000000,0.000000
1480436860000,72.945000,73.190002,100,73.269997,200,0.000000,0.000000
1480436863000,72.945000,73.190002,100,73.269997,200,0.000000,0.000000
1480436865000,72.945000,73.190002,100,73.269997,200,0.000000,0.000000
1480436867000,72.945000,73.190002,100,73.269997,200,0.000000,0.000000
1480436869000,72.945000,73.190002,100,73.269997,200,0.000000,0.000000
1480436871000,72.945000,73.190002,100,73.269997,200,0.000000,0.000000
1480436873000,72.945000,73.190002,100,73.269997,200,0.000000,0.000000
1480436875000,72.945000,73.190002,100,73.269997,200,0.000000,0.000000
1480436877000,72.945000,73.190002,100,73.269997,200,0.000000,0.000000
1480436879000,72.945000,73.190002,100,73.269997,200,0.000000,0.000000
1480436881000,72.945000,73.190002,100,73.269997,200,0.000000,0.000000
1480436883000,72.945000,73.190002,100,73.269997,200,0.000000,0.000000
1480436885000,72.945000,73.190002,100,73.269997,200,0.000000,0.000000
1480436887000,72.945000,73.190002,100,73.269997,200,0.000000,0.000000
1480436889000,72.945000,73.190002,100,73.269997,200,0.000000,0.000000
1480436891000,72.945000,73.190002,100,73.269997,200,0.000000,0.000000
1480436894000,72.945000,73.190002,100,73.269997,200,0.000000,0.000000
1480436896000,72.945000,73.190002,100,73.269997,200,0.000000,0.000000
1480436898000,72.945000,73.190002,100,73.269997,200,0.000000,0.000000
1480436900000,72.945000,73.190002,100,73.269997,200,0.000000,0.000000
1480436902000,72.945000,73.190002,100,73.269997,200,0.000000,0.000000
1480436904000,72.945000,73.190002,100,73.269997,200,0.000000,0.000000
1480436906000,72.945000,73.190002,100,73.269997,200,0.000000,0.000000
1480436908000,72.945000,73.019997,100,73.169998,100,0.000000,0.000000
1480436910000,72.945000,73.019997,100,73.169998,100,0.000000,0.000000
1480436912000,72.945000,73.019997,100,73.169998,100,0.000000,0.000000
1480436914000,72.945000,73.019997,100,73.169998,100,0.000000,0.000000
1480436916000,72.945000,73.019997,100,73.169998,100,0.000000,0.000000
1480436918000,73.110001,73.019997,100,73.169998,100,0.000000,0.000000
1480436920000,73.110001,73.019997,100,73.169998,100,0.000000,0.000000
1480436922000,73.110001,73.019997,100,73.169998,100,0.000000,0.000000
1480436924000,73.110001,73.019997,100,73.169998,100,0.000000,0.000000
1480436926000,73.110001,73.019997,100,73.169998,100,0.000000,0.000000
1480436929000,73.110001,73.019997,100,73.169998,100,0.000000,0.000000
1480436931000,73.110001,73.019997,100,73.169998,100,0.000000,0.000000
1480436933000,73.110001,73.019997,100,73.169998,100,0.000000,0.000000
1480436935000,73.110001,73.019997,100,73.169998,100,0.000000,0.000000
1480436937000,73.110001,73.019997,100,73.169998,100,0.000000,0.000000
1480436939000,73.110001,73.019997,100,73.169998,100,0.000000,0.000000
1480436941000,73.110001,73.019997,100,73.169998,100,0.000000,0.000000
1480436943000,73.110001,73.019997,100,73.169998,100,0.000000,0.000000
1480436945000,73.110001,73.019997,100,73.169998,100,0.000000,0.000000
1480436947000,73.110001,73.019997,100,73.169998,100,0.000000,0.000000
1480436949000,73.110001,73.019997,100,73.169998,100,0.000000,0.000000
1480436951000,73.110001,73.019997,100,73.169998,100,0.000000,0.000000
1480436953000,73.110001,73.019997,100,73.169998,100,0.000000,0.000000
1480436955000,73.110001,73.019997,100,73.169998,100,0.000000,0.000000
1480436957000,73.110001,73.019997,100,73.169998,100,0.000000,0.000000
1480436959000,73.110001,73.019997,100,73.169998,100,0.000000,0.000000
1480436961000,73.110001,73.019997,100,73.169998,100,0.000000,0.000000
1480436963000,73.110001,73.019997,100,73.169998,100,0.000000,0.000000
1480436965000,73.110001,73.019997,100,73.169998,100,0.000000,0.000000
1480436968000,73.110001,73.000000,1000,73.180000,100,0.000000,0.000000
1480436970000,73.110001,73.000000,1000,73.180000,100,0.000000,0.000000
1480436972000,73.110001,73.000000,1000,73.180000,100,0.000000,0.000000
1480436974000,73.110001,73.000000,1000,73.180000,100,0.000000,0.000000
1480436976000,73.110001,73.000000,1000,73.180000,100,0.000000,0.000000
1480436978000,73.110001,73.000000,1000,73.180000,100,0.000000,0.000000
1480436980000,73.110001,73.000000,1000,73.180000,100,0.000000,0.000000
1480436982000,73.146004,73.000000,1000,73.180000,100,0.000000,0.000000
1480436984000,73.146004,73.000000,1000,73.180000,100,0.000000,0.000000
1480436986000,73.146004,73.000000,1000,73.180000,100,0.000000,0.000000
1480436988000,73.146004,73.000000,1000,73.180000,100,0.000000,0.000000
1480436990000,73.146004,73.000000,1000,73.180000,100,0.000000,0.000000
1480436992000,73.146004,73.000000,1000,73.180000,100,0.000000,0.000000
1480436994000,73.146004,73.000000,1000,73.180000,100,0.000000,0.000000
1480436996000,73.146004,73.000000,1000,73.180000,100,0.000000,0.000000
1480436998000,73.146004,73.000000,1000,73.180000,100,0.000000,0.000000
1480437000000,73.146004,73.000000,1000,73.180000,100,0.000000,0.000000
1480437002000,73.146004,73.000000,1000,73.180000,100,0.000000,0.000000
1480437005000,73.146004,73.000000,1000,73.180000,100,0.000000,0.000000
1480437007000,73.146004,73.000000,1000,73.180000,100,0.000000,0.000000
1480437009000,73.146004,73.000000,1000,73.180000,100,0.000000,0.000000
1480437011000,73.146004,73.000000,1000,73.180000,100,0.000000,0.000000
1480437013000,73.146004,73.000000,1000,73.180000,100,0.000000,0.000000
1480437015000,73.146004,73.000000,1000,73.180000,100,0.000000,0.000000
1480437017000,73.146004,73.000000,1000,73.180000,100,0.000000,0.000000
1480437019000,73.239998,73.000000,1000,73.180000,100,0.000000,0.000000
1480437021000,73.239998,73.000000,1000,73.180000,100,0.000000,0.000000
1480437023000,73.239998,73.000000,1000,73.180000,100,0.000000,0.000000
1480437025000,73.239998,73.000000,1000,73.180000,100,0.000000,0.000000
1480437027000,73.239998,73.000000,1000,73.180000,100,0.000000,0.000000
1480437029000,73.239998,73.000000,1000,73.169998,200,0.000000,0.000000
1480437031000,73.239998,73.000000,1000,73.169998,200,0.000000,0.000000
1480437033000,73.239998,73.000000,1000,73.169998,200,0.000000,0.000000
1480437035000,73.239998,73.000000,1000,73.169998,200,0.000000,0.000000
1480437037000,73.239998,73.000000,1000,73.169998,200,0.000000,0.000000
1480437039000,73.239998,73.000000,1000,73.169998,200,0.000000,0.000000
1480437041000,73.239998,73.000000,1000,73.169998,200,0.000000,0.000000
1480437044000,73.239998,73.000000,1000,73.169998,200,0.000000,0.000000
1480437046000,73.239998,73.000000,1000,73.169998,200,0.000000,0.000000
1480437048000,73.239998,73.000000,1000,73.169998,200,0.000000,0.000000
1480437050000,73.239998,73.000000,1000,73.169998,200,0.000000,0.000000
1480437052000,73.239998,73.000000,1000,73.169998,200,0.000000,0.000000
1480437054000,73.239998,73.000000,1000,73.169998,200,0.000000,0.000000
1480437056000,73.239998,73.000000,1000,73.169998,200,0.000000,0.000000
1480437058000,73.239998,73.000000,1000,73.169998,200,0.000000,0.000000
1480437060000,73.239998,73.000000,1000,73.169998,200,0.000000,0.000000
1480437062000,73.239998,73.000000,1000,73.169998,200,0.000000,0.000000
1480437064000,73.239998,73.000000,1000,73.169998,200,0.000000,0.000000
1480437066000,73.239998,73.000000,1000,73.169998,200,0.000000,0.000000
1480437068000,73.239998,73.000000,1000,73.169998,200,0.000000,0.000000
1480437070000,73.239998,73.000000,1000,73.169998,200,0.000000,0.000000
1480437072000,73.239998,73.000000,1000,73.169998,200,0.000000,0.000000
1480437074000,73.239998,73.000000,1000,73.169998,200,0.000000,0.000000
1480437076000,73.239998,73.000000,1000,73.169998,200,0.000000,0.000000
1480437078000,73.239998,73.000000,1000,73.169998,200,0.000000,0.000000
1480437080000,73.239998,73.000000,1000,73.169998,200,0.000000,0.000000
1480437083000,73.239998,73.000000,1000,73.169998,200,0.000000,0.000000
1480437085000,73.239998,73.000000,1000,73.169998,200,0.000000,0.000000
1480437087000,73.239998,73.000000,1000,73.169998,200,0.000000,0.000000
1480437089000,73.239998,73.000000,1100,73.169998,200,0.000000,0.000000
1480437091000,73.089996,73.000000,1100,73.169998,200,0.000000,0.000000
1480437093000,73.089996,73.000000,1100,73.169998,200,0.000000,0.000000
1480437095000,73.089996,73.000000,1100,73.169998,200,0.000000,0.000000
1480437097000,73.089996,73.000000,1100,73.169998,200,0.000000,0.000000
1480437099000,73.089996,73.000000,1100,73.169998,200,0.000000,0.000000
1480437101000,73.089996,73.000000,1100,73.169998,200,0.000000,0.000000
1480437103000,73.089996,73.000000,1100,73.169998,200,0.000000,0.000000
1480437105000,73.089996,73.000000,1100,73.169998,200,0.000000,0.000000
1480437108000,73.089996,73.000000,1100,73.169998,200,0.000000,0.000000
1480437110000,73.089996,73.000000,1100,73.169998,200,0.000000,0.000000
1480437113000,73.089996,73.000000,1100,73.169998,200,0.000000,0.000000
1480437115000,73.089996,73.000000,1100,73.169998,200,0.000000,0.000000
1480437117000,73.089996,73.000000,1100,73.169998,200,0.000000,0.000000
1480437119000,73.089996,73.000000,1100,73.169998,200,0.000000,0.000000
1480437121000,73.089996,73.000000,1100,73.169998,200,0.000000,0.000000
1480437123000,73.089996,73.000000,1100,73.169998,200,0.000000,0.000000
1480437125000,73.089996,73.000000,1100,73.169998,200,0.000000,0.000000
1480437127000,73.089996,73.000000,1100,73.169998,200,0.000000,0.000000
1480437129000,73.089996,73.000000,1100,73.169998,200,0.000000,0.000000
1480437131000,73.089996,73.000000,1100,73.169998,200,0.000000,0.000000
1480437133000,73.089996,73.000000,1100,73.169998,200,0.000000,0.000000
1480437135000,73.089996,73.000000,1100,73.169998,200,0.000000,0.000000
1480437137000,73.089996,73.000000,1100,73.169998,200,0.000000,0.000000
1480437139000,73.089996,73.000000,1100,73.169998,200,0.000000,0.000000
1480437141000,73.089996,73.000000,1100,73.169998,200,0.000000,0.000000
1480437143000,73.089996,73.000000,1100,73.169998,200,0.000000,0.000000
1480437146000,73.089996,73.000000,1100,73.169998,200,0.000000,0.000000
1480437148000,73.089996,73.000000,1000,73.169998,200,0.000000,0.000000
1480437150000,73.089996,73.000000,1000,73.169998,200,0.000000,0.000000
1480437152000,73.089996,73.000000,1000,73.169998,200,0.000000,0.000000
1480437154000,73.089996,73.000000,1000,73.169998,200,0.000000,0.000000
1480437156000,73.089996,73.000000,1000,73.169998,200,0.000000,0.000000
1480437158000,73.089996,73.000000,1000,73.169998,200,0.000000,0.000000
1480437160000,73.089996,73.000000,1000,73.169998,200,0.000000,0.000000
1480437162000,73.089996,73.000000,1000,73.169998,200,0.000000,0.000000
1480437164000,73.089996,73.000000,1000,73.169998,200,0.000000,0.000000
1480437166000,73.089996,73.000000,1000,73.169998,200,0.000000,0.000000
1480437168000,73.089996,73.000000,1000,73.169998,200,0.000000,0.000000
1480437170000,73.089996,73.000000,1000,73.169998,200,0.000000,0.000000
1480437172000,73.089996,73.000000,1000,73.169998,200,0.000000,0.000000
1480437174000,73.089996,73.000000,1000,73.169998,200,0.000000,0.000000
1480437176000,73.089996,73.000000,1000,73.169998,200,0.000000,0.000000
1480437178000,73.089996,73.000000,1000,73.169998,200,0.000000,0.000000
1480437181000,73.089996,73.000000,1000,73.169998,200,0.000000,0.000000
1480437183000,73.089996,73.000000,1000,73.169998,200,0.000000,0.000000
1480437185000,73.089996,73.000000,1000,73.169998,200,0.000000,0.000000
1480437187000,73.089996,73.000000,1000,73.169998,200,0.000000,0.000000
1480437189000,73.089996,73.000000,1000,73.169998,200,0.000000,0.000000
1480437191000,73.089996,73.000000,1000,73.169998,200,0.000000,0.000000
1480437193000,73.089996,73.000000,1000,73.169998,200,0.000000,0.000000
1480437195000,73.089996,73.000000,1000,73.169998,200,0.000000,0.000000
1480437197000,73.089996,73.000000,1000,73.169998,200,0.000000,0.000000
1480437199000,73.089996,73.000000,1000,73.169998,200,0.000000,0.000000
1480437201000,73.089996,73.000000,1000,73.169998,200,0.000000,0.000000
1480437203000,73.089996,73.000000,1000,73.169998,200,0.000000,0.000000
1480437205000,73.089996,73.000000,1000,73.169998,200,0.000000,0.000000
1480437207000,73.089996,73.000000,1000,73.169998,300,0.000000,0.000000
1480437209000,73.089996,73.000000,1000,73.169998,300,0.000000,0.000000
1480437211000,73.089996,73.000000,1000,73.169998,300,0.000000,0.000000
1480437214000,73.089996,73.000000,1000,73.169998,300,0.000000,0.000000
1480437216000,73.089996,73.000000,1000,73.169998,300,0.000000,0.000000
1480437218000,73.089996,73.000000,1000,73.169998,300,0.000000,0.000000
1480437220000,73.089996,73.000000,1000,73.169998,300,0.000000,0.000000
1480437222000,73.089996,73.000000,1000,73.169998,300,0.000000,0.000000
1480437224000,73.089996,73.000000,1000,73.169998,300,0.000000,0.000000
1480437226000,73.089996,73.000000,1000,73.169998,300,0.000000,0.000000
1480437228000,73.089996,73.000000,1000,73.169998,300,0.000000,0.000000
1480437230000,73.089996,73.000000,1000,73.169998,300,0.000000,0.000000
1480437232000,73.089996,73.000000,1000,73.169998,300,0.000000,0.000000
1480437234000,73.089996,73.000000,1000,73.169998,300,0.000000,0.000000
1480437236000,73.089996,73.000000,1000,73.169998,300,0.000000,0.000000
1480437238000,73.089996,73.000000,1000,73.169998,300,0.000000,0.000000
1480437240000,73.089996,73.000000,1000,73.169998,300,0.000000,0.000000
1480437242000,73.089996,73.000000,1000,73.169998,300,0.000000,0.000000
1480437244000,73.089996,73.000000,1000,73.169998,300,0.000000,0.000000
1480437246000,73.089996,73.000000,1000,73.169998,300,0.000000,0.000000
1480437248000,73.089996,73.000000,1000,73.169998,300,0.000000,0.000000
1480437250000,73.089996,73.000000,1000,73.169998,300,0.000000,0.000000
1480437253000,73.089996,73.000000,1000,73.169998,300,0.000000,0.000000
1480437255000,73.059998,73.000000,1000,73.169998,300,0.000000,0.000000
1480437257000,73.059998,73.000000,1000,73.169998,300,0.000000,0.000000
1480437259000,73.059998,73.000000,1000,73.169998,300,0.000000,0.000000
1480437261000,73.059998,73.000000,1000,73.169998,300,0.000000,0.000000
1480437263000,73.059998,73.000000,1000,73.169998,300,0.000000,0.000000
1480437265000,73.059998,73.000000,1000,73.169998,300,0.000000,0.000000
1480437267000,73.059998,73.000000,1000,73.169998,300,0.000000,0.000000
1480437269000,73.059998,73.000000,1000,73.169998,300,0.000000,0.000000
1480437271000,73.059998,73.019997,100,73.160004,200,0.000000,0.000000
1480437273000,73.059998,73.019997,100,73.160004,200,0.000000,0.000000
1480437275000,73.059998,73.019997,100,73.160004,200,0.000000,0.000000
1480437277000,73.059998,73.019997,100,73.160004,200,0.000000,0.000000
1480437279000,73.059998,73.019997,100,73.160004,200,0.000000,0.000000
1480437281000,73.059998,73.019997,100,73.160004,200,0.000000,0.000000
1480437283000,73.059998,73.019997,100,73.160004,200,0.000000,0.000000
1480437285000,73.059998,73.019997,100,73.160004,200,0.000000,0.000000
1480437288000,73.059998,73.019997,100,73.160004,200,0.000000,0.000000
1480437290000,73.059998,73.019997,100,73.160004,200,0.000000,0.000000
1480437292000,73.059998,73.019997,100,73.160004,200,0.000000,0.000000
1480437294000,73.059998,73.019997,100,73.160004,200,0.000000,0.000000
1480437296000,73.059998,73.019997,100,73.160004,200,0.000000,0.000000
1480437298000,73.059998,73.019997,100,73.160004,200,0.000000,0.000000
1480437300000,73.059998,73.019997,100,73.160004,200,0.000000,0.000000
1480437302000,73.059998,73.019997,100,73.160004,200,0.000000,0.000000
1480437304000,73.059998,73.019997,100,73.160004,200,0.000000,0.000000
1480437306000,73.059998,73.019997,100,73.160004,200,0.000000,0.000000
1480437308000,73.059998,73.019997,100,73.160004,200,0.000000,0.000000
1480437310000,73.059998,73.019997,100,73.160004,200,0.000000,0.000000
1480437312000,73.059998,73.019997,100,73.160004,200,0.000000,0.000000
1480437314000,73.059998,73.019997,100,73.160004,200,0.000000,0.000000
1480437316000,73.059998,73.019997,100,73.160004,200,0.000000,0.000000
1480437318000,73.059998,73.019997,100,73.160004,200,0.000000,0.000000
1480437320000,73.059998,73.019997,100,73.160004,200,0.000000,0.000000
1480437323000,73.059998,73.019997,100,73.160004,200,0.000000,0.000000
1480437325000,73.059998,73.019997,100,73.160004,200,0.000000,0.000000
1480437327000,73.059998,73.019997,100,73.160004,200,0.000000,0.000000
1480437329000,73.059998,73.000000,1000,73.150002,200,0.000000,0.000000
1480437331000,73.059998,73.000000,1000,73.150002,200,0.000000,0.000000
1480437333000,73.059998,73.000000,1000,73.150002,200,0.000000,0.000000
1480437335000,73.059998,73.000000,1000,73.150002,200,0.000000,0.000000
1480437337000,73.059998,73.000000,1000,73.150002,200,0.000000,0.000000
1480437339000,73.059998,73.000000,1000,73.150002,200,0.000000,0.000000
1480437341000,73.010002,73.000000,1000,73.150002,200,0.000000,0.000000
1480437343000,73.010002,73.000000,1000,73.150002,200,0.000000,0.000000
1480437345000,73.010002,73.000000,1000,73.150002,200,0.000000,0.000000
1480437347000,73.010002,73.000000,1000,73.150002,200,0.000000,0.000000
1480437349000,73.010002,73.000000,1000,73.150002,200,0.000000,0.000000
1480437351000,73.010002,73.000000,1000,73.150002,200,0.000000,0.000000
1480437354000,73.010002,73.000000,1000,73.150002,200,0.000000,0.000000
1480437356000,73.010002,73.000000,1000,73.150002,200,0.000000,0.000000
1480437358000,73.010002,73.000000,1000,73.150002,200,0.000000,0.000000
1480437360000,73.010002,73.000000,1000,73.150002,200,0.000000,0.000000
1480437362000,73.010002,73.000000,1000,73.150002,200,0.000000,0.000000
1480437364000,73.010002,73.000000,1000,73.150002,200,0.000000,0.000000
1480437366000,73.010002,73.000000,1000,73.150002,200,0.000000,0.000000
1480437368000,73.010002,73.000000,1000,73.150002,200,0.000000,0.000000
1480437370000,73.010002,73.000000,1000,73.150002,200,0.000000,0.000000
1480437372000,73.010002,73.000000,1000,73.150002,200,0.000000,0.000000
1480437374000,73.010002,73.000000,1000,73.150002,200,0.000000,0.000000
1480437376000,73.010002,73.000000,1000,73.150002,200,0.000000,0.000000
1480437378000,73.010002,73.000000,1000,73.150002,200,0.000000,0.000000
1480437380000,73.010002,73.000000,1000,73.150002,200,0.000000,0.000000
1480437382000,73.010002,73.000000,1000,73.150002,200,0.000000,0.000000
1480437384000,73.010002,73.000000,1000,73.150002,200,0.000000,0.000000
1480437386000,73.010002,73.000000,1000,73.150002,200,0.000000,0.000000
1480437389000,73.010002,73.000000,1000,73.139999,300,0.000000,0.000000
1480437391000,73.010002,73.000000,1000,73.139999,300,0.000000,0.000000
1480437393000,73.010002,73.000000,1000,73.139999,300,0.000000,0.000000
1480437395000,73.010002,73.000000,1000,73.139999,300,0.000000,0.000000
1480437397000,73.010002,73.000000,1000,73.139999,300,0.000000,0.000000
1480437399000,73.010002,73.000000,1000,73.139999,300,0.000000,0.000000
1480437401000,73.010002,73.000000,1000,73.139999,300,0.000000,0.000000
1480437403000,73.010002,73.000000,1000,73.139999,300,0.000000,0.000000
1480437405000,73.010002,73.000000,1000,73.139999,300,0.000000,0.000000
1480437407000,73.010002,73.000000,1000,73.139999,300,0.000000,0.000000
1480437409000,73.010002,73.000000,1000,73.139999,300,0.000000,0.000000
1480437411000,73.010002,73.000000,1000,73.139999,300,0.000000,0.000000
1480437413000,73.010002,73.000000,1000,73.139999,300,0.000000,0.000000
1480437415000,73.010002,73.000000,1000,73.139999,300,0.000000,0.000000
1480437417000,73.010002,73.000000,1000,73.139999,300,0.000000,0.000000
1480437420000,73.010002,73.000000,1000,73.139999,300,0.000000,0.000000
1480437422000,73.010002,73.000000,1000,73.139999,300,0.000000,0.000000
1480437424000,73.010002,73.000000,1000,73.139999,300,0.000000,0.000000
1480437426000,73.010002,73.000000,1000,73.139999,300,0.000000,0.000000
1480437428000,73.010002,73.000000,1000,73.139999,300,0.000000,0.000000
1480437431000,73.010002,73.000000,1000,73.139999,300,0.000000,0.000000
1480437433000,73.010002,73.000000,1000,73.139999,300,0.000000,0.000000
1480437435000,73.010002,73.000000,1000,73.139999,300,0.000000,0.000000
1480437437000,73.010002,73.000000,1000,73.139999,300,0.000000,0.000000
1480437439000,73.010002,73.000000,1000,73.139999,300,0.000000,0.000000
1480437442000,73.010002,73.000000,1000,73.139999,300,0.000000,0.000000
1480437444000,73.010002,73.000000,1000,73.139999,300,0.000000,0.000000
1480437446000,73.010002,73.000000,1000,73.139999,300,0.000000,0.000000
1480437448000,73.010002,73.000000,1000,73.139999,300,0.000000,0.000000
1480437450000,73.010002,72.790001,200,73.019997,200,0.000000,0.000000
1480437452000,73.010002,72.790001,200,73.019997,200,0.000000,0.000000
1480437454000,73.010002,72.790001,200,73.019997,200,0.000000,0.000000
1480437457000,73.010002,72.790001,200,73.019997,200,0.000000,0.000000
1480437459000,73.010002,72.790001,200,73.019997,200,0.000000,0.000000
1480437461000,73.010002,72.790001,200,73.019997,200,0.000000,0.000000
1480437463000,73.010002,72.790001,200,73.019997,200,0.000000,0.000000
1480437465000,73.010002,72.790001,200,73.019997,200,0.000000,0.000000
1480437467000,73.010002,72.790001,200,73.019997,200,0.000000,0.000000
1480437469000,73.010002,72.790001,200,73.019997,200,0.000000,0.000000
1480437471000,73.010002,72.790001,200,73.019997,200,0.000000,0.000000
1480437473000,73.010002,72.790001,200,73.019997,200,0.000000,0.000000
1480437475000,73.010002,72.790001,200,73.019997,200,0.000000,0.000000
1480437477000,73.010002,72.790001,200,73.019997,200,0.000000,0.000000
1480437479000,73.010002,72.790001,200,73.019997,200,0.000000,0.000000
1480437481000,73.010002,72.790001,200,73.019997,200,0.000000,0.000000
1480437483000,73.010002,72.790001,200,73.019997,200,0.000000,0.000000
1480437485000,73.010002,72.790001,200,73.019997,200,0.000000,0.000000
1480437488000,73.010002,72.790001,200,73.019997,200,0.000000,0.000000
1480437490000,73.010002,72.790001,200,73.019997,200,0.000000,0.000000
1480437492000,73.010002,72.790001,200,73.019997,200,0.000000,0.000000
1480437494000,73.010002,72.790001,200,73.019997,200,0.000000,0.000000
1480437496000,73.050003,72.790001,200,73.019997,200,0.000000,0.000000
1480437498000,73.050003,72.790001,200,73.019997,200,0.000000,0.000000
1480437500000,73.050003,72.790001,200,73.019997,200,0.000000,0.000000
1480437502000,73.050003,72.790001,200,73.019997,200,0.000000,0.000000
1480437504000,73.050003,72.790001,200,73.019997,200,0.000000,0.000000
1480437506000,73.050003,72.790001,200,73.019997,200,0.000000,0.000000
1480437508000,73.050003,72.839996,100,73.000000,200,0.000000,0.000000
1480437510000,73.050003,72.839996,100,73.000000,200,0.000000,0.000000
1480437512000,73.050003,72.839996,100,73.000000,200,0.000000,0.000000
1480437514000,73.050003,72.839996,100,73.000000,200,0.000000,0.000000
1480437516000,73.050003,72.839996,100,73.000000,200,0.000000,0.000000
1480437518000,73.050003,72.839996,100,73.000000,200,0.000000,0.000000
1480437520000,73.050003,72.839996,100,73.000000,200,0.000000,0.000000
1480437523000,73.050003,72.839996,100,73.000000,200,0.000000,0.000000
1480437525000,73.050003,72.839996,100,73.000000,200,0.000000,0.000000
1480437527000,73.050003,72.839996,100,73.000000,200,0.000000,0.000000
1480437529000,73.014999,72.839996,100,73.000000,200,0.000000,0.000000
1480437531000,73.014999,72.839996,100,73.000000,200,0.000000,0.000000
1480437533000,73.014999,72.839996,100,73.000000,200,0.000000,0.000000
1480437535000,73.014999,72.839996,100,73.000000,200,0.000000,0.000000
1480437537000,73.014999,72.839996,100,73.000000,200,0.000000,0.000000
1480437539000,73.014999,72.839996,100,73.000000,200,0.000000,0.000000
1480437541000,73.014999,72.839996,100,73.000000,200,0.000000,0.000000
1480437543000,73.014999,72.839996,100,73.000000,200,0.000000,0.000000
1480437545000,73.014999,72.839996,100,73.000000,200,0.000000,0.000000
1480437547000,73.014999,72.839996,100,73.000000,200,0.000000,0.000000
1480437549000,73.014999,72.839996,100,73.000000,200,0.000000,0.000000
1480437551000,73.014999,72.839996,100,73.000000,200,0.000000,0.000000
1480437553000,73.014999,72.839996,100,73.000000,200,0.000000,0.000000
1480437555000,73.014999,72.839996,100,73.000000,200,0.000000,0.000000
1480437558000,73.014999,72.839996,100,73.000000,200,0.000000,0.000000
1480437560000,73.014999,72.839996,100,73.000000,200,0.000000,0.000000
1480437562000,73.014999,72.839996,100,73.000000,200,0.000000,0.000000
1480437564000,73.014999,72.839996,100,73.000000,200,0.000000,0.000000
1480437566000,73.014999,72.839996,100,73.000000,200,0.000000,0.000000
1480437568000,73.014999,72.809998,100,72.970001,200,0.000000,0.000000
1480437570000,73.014999,72.809998,100,72.970001,200,0.000000,0.000000
1480437572000,73.014999,72.809998,100,72.970001,200,0.000000,0.000000
1480437574000,73.014999,72.809998,100,72.970001,200,0.000000,0.000000
1480437576000,73.014999,72.809998,100,72.970001,200,0.000000,0.000000
1480437578000,73.014999,72.809998,100,72.970001,200,0.000000,0.000000
1480437580000,73.014999,72.809998,100,72.970001,200,0.000000,0.000000
1480437582000,73.014999,72.809998,100,72.970001,200,0.000000,0.000000
1480437584000,73.014999,72.809998,100,72.970001,200,0.000000,0.000000
1480437586000,73.014999,72.809998,100,72.970001,200,0.000000,0.000000
1480437588000,73.014999,72.809998,100,72.970001,200,0.000000,0.000000
1480437590000,73.014999,72.809998,100,72.970001,200,0.000000,0.000000
1480437592000,73.014999,72.809998,100,72.970001,200,0.000000,0.000000
1480437594000,73.014999,72.809998,100,72.970001,200,0.000000,0.000000
1480437596000,73.014999,72.809998,100,72.970001,200,0.000000,0.000000
1480437599000,73.014999,72.809998,100,72.970001,200,0.000000,0.000000
1480437601000,73.014999,72.809998,100,72.970001,200,0.000000,0.000000
1480437603000,73.014999,72.809998,100,72.970001,200,0.000000,0.000000
1480437605000,73.014999,72.809998,100,72.970001,200,0.000000,0.000000
1480437607000,73.014999,72.809998,100,72.970001,200,0.000000,0.000000
1480437609000,73.014999,72.809998,100,72.970001,200,0.000000,0.000000
1480437611000,73.014999,72.809998,100,72.970001,200,0.000000,0.000000
1480437613000,73.014999,72.809998,100,72.970001,200,0.000000,0.000000
1480437615000,73.014999,72.809998,100,72.970001,200,0.000000,0.000000
1480437617000,73.014999,72.809998,100,72.970001,200,0.000000,0.000000
1480437619000,73.014999,72.809998,100,72.970001,200,0.000000,0.000000
1480437621000,73.014999,72.809998,100,72.970001,200,0.000000,0.000000
1480437623000,73.014999,72.809998,100,72.970001,200,0.000000,0.000000
1480437625000,73.014999,72.809998,100,72.970001,200,0.000000,0.000000
1480437627000,73.014999,72.809998,100,72.970001,200,0.000000,0.000000
1480437630000,73.014999,72.820000,100,72.959999,200,0.000000,0.000000
1480437632000,73.014999,72.820000,100,72.959999,200,0.000000,0.000000
1480437634000,73.014999,72.820000,100,72.959999,200,0.000000,0.000000
1480437636000,73.014999,72.820000,100,72.959999,200,0.000000,0.000000
1480437638000,73.014999,72.820000,100,72.959999,200,0.000000,0.000000
1480437640000,73.014999,72.820000,100,72.959999,200,0.000000,0.000000
1480437642000,73.014999,72.820000,100,72.959999,200,0.000000,0.000000
1480437644000,73.014999,72.820000,100,72.959999,200,0.000000,0.000000
1480437646000,73.014999,72.820000,100,72.959999,200,0.000000,0.000000
1480437648000,73.014999,72.820000,100,72.959999,200,0.000000,0.000000
1480437650000,73.014999,72.820000,100,72.959999,200,0.000000,0.000000
1480437652000,73.014999,72.820000,100,72.959999,200,0.000000,0.000000
1480437654000,73.014999,72.820000,100,72.959999,200,0.000000,0.000000
1480437656000,72.919998,72.820000,100,72.959999,200,0.000000,0.000000
1480437658000,72.919998,72.820000,100,72.959999,200,0.000000,0.000000
1480437660000,72.919998,72.820000,100,72.959999,200,0.000000,0.000000
1480437662000,72.919998,72.820000,100,72.959999,200,0.000000,0.000000
1480437664000,72.919998,72.820000,100,72.959999,200,0.000000,0.000000
1480437666000,72.919998,72.820000,100,72.959999,200,0.000000,0.000000
1480437669000,72.919998,72.820000,100,72.959999,200,0.000000,0.000000
1480437671000,72.919998,72.820000,100,72.959999,200,0.000000,0.000000
1480437673000,72.919998,72.820000,100,72.959999,200,0.000000,0.000000
1480437675000,72.919998,72.820000,100,72.959999,200,0.000000,0.000000
1480437677000,72.919998,72.820000,100,72.959999,200,0.000000,0.000000
1480437679000,72.919998,72.820000,100,72.959999,200,0.000000,0.000000
1480437681000,72.919998,72.820000,100,72.959999,200,0.000000,0.000000
1480437683000,72.919998,72.820000,100,72.959999,200,0.000000,0.000000
1480437685000,72.919998,72.820000,100,72.959999,200,0.000000,0.000000
1480437687000,72.919998,72.820000,100,72.959999,200,0.000000,0.000000
1480437689000,72.919998,72.870003,300,73.129997,100,0.000000,0.000000
1480437691000,72.919998,72.870003,300,73.129997,100,0.000000,0.000000
1480437693000,72.919998,72.870003,300,73.129997,100,0.000000,0.000000
1480437695000,72.919998,72.870003,300,73.129997,100,0.000000,0.000000
1480437697000,72.919998,72.870003,300,73.129997,100,0.000000,0.000000
1480437699000,72.919998,72.870003,300,73.129997,100,0.000000,0.000000
1480437701000,72.919998,72.870003,300,73.129997,100,0.000000,0.000000
1480437703000,72.919998,72.870003,300,73.129997,100,0.000000,0.000000
1480437705000,72.919998,72.870003,300,73.129997,100,0.000000,0.000000
1480437708000,72.919998,72.870003,300,73.129997,100,0.000000,0.000000
1480437710000,72.919998,72.870003,300,73.129997,100,0.000000,0.000000
1480437712000,72.919998,72.870003,300,73.129997,100,0.000000,0.000000
1480437714000,72.919998,72.870003,300,73.129997,100,0.000000,0.000000
1480437716000,72.919998,72.870003,300,73.129997,100,0.000000,0.000000
1480437718000,72.919998,72.870003,300,73.129997,100,0.000000,0.000000
1480437720000,72.919998,72.870003,300,73.129997,100,0.000000,0.000000
1480437722000,72.919998,72.870003,300,73.129997,100,0.000000,0.000000
1480437724000,72.919998,72.870003,300,73.129997,100,0.000000,0.000000
1480437726000,72.919998,72.870003,300,73.129997,100,0.000000,0.000000
1480437728000,72.919998,72.870003,300,73.129997,100,0.000000,0.000000
1480437730000,72.919998,72.870003,300,73.129997,100,0.000000,0.000000
1480437732000,72.919998,72.870003,300,73.129997,100,0.000000,0.000000
1480437734000,72.919998,72.870003,300,73.129997,100,0.000000,0.000000
1480437736000,72.919998,72.870003,300,73.129997,100,0.000000,0.000000
1480437738000,72.919998,72.870003,300,73.129997,100,0.000000,0.000000
1480437740000,72.919998,72.870003,300,73.129997,100,0.000000,0.000000
1480437743000,72.919998,72.870003,300,73.129997,100,0.000000,0.000000
1480437745000,72.919998,72.870003,300,73.129997,100,0.000000,0.000000
1480437747000,72.919998,72.870003,300,73.129997,100,0.000000,0.000000
1480437749000,72.919998,73.019997,100,73.180000,200,0.000000,0.000000
1480437751000,72.919998,73.019997,100,73.180000,200,0.000000,0.000000
1480437753000,72.919998,73.019997,100,73.180000,200,0.000000,0.000000
1480437755000,72.919998,73.019997,100,73.180000,200,0.000000,0.000000
1480437757000,72.919998,73.019997,100,73.180000,200,0.000000,0.000000
1480437759000,72.919998,73.019997,100,73.180000,200,0.000000,0.000000
1480437761000,72.919998,73.019997,100,73.180000,200,0.000000,0.000000
1480437763000,72.919998,73.019997,100,73.180000,200,0.000000,0.000000
1480437765000,72.919998,73.019997,100,73.180000,200,0.000000,0.000000
1480437767000,72.919998,73.019997,100,73.180000,200,0.000000,0.000000
1480437769000,72.919998,73.019997,100,73.180000,200,0.000000,0.000000
1480437771000,72.900002,73.019997,100,73.180000,200,0.000000,0.000000
1480437774000,72.900002,73.019997,100,73.180000,200,0.000000,0.000000
1480437776000,72.900002,73.019997,100,73.180000,200,0.000000,0.000000
1480437778000,72.900002,73.019997,100,73.180000,200,0.000000,0.000000
1480437780000,72.900002,73.019997,100,73.180000,200,0.000000,0.000000
1480437782000,72.900002,73.019997,100,73.180000,200,0.000000,0.000000
1480437784000,72.900002,73.019997,100,73.180000,200,0.000000,0.000000
1480437786000,72.900002,73.019997,100,73.180000,200,0.000000,0.000000
1480437788000,72.900002,73.019997,100,73.180000,200,0.000000,0.000000
1480437790000,72.900002,73.019997,100,73.180000,200,0.000000,0.000000
1480437792000,72.900002,73.019997,100,73.180000,200,0.000000,0.000000
1480437794000,72.900002,73.019997,100,73.180000,200,0.000000,0.000000
1480437796000,72.900002,73.019997,100,73.180000,200,0.000000,0.000000
1480437798000,72.900002,73.019997,100,73.180000,200,0.000000,0.000000
1480437800000,72.900002,73.019997,100,73.180000,200,0.000000,0.000000
1480437802000,72.900002,73.019997,100,73.180000,200,0.000000,0.000000
1480437804000,72.900002,73.019997,100,73.180000,200,0.000000,0.000000
1480437806000,72.900002,73.019997,100,73.180000,200,0.000000,0.000000
1480437809000,72.900002,73.040001,100,73.169998,100,0.000000,0.000000
1480437811000,72.900002,73.040001,100,73.169998,100,0.000000,0.000000
1480437813000,72.900002,73.040001,100,73.169998,100,0.000000,0.000000
1480437815000,72.900002,73.040001,100,73.169998,100,0.000000,0.000000
1480437817000,72.900002,73.040001,100,73.169998,100,0.000000,0.000000
1480437819000,72.900002,73.040001,100,73.169998,100,0.000000,0.000000
1480437821000,72.900002,73.040001,100,73.169998,100,0.000000,0.000000
1480437823000,72.900002,73.040001,100,73.169998,100,0.000000,0.000000
1480437825000,72.900002,73.040001,100,73.169998,100,0.000000,0.000000
1480437827000,72.900002,73.040001,100,73.169998,100,0.000000,0.000000
1480437829000,72.900002,73.040001,100,73.169998,100,0.000000,0.000000
1480437831000,72.900002,73.040001,100,73.169998,100,0.000000,0.000000
1480437833000,72.900002,73.040001,100,73.169998,100,0.000000,0.000000
1480437835000,72.900002,73.040001,100,73.169998,100,0.000000,0.000000
1480437837000,72.900002,73.040001,100,73.169998,100,0.000000,0.000000
1480437839000,72.900002,73.040001,100,73.169998,100,0.000000,0.000000
1480437841000,72.900002,73.040001,100,73.169998,100,0.000000,0.000000
1480437843000,72.900002,73.040001,100,73.169998,100,0.000000,0.000000
1480437845000,72.900002,73.040001,100,73.169998,100,0.000000,0.000000
1480437847000,72.900002,73.040001,100,73.169998,100,0.000000,0.000000
1480437850000,72.900002,73.040001,100,73.169998,100,0.000000,0.000000
1480437852000,72.900002,73.040001,100,73.169998,100,0.000000,0.000000
1480437854000,72.900002,73.040001,100,73.169998,100,0.000000,0.000000
1480437856000,72.900002,73.040001,100,73.169998,100,0.000000,0.000000
1480437858000,72.900002,73.040001,100,73.169998,100,0.000000,0.000000
1480437860000,72.900002,73.040001,100,73.169998,100,0.000000,0.000000
1480437862000,72.900002,73.040001,100,73.169998,100,0.000000,0.000000
1480437864000,72.900002,73.040001,100,73.169998,100,0.000000,0.000000
1480437866000,72.900002,73.040001,100,73.169998,100,0.000000,0.000000
1480437868000,72.900002,73.050003,100,73.169998,100,0.000000,0.000000
1480437870000,72.900002,73.050003,100,73.169998,100,0.000000,0.000000
1480437872000,72.900002,73.050003,100,73.169998,100,0.000000,0.000000
1480437874000,72.900002,73.050003,100,73.169998,100,0.000000,0.000000
1480437876000,72.900002,73.050003,100,73.169998,100,0.000000,0.000000
1480437878000,72.900002,73.050003,100,73.169998,100,0.000000,0.000000
1480437880000,72.900002,73.050003,100,73.169998,100,0.000000,0.000000
1480437882000,72.900002,73.050003,100,73.169998,100,0.000000,0.000000
1480437885000,72.900002,73.050003,100,73.169998,100,0.000000,0.000000
1480437887000,72.900002,73.050003,100,73.169998,100,0.000000,0.000000
1480437889000,72.900002,73.050003,100,73.169998,100,0.000000,0.000000
1480437891000,72.900002,73.050003,100,73.169998,100,0.000000,0.000000
1480437893000,72.900002,73.050003,100,73.169998,100,0.000000,0.000000
1480437895000,72.900002,73.050003,100,73.169998,100,0.000000,0.000000
1480437897000,72.900002,73.050003,100,73.169998,100,0.000000,0.000000
1480437899000,72.900002,73.050003,100,73.169998,100,0.000000,0.000000
1480437901000,72.900002,73.050003,100,73.169998,100,0.000000,0.000000
1480437903000,72.900002,73.050003,100,73.169998,100,0.000000,0.000000
1480437905000,72.900002,73.050003,100,73.169998,100,0.000000,0.000000
1480437907000,72.900002,73.050003,100,73.169998,100,0.000000,0.000000
1480437909000,72.900002,73.050003,100,73.169998,100,0.000000,0.000000
1480437911000,72.900002,73.050003,100,73.169998,100,0.000000,0.000000
1480437913000,72.900002,73.050003,100,73.169998,100,0.000000,0.000000
1480437915000,72.900002,73.050003,100,73.169998,100,0.000000,0.000000
1480437917000,72.900002,73.050003,100,73.169998,100,0.000000,0.000000
1480437919000,72.900002,73.050003,100,73.169998,100,0.000000,0.000000
1480437921000,72.900002,73.050003,100,73.169998,100,0.000000,0.000000
1480437924000,72.900002,73.050003,100,73.169998,100,0.000000,0.000000
1480437926000,72.900002,73.050003,100,73.169998,100,0.000000,0.000000
1480437928000,72.900002,73.050003,100,73.169998,100,0.000000,0.000000
1480437930000,72.900002,73.120003,100,73.239998,100,0.000000,0.000000
1480437932000,72.900002,73.120003,100,73.239998,100,0.000000,0.000000
1480437934000,72.900002,73.120003,100,73.239998,100,0.000000,0.000000
1480437936000,72.900002,73.120003,100,73.239998,100,0.000000,0.000000
1480437938000,72.900002,73.120003,100,73.239998,100,0.000000,0.000000
1480437940000,72.900002,73.120003,100,73.239998,100,0.000000,0.000000
1480437942000,72.900002,73.120003,100,73.239998,100,0.000000,0.000000
1480437944000,72.900002,73.120003,100,73.239998,100,0.000000,0.000000
1480437946000,72.900002,73.120003,100,73.239998,100,0.000000,0.000000
1480437948000,72.900002,73.120003,100,73.239998,100,0.000000,0.000000
1480437950000,72.900002,73.120003,100,73.239998,100,0.000000,0.000000
1480437952000,72.900002,73.120003,100,73.239998,100,0.000000,0.000000
1480437954000,72.900002,73.120003,100,73.239998,100,0.000000,0.000000
1480437956000,72.940002,73.120003,100,73.239998,100,0.000000,0.000000
1480437958000,72.940002,73.120003,100,73.239998,100,0.000000,0.000000
1480437961000,72.910004,73.120003,100,73.239998,100,0.000000,0.000000
1480437963000,72.910004,73.120003,100,73.239998,100,0.000000,0.000000
1480437965000,72.910004,73.120003,100,73.239998,100,0.000000,0.000000
1480437967000,72.910004,73.120003,100,73.239998,100,0.000000,0.000000
1480437969000,72.910004,73.120003,100,73.239998,100,0.000000,0.000000
1480437971000,72.910004,73.120003,100,73.239998,100,0.000000,0.000000
1480437973000,72.910004,73.120003,100,73.239998,100,0.000000,0.000000
1480437975000,72.910004,73.120003,100,73.239998,100,0.000000,0.000000
1480437977000,72.910004,73.120003,100,73.239998,100,0.000000,0.000000
1480437979000,72.910004,73.120003,100,73.239998,100,0.000000,0.000000
1480437981000,72.910004,73.120003,100,73.239998,100,0.000000,0.000000
1480437983000,72.910004,73.120003,100,73.239998,100,0.000000,0.000000
1480437985000,72.910004,73.120003,100,73.239998,100,0.000000,0.000000
1480437987000,72.910004,73.120003,100,73.239998,100,0.000000,0.000000
1480437989000,72.910004,73.139999,100,73.250000,100,0.000000,0.000000
1480437991000,72.910004,73.139999,100,73.250000,100,0.000000,0.000000
1480437993000,72.910004,73.139999,100,73.250000,100,0.000000,0.000000
1480437995000,72.910004,73.139999,100,73.250000,100,0.000000,0.000000
1480437997000,72.910004,73.139999,100,73.250000,100,0.000000,0.000000
1480438000000,72.910004,73.139999,100,73.250000,100,0.000000,0.000000
1480438002000,72.970001,73.139999,100,73.250000,100,0.000000,0.000000
1480438004000,72.970001,73.139999,100,73.250000,100,0.000000,0.000000
1480438006000,72.970001,73.139999,100,73.250000,100,0.000000,0.000000
1480438008000,72.970001,73.139999,100,73.250000,100,0.000000,0.000000
1480438010000,72.970001,73.139999,100,73.250000,100,0.000000,0.000000
1480438012000,72.970001,73.139999,100,73.250000,100,0.000000,0.000000
1480438014000,72.970001,73.139999,100,73.250000,100,0.000000,0.000000
1480438016000,72.970001,73.139999,100,73.250000,100,0.000000,0.000000
1480438018000,72.970001,73.139999,100,73.250000,100,0.000000,0.000000
1480438020000,72.970001,73.139999,100,73.250000,100,0.000000,0.000000
1480438022000,72.970001,73.139999,100,73.250000,100,0.000000,0.000000
1480438024000,72.970001,73.139999,100,73.250000,100,0.000000,0.000000
1480438026000,72.970001,73.139999,100,73.250000,100,0.000000,0.000000
1480438028000,72.970001,73.139999,100,73.250000,100,0.000000,0.000000
1480438030000,72.970001,73.139999,100,73.250000,100,0.000000,0.000000
1480438032000,72.970001,73.139999,100,73.250000,100,0.000000,0.000000
1480438034000,72.970001,73.139999,100,73.250000,100,0.000000,0.000000
1480438037000,72.910004,73.139999,100,73.250000,100,0.000000,0.000000
1480438039000,72.910004,73.139999,100,73.250000,100,0.000000,0.000000
1480438041000,72.910004,73.139999,100,73.250000,100,0.000000,0.000000
1480438043000,72.910004,73.139999,100,73.250000,100,0.000000,0.000000
1480438045000,72.910004,73.139999,100,73.250000,100,0.000000,0.000000
1480438047000,72.910004,73.139999,100,73.250000,100,0.000000,0.000000
1480438049000,72.910004,72.879997,100,73.080002,200,0.000000,0.000000
1480438051000,72.910004,72.879997,100,73.080002,200,0.000000,0.000000
1480438053000,72.910004,72.879997,100,73.080002,200,0.000000,0.000000
1480438055000,72.910004,72.879997,100,73.080002,200,0.000000,0.000000
1480438057000,72.910004,72.879997,100,73.080002,200,0.000000,0.000000
1480438059000,72.910004,72.879997,100,73.080002,200,0.000000,0.000000
1480438061000,72.910004,72.879997,100,73.080002,200,0.000000,0.000000
1480438063000,72.910004,72.879997,100,73.080002,200,0.000000,0.000000
1480438065000,72.910004,72.879997,100,73.080002,200,0.000000,0.000000
1480438067000,72.910004,72.879997,100,73.080002,200,0.000000,0.000000
1480438069000,72.910004,72.879997,100,73.080002,200,0.000000,0.000000
1480438071000,72.910004,72.879997,100,73.080002,200,0.000000,0.000000
1480438074000,72.910004,72.879997,100,73.080002,200,0.000000,0.000000
1480438076000,72.910004,72.879997,100,73.080002,200,0.000000,0.000000
1480438078000,72.910004,72.879997,100,73.080002,200,0.000000,0.000000
1480438080000,72.910004,72.879997,100,73.080002,200,0.000000,0.000000
1480438082000,72.910004,72.879997,100,73.080002,200,0.000000,0.000000
1480438084000,72.910004,72.879997,100,73.080002,200,0.000000,0.000000
1480438086000,72.910004,72.879997,100,73.080002,200,0.000000,0.000000
1480438088000,72.910004,72.879997,100,73.080002,200,0.000000,0.000000
1480438090000,72.910004,72.879997,100,73.080002,200,0.000000,0.000000
1480438092000,72.910004,72.879997,100,73.080002,200,0.000000,0.000000
1480438094000,72.910004,72.879997,100,73.080002,200,0.000000,0.000000
1480438096000,72.910004,72.879997,100,73.080002,200,0.000000,0.000000
1480438098000,72.910004,72.879997,100,73.080002,200,0.000000,0.000000
1480438100000,72.910004,72.879997,100,73.080002,200,0.000000,0.000000
1480438102000,72.910004,72.879997,100,73.080002,200,0.000000,0.000000
1480438104000,72.910004,72.879997,100,73.080002,200,0.000000,0.000000
1480438106000,72.910004,72.879997,100,73.080002,200,0.000000,0.000000
1480438108000,72.910004,72.879997,100,73.089996,200,0.000000,0.000000
1480438111000,72.910004,72.879997,100,73.089996,200,0.000000,0.000000
1480438113000,72.910004,72.879997,100,73.089996,200,0.000000,0.000000
1480438115000,72.910004,72.879997,100,73.089996,200,0.000000,0.000000
1480438117000,72.910004,72.879997,100,73.089996,200,0.000000,0.000000
1480438119000,72.910004,72.879997,100,73.089996,200,0.000000,0.000000
1480438121000,72.910004,72.879997,100,73.089996,200,0.000000,0.000000
1480438123000,72.910004,72.879997,100,73.089996,200,0.000000,0.000000
1480438125000,72.910004,72.879997,100,73.089996,200,0.000000,0.000000
1480438127000,72.910004,72.879997,100,73.089996,200,0.000000,0.000000
1480438129000,72.910004,72.879997,100,73.089996,200,0.000000,0.000000
1480438131000,72.910004,72.879997,100,73.089996,200,0.000000,0.000000
1480438133000,72.910004,72.879997,100,73.089996,200,0.000000,0.000000
1480438135000,72.910004,72.879997,100,73.089996,200,0.000000,0.000000
1480438137000,72.910004,72.879997,100,73.089996,200,0.000000,0.000000
1480438139000,72.910004,72.879997,100,73.089996,200,0.000000,0.000000
1480438141000,72.910004,72.879997,100,73.089996,200,0.000000,0.000000
1480438143000,72.910004,72.879997,100,73.089996,200,0.000000,0.000000
1480438145000,72.910004,72.879997,100,73.089996,200,0.000000,0.000000
1480438147000,72.910004,72.879997,100,73.089996,200,0.000000,0.000000
1480438149000,72.910004,72.879997,100,73.089996,200,0.000000,0.000000
1480438152000,72.889999,72.879997,100,73.089996,200,0.000000,0.000000
1480438154000,72.889999,72.879997,100,73.089996,200,0.000000,0.000000
1480438156000,72.889999,72.879997,100,73.089996,200,0.000000,0.000000
1480438158000,72.889999,72.879997,100,73.089996,200,0.000000,0.000000
1480438160000,72.889999,72.879997,100,73.089996,200,0.000000,0.000000
1480438162000,72.889999,72.879997,100,73.089996,200,0.000000,0.000000
1480438164000,72.889999,72.879997,100,73.089996,200,0.000000,0.000000
1480438166000,72.889999,72.879997,100,73.089996,200,0.000000,0.000000
1480438168000,72.889999,72.889999,400,73.080002,100,0.000000,0.000000
1480438170000,72.889999,72.889999,400,73.080002,100,0.000000,0.000000
1480438172000,72.889999,72.889999,400,73.080002,100,0.000000,0.000000
1480438174000,72.889999,72.889999,400,73.080002,100,0.000000,0.000000
1480438176000,72.889999,72.889999,400,73.080002,100,0.000000,0.000000
1480438178000,72.889999,72.889999,400,73.080002,100,0.000000,0.000000
1480438180000,72.889999,72.889999,400,73.080002,100,0.000000,0.000000
1480438182000,72.889999,72.889999,400,73.080002,100,0.000000,0.000000
1480438184000,72.889999,72.889999,400,73.080002,100,0.000000,0.000000
1480438187000,72.889999,72.889999,400,73.080002,100,0.000000,0.000000
1480438189000,72.889999,72.889999,400,73.080002,100,0.000000,0.000000
1480438191000,72.889999,72.889999,400,73.080002,100,0.000000,0.000000
1480438193000,72.889999,72.889999,400,73.080002,100,0.000000,0.000000
1480438195000,72.889999,72.889999,400,73.080002,100,0.000000,0.000000
1480438197000,72.889999,72.889999,400,73.080002,100,0.000000,0.000000
1480438199000,72.889999,72.889999,400,73.080002,100,0.000000,0.000000
1480438201000,72.889999,72.889999,400,73.080002,100,0.000000,0.000000
1480438203000,72.889999,72.889999,400,73.080002,100,0.000000,0.000000
1480438205000,72.889999,72.889999,400,73.080002,100,0.000000,0.000000
1480438207000,72.889999,72.889999,400,73.080002,100,0.000000,0.000000
1480438209000,72.889999,72.889999,400,73.080002,100,0.000000,0.000000
1480438211000,72.889999,72.889999,400,73.080002,100,0.000000,0.000000
1480438213000,72.889999,72.889999,400,73.080002,100,0.000000,0.000000
1480438215000,72.889999,72.889999,400,73.080002,100,0.000000,0.000000
1480438217000,72.889999,72.889999,400,73.080002,100,0.000000,0.000000
1480438219000,72.889999,72.889999,400,73.080002,100,0.000000,0.000000
1480438221000,72.889999,72.889999,400,73.080002,100,0.000000,0.000000
1480438223000,72.889999,72.889999,400,73.080002,100,0.000000,0.000000
1480438226000,72.889999,72.889999,400,73.080002,100,0.000000,0.000000
1480438228000,72.889999,72.889999,400,73.080002,100,0.000000,0.000000
1480438230000,72.889999,72.879997,100,73.080002,200,0.000000,0.000000
1480438232000,72.889999,72.879997,100,73.080002,200,0.000000,0.000000
1480438234000,72.889999,72.879997,100,73.080002,200,0.000000,0.000000
1480438236000,72.889999,72.879997,100,73.080002,200,0.000000,0.000000
1480438238000,72.889999,72.879997,100,73.080002,200,0.000000,0.000000
1480438240000,72.889999,72.879997,100,73.080002,200,0.000000,0.000000
1480438242000,72.889999,72.879997,100,73.080002,200,0.000000,0.000000
1480438244000,72.889999,72.879997,100,73.080002,200,0.000000,0.000000
1480438246000,72.889999,72.879997,100,73.080002,200,0.000000,0.000000
1480438248000,72.889999,72.879997,100,73.080002,200,0.000000,0.000000
1480438250000,72.889999,72.879997,100,73.080002,200,0.000000,0.000000
1480438252000,72.889999,72.879997,100,73.080002,200,0.000000,0.000000
1480438254000,72.889999,72.879997,100,73.080002,200,0.000000,0.000000
1480438256000,72.889999,72.879997,100,73.080002,200,0.000000,0.000000
1480438258000,72.889999,72.879997,100,73.080002,200,0.000000,0.000000
1480438260000,72.889999,72.879997,100,73.080002,200,0.000000,0.000000
1480438263000,72.889999,72.879997,100,73.080002,200,0.000000,0.000000
1480438265000,72.889999,72.879997,100,73.080002,200,0.000000,0.000000
1480438267000,72.959000,72.879997,100,73.080002,200,0.000000,0.000000
1480438269000,72.959000,72.879997,100,73.080002,200,0.000000,0.000000
1480438271000,72.959000,72.879997,100,73.080002,200,0.000000,0.000000
1480438273000,72.959000,72.879997,100,73.080002,200,0.000000,0.000000
1480438275000,72.959000,72.879997,100,73.080002,200,0.000000,0.000000
1480438277000,72.959000,72.879997,100,73.080002,200,0.000000,0.000000
1480438279000,72.959000,72.879997,100,73.080002,200,0.000000,0.000000
1480438281000,72.959000,72.879997,100,73.080002,200,0.000000,0.000000
1480438283000,72.959000,72.879997,100,73.080002,200,0.000000,0.000000
1480438285000,72.959000,72.879997,100,73.080002,200,0.000000,0.000000
1480438287000,72.959000,72.879997,100,73.080002,200,0.000000,0.000000
1480438289000,72.959000,72.959999,300,73.110001,100,0.000000,0.000000
1480438291000,72.959000,72.959999,300,73.110001,100,0.000000,0.000000
1480438293000,72.959000,72.959999,300,73.110001,100,0.000000,0.000000
1480438295000,72.959000,72.959999,300,73.110001,100,0.000000,0.000000
1480438297000,72.959000,72.959999,300,73.110001,100,0.000000,0.000000
1480438299000,72.959000,72.959999,300,73.110001,100,0.000000,0.000000
1480438302000,72.959000,72.959999,300,73.110001,100,0.000000,0.000000
1480438304000,72.959000,72.959999,300,73.110001,100,0.000000,0.000000
1480438306000,72.959000,72.959999,300,73.110001,100,0.000000,0.000000
1480438308000,72.959000,72.959999,300,73.110001,100,0.000000,0.000000
1480438310000,72.959000,72.959999,300,73.110001,100,0.000000,0.000000
1480438312000,72.959000,72.959999,300,73.110001,100,0.000000,0.000000
1480438314000,72.959000,72.959999,300,73.110001,100,0.000000,0.000000
1480438316000,72.959000,72.959999,300,73.110001,100,0.000000,0.000000
1480438318000,72.959000,72.959999,300,73.110001,100,0.000000,0.000000
1480438320000,72.959000,72.959999,300,73.110001,100,0.000000,0.000000
1480438322000,72.959000,72.959999,300,73.110001,100,0.000000,0.000000
1480438324000,72.959000,72.959999,300,73.110001,100,0.000000,0.000000
1480438326000,72.959000,72.959999,300,73.110001,100,0.000000,0.000000
1480438328000,72.959000,72.959999,300,73.110001,100,0.000000,0.000000
1480438330000,72.959000,72.959999,300,73.110001,100,0.000000,0.000000
1480438333000,72.959000,72.959999,300,73.110001,100,0.000000,0.000000
1480438335000,72.769997,72.959999,300,73.110001,100,0.000000,0.000000
1480438337000,72.769997,72.959999,300,73.110001,100,0.000000,0.000000
1480438339000,72.769997,72.959999,300,73.110001,100,0.000000,0.000000
1480438341000,72.769997,72.959999,300,73.110001,100,0.000000,0.000000
1480438343000,72.769997,72.959999,300,73.110001,100,0.000000,0.000000
1480438345000,72.769997,72.959999,300,73.110001,100,0.000000,0.000000
1480438348000,72.769997,72.959999,300,73.110001,100,0.000000,0.000000
1480438350000,72.769997,73.080002,1000,73.169998,100,0.000000,0.000000
1480438352000,72.769997,73.080002,1000,73.169998,100,0.000000,0.000000
1480438354000,72.769997,73.080002,1000,73.169998,100,0.000000,0.000000
1480438356000,72.769997,73.080002,1000,73.169998,100,0.000000,0.000000
1480438358000,72.769997,73.080002,1000,73.169998,100,0.000000,0.000000
1480438360000,72.769997,73.080002,1000,73.169998,100,0.000000,0.000000
1480438362000,72.769997,73.080002,1000,73.169998,100,0.000000,0.000000
1480438364000,72.769997,73.080002,1000,73.169998,100,0.000000,0.000000
1480438366000,72.769997,73.080002,1000,73.169998,100,0.000000,0.000000
1480438368000,72.769997,73.080002,1000,73.169998,100,0.000000,0.000000
1480438370000,72.769997,73.080002,1000,73.169998,100,0.000000,0.000000
1480438372000,72.769997,73.080002,1000,73.169998,100,0.000000,0.000000
1480438374000,72.769997,73.080002,1000,73.169998,100,0.000000,0.000000
1480438376000,72.769997,73.080002,1000,73.169998,100,0.000000,0.000000
1480438378000,72.769997,73.080002,1000,73.169998,100,0.000000,0.000000
1480438380000,72.769997,73.080002,1000,73.169998,100,0.000000,0.000000
1480438382000,72.769997,73.080002,1000,73.169998,100,0.000000,0.000000
1480438385000,72.769997,73.080002,1000,73.169998,100,0.000000,0.000000
1480438387000,72.769997,73.080002,1000,73.169998,100,0.000000,0.000000
1480438389000,72.769997,73.080002,1000,73.169998,100,0.000000,0.000000
1480438391000,72.769997,73.080002,1000,73.169998,100,0.000000,0.000000
1480438393000,72.769997,73.080002,1000,73.169998,100,0.000000,0.000000
1480438395000,72.769997,73.080002,1000,73.169998,100,0.000000,0.000000
1480438397000,72.769997,73.080002,1000,73.169998,100,0.000000,0.000000
1480438399000,72.769997,73.080002,1000,73.169998,100,0.000000,0.000000
1480438402000,72.769997,73.080002,1000,73.169998,100,0.000000,0.000000
1480438404000,72.769997,73.080002,1000,73.169998,100,0.000000,0.000000
1480438406000,72.769997,73.080002,1000,73.169998,100,0.000000,0.000000
1480438408000,72.769997,73.080002,1000,73.169998,100,0.000000,0.000000
1480438410000,72.769997,72.870003,200,73.110001,200,0.000000,0.000000
1480438412000,72.769997,72.870003,200,73.110001,200,0.000000,0.000000
1480438414000,72.769997,72.870003,200,73.110001,200,0.000000,0.000000
1480438416000,72.769997,72.870003,200,73.110001,200,0.000000,0.000000
1480438418000,72.769997,72.870003,200,73.110001,200,0.000000,0.000000
1480438420000,72.769997,72.870003,200,73.110001,200,0.000000,0.000000
1480438422000,72.769997,72.870003,200,73.110001,200,0.000000,0.000000
1480438424000,72.769997,72.870003,200,73.110001,200,0.000000,0.000000
1480438426000,72.769997,72.870003,200,73.110001,200,0.000000,0.000000
1480438428000,72.769997,72.870003,200,73.110001,200,0.000000,0.000000
1480438431000,72.769997,72.870003,200,73.110001,200,0.000000,0.000000
1480438433000,72.769997,72.870003,200,73.110001,200,0.000000,0.000000
1480438435000,72.769997,72.870003,200,73.110001,200,0.000000,0.000000
1480438437000,72.769997,72.870003,200,73.110001,200,0.000000,0.000000
1480438439000,72.769997,72.870003,200,73.110001,200,0.000000,0.000000
1480438441000,72.769997,72.870003,200,73.110001,200,0.000000,0.000000
1480438443000,72.769997,72.870003,200,73.110001,200,0.000000,0.000000
1480438445000,72.769997,72.870003,200,73.110001,200,0.000000,0.000000
1480438447000,72.769997,72.870003,200,73.110001,200,0.000000,0.000000
1480438449000,72.769997,72.870003,200,73.110001,200,0.000000,0.000000
1480438451000,72.769997,72.870003,200,73.110001,200,0.000000,0.000000
1480438453000,72.769997,72.870003,200,73.110001,200,0.000000,0.000000
1480438455000,72.769997,72.870003,200,73.110001,200,0.000000,0.000000
1480438457000,72.769997,72.870003,200,73.110001,200,0.000000,0.000000
1480438459000,72.769997,72.870003,200,73.110001,200,0.000000,0.000000
1480438461000,72.815002,72.870003,200,73.110001,200,0.000000,0.000000
1480438463000,72.815002,72.870003,200,73.110001,200,0.000000,0.000000
1480438466000,72.815002,72.870003,200,73.110001,200,0.000000,0.000000
1480438468000,72.815002,72.870003,200,73.110001,200,0.000000,0.000000
1480438470000,72.815002,72.910004,200,73.129997,300,0.000000,0.000000
1480438472000,72.815002,72.910004,200,73.129997,300,0.000000,0.000000
1480438474000,72.815002,72.910004,200,73.129997,300,0.000000,0.000000
1480438476000,72.815002,72.910004,200,73.129997,300,0.000000,0.000000
1480438478000,72.815002,72.910004,200,73.129997,300,0.000000,0.000000
1480438480000,72.815002,72.910004,200,73.129997,300,0.000000,0.000000
1480438482000,72.815002,72.910004,200,73.129997,300,0.000000,0.000000
1480438484000,72.815002,72.910004,200,73.129997,300,0.000000,0.000000
1480438486000,72.815002,72.910004,200,73.129997,300,0.000000,0.000000
1480438488000,72.815002,72.910004,200,73.129997,300,0.000000,0.000000
1480438490000,72.815002,72.910004,200,73.129997,300,0.000000,0.000000
1480438492000,72.815002,72.910004,200,73.129997,300,0.000000,0.000000
1480438494000,72.815002,72.910004,200,73.129997,300,0.000000,0.000000
1480438496000,72.815002,72.910004,200,73.129997,300,0.000000,0.000000
1480438498000,72.815002,72.910004,200,73.129997,300,0.000000,0.000000
1480438500000,72.815002,72.910004,200,73.129997,300,0.000000,0.000000
1480438502000,72.815002,72.910004,200,73.129997,300,0.000000,0.000000
1480438504000,72.815002,72.910004,200,73.129997,300,0.000000,0.000000
1480438507000,72.815002,72.910004,200,73.129997,300,0.000000,0.000000
1480438509000,72.815002,72.910004,200,73.129997,300,0.000000,0.000000
1480438511000,72.815002,72.910004,200,73.129997,300,0.000000,0.000000
1480438513000,72.815002,72.910004,200,73.129997,300,0.000000,0.000000
1480438515000,72.815002,72.910004,200,73.129997,300,0.000000,0.000000
1480438517000,72.815002,72.910004,200,73.129997,300,0.000000,0.000000
1480438519000,72.815002,72.910004,200,73.129997,300,0.000000,0.000000
1480438521000,72.815002,72.910004,200,73.129997,300,0.000000,0.000000
1480438523000,72.815002,72.910004,200,73.129997,300,0.000000,0.000000
1480438525000,72.815002,72.910004,200,73.129997,300,0.000000,0.000000
1480438527000,72.815002,72.910004,200,73.129997,300,0.000000,0.000000
1480438529000,72.815002,72.910004,100,73.050003,200,0.000000,0.000000
1480438531000,72.815002,72.910004,100,73.050003,200,0.000000,0.000000
1480438533000,72.815002,72.910004,100,73.050003,200,0.000000,0.000000
1480438535000,72.815002,72.910004,100,73.050003,200,0.000000,0.000000
1480438537000,72.815002,72.910004,100,73.050003,200,0.000000,0.000000
1480438539000,72.815002,72.910004,100,73.050003,200,0.000000,0.000000
1480438541000,72.815002,72.910004,100,73.050003,200,0.000000,0.000000
1480438543000,72.815002,72.910004,100,73.050003,200,0.000000,0.000000
1480438546000,72.815002,72.910004,100,73.050003,200,0.000000,0.000000
1480438548000,72.824997,72.910004,100,73.050003,200,0.000000,0.000000
1480438550000,72.824997,72.910004,100,73.050003,200,0.000000,0.000000
1480438552000,72.824997,72.910004,100,73.050003,200,0.000000,0.000000
1480438554000,72.824997,72.910004,100,73.050003,200,0.000000,0.000000
1480438556000,72.824997,72.910004,100,73.050003,200,0.000000,0.000000
1480438558000,72.824997,72.910004,100,73.050003,200,0.000000,0.000000
1480438560000,72.824997,72.910004,100,73.050003,200,0.000000,0.000000
1480438562000,72.824997,72.910004,100,73.050003,200,0.000000,0.000000
1480438564000,72.824997,72.910004,100,73.050003,200,0.000000,0.000000
1480438566000,72.824997,72.910004,100,73.050003,200,0.000000,0.000000
1480438568000,72.824997,72.910004,100,73.050003,200,0.000000,0.000000
1480438570000,72.824997,72.910004,100,73.050003,200,0.000000,0.000000
1480438572000,72.824997,72.910004,100,73.050003,200,0.000000,0.000000
1480438574000,72.824997,72.910004,100,73.050003,200,0.000000,0.000000
1480438576000,72.824997,72.910004,100,73.050003,200,0.000000,0.000000
1480438578000,72.824997,72.910004,100,73.050003,200,0.000000,0.000000
1480438580000,72.824997,72.910004,100,73.050003,200,0.000000,0.000000
1480438583000,72.824997,72.910004,100,73.050003,200,0.000000,0.000000
1480438585000,72.824997,72.910004,100,73.050003,200,0.000000,0.000000
1480438587000,72.824997,72.910004,100,73.050003,200,0.000000,0.000000
1480438589000,72.824997,72.919998,100,73.110001,400,0.000000,0.000000
1480438591000,72.824997,72.919998,100,73.150002,200,0.000000,0.000000
1480438593000,72.824997,72.919998,100,73.150002,200,0.000000,0.000000
1480438595000,72.824997,72.919998,100,73.150002,200,0.000000,0.000000
1480438597000,72.824997,72.919998,100,73.150002,200,0.000000,0.000000
1480438599000,72.824997,72.919998,100,73.150002,200,0.000000,0.000000
1480438601000,72.824997,72.919998,100,73.150002,200,0.000000,0.000000
1480438603000,72.824997,72.919998,100,73.150002,200,0.000000,0.000000
1480438605000,72.824997,72.919998,100,73.150002,200,0.000000,0.000000
1480438607000,72.824997,72.919998,100,73.150002,200,0.000000,0.000000
1480438609000,72.824997,72.919998,100,73.150002,200,0.000000,0.000000
1480438611000,72.824997,72.919998,100,73.150002,200,0.000000,0.000000
1480438613000,72.824997,72.919998,100,73.150002,200,0.000000,0.000000
1480438615000,72.824997,72.919998,100,73.150002,200,0.000000,0.000000
1480438617000,72.824997,72.919998,100,73.150002,200,0.000000,0.000000
1480438620000,72.824997,72.919998,100,73.150002,200,0.000000,0.000000
1480438622000,72.849998,72.919998,100,73.150002,200,0.000000,0.000000
1480438624000,72.849998,72.919998,100,73.150002,200,0.000000,0.000000
1480438626000,72.849998,72.919998,100,73.150002,200,0.000000,0.000000
1480438628000,72.849998,72.919998,100,73.150002,200,0.000000,0.000000
1480438630000,72.849998,72.919998,100,73.150002,200,0.000000,0.000000
1480438632000,72.805000,72.919998,100,73.150002,200,0.000000,0.000000
1480438634000,72.805000,72.919998,100,73.150002,200,0.000000,0.000000
1480438636000,72.805000,72.919998,100,73.150002,200,0.000000,0.000000
1480438638000,72.805000,72.919998,100,73.150002,200,0.000000,0.000000
1480438640000,72.805000,72.919998,100,73.150002,200,0.000000,0.000000
1480438642000,72.805000,72.919998,100,73.150002,200,0.000000,0.000000
1480438644000,72.805000,72.919998,100,73.150002,200,0.000000,0.000000
1480438646000,72.805000,72.919998,100,73.150002,200,0.000000,0.000000
1480438648000,72.805000,72.889999,200,73.129997,100,0.000000,0.000000
1480438650000,72.805000,72.940002,100,73.129997,100,0.000000,0.000000
1480438653000,72.805000,72.940002,100,73.129997,100,0.000000,0.000000
1480438655000,72.805000,72.940002,100,73.129997,100,0.000000,0.000000
1480438657000,72.805000,72.940002,100,73.129997,100,0.000000,0.000000
1480438659000,72.805000,72.940002,100,73.129997,100,0.000000,0.000000
1480438661000,72.805000,72.940002,100,73.129997,100,0.000000,0.000000
1480438663000,72.805000,72.940002,100,73.129997,100,0.000000,0.000000
1480438665000,72.805000,72.940002,100,73.129997,100,0.000000,0.000000
1480438667000,72.805000,72.940002,100,73.129997,100,0.000000,0.000000
1480438669000,72.805000,72.940002,100,73.129997,100,0.000000,0.000000
1480438671000,72.805000,72.940002,100,73.129997,100,0.000000,0.000000
1480438673000,72.805000,72.940002,100,73.129997,100,0.000000,0.000000
1480438675000,72.805000,72.940002,100,73.129997,100,0.000000,0.000000
1480438677000,72.805000,72.940002,100,73.129997,100,0.000000,0.000000
1480438679000,72.805000,72.940002,100,73.129997,100,0.000000,0.000000
1480438681000,72.805000,72.940002,100,73.129997,100,0.000000,0.000000
1480438683000,72.805000,72.940002,100,73.129997,100,0.000000,0.000000
1480438685000,72.805000,72.940002,100,73.129997,100,0.000000,0.000000
1480438687000,72.805000,72.940002,100,73.129997,100,0.000000,0.000000
1480438690000,72.805000,72.940002,100,73.129997,100,0.000000,0.000000
1480438692000,72.805000,72.940002,100,73.129997,100,0.000000,0.000000
1480438694000,72.805000,72.940002,100,73.129997,100,0.000000,0.000000
1480438696000,72.805000,72.940002,100,73.129997,100,0.000000,0.000000
1480438698000,72.805000,72.940002,100,73.129997,100,0.000000,0.000000
1480438700000,72.805000,72.940002,100,73.129997,100,0.000000,0.000000
1480438702000,72.805000,72.940002,100,73.129997,100,0.000000,0.000000
1480438704000,72.805000,72.940002,100,73.129997,100,0.000000,0.000000
1480438706000,72.805000,72.940002,100,73.129997,100,0.000000,0.000000
1480438708000,72.805000,72.889999,100,73.070000,200,0.000000,0.000000
1480438710000,72.805000,72.889999,100,73.070000,200,0.000000,0.000000
1480438712000,72.805000,72.889999,100,73.070000,200,0.000000,0.000000
1480438714000,72.805000,72.889999,100,73.070000,200,0.000000,0.000000
1480438716000,72.805000,72.889999,100,73.070000,200,0.000000,0.000000
1480438718000,72.805000,72.889999,100,73.070000,200,0.000000,0.000000
1480438720000,72.805000,72.889999,100,73.070000,200,0.000000,0.000000
1480438722000,72.805000,72.889999,100,73.070000,200,0.000000,0.000000
1480438724000,72.805000,72.889999,100,73.070000,200,0.000000,0.000000
1480438727000,72.805000,72.889999,100,73.070000,200,0.000000,0.000000
1480438729000,72.805000,72.889999,100,73.070000,200,0.000000,0.000000
1480438731000,72.805000,72.889999,100,73.070000,200,0.000000,0.000000
1480438733000,72.805000,72.889999,100,73.070000,200,0.000000,0.000000
1480438735000,72.805000,72.889999,100,73.070000,200,0.000000,0.000000
1480438737000,72.805000,72.889999,100,73.070000,200,0.000000,0.000000
1480438739000,72.805000,72.889999,100,73.070000,200,0.000000,0.000000
1480438741000,72.805000,72.889999,100,73.070000,200,0.000000,0.000000
1480438743000,72.805000,72.889999,100,73.070000,200,0.000000,0.000000
1480438745000,72.805000,72.889999,100,73.070000,200,0.000000,0.000000
1480438747000,72.805000,72.889999,100,73.070000,200,0.000000,0.000000
1480438749000,72.805000,72.889999,100,73.070000,200,0.000000,0.000000
1480438751000,72.805000,72.889999,100,73.070000,200,0.000000,0.000000
1480438753000,72.805000,72.889999,100,73.070000,200,0.000000,0.000000
1480438755000,72.805000,72.889999,100,73.070000,200,0.000000,0.000000
1480438757000,72.860001,72.889999,100,73.070000,200,0.000000,0.000000
1480438759000,72.860001,72.889999,100,73.070000,200,0.000000,0.000000
1480438761000,72.860001,72.889999,100,73.070000,200,0.000000,0.000000
1480438763000,72.860001,72.889999,100,73.070000,200,0.000000,0.000000
1480438766000,72.860001,72.889999,100,73.070000,200,0.000000,0.000000
1480438768000,72.860001,72.889999,100,73.070000,200,0.000000,0.000000
1480438770000,72.860001,72.930000,100,73.070000,100,0.000000,0.000000
1480438772000,72.860001,72.930000,100,73.070000,100,0.000000,0.000000
1480438774000,72.860001,72.930000,100,73.070000,100,0.000000,0.000000
1480438776000,72.860001,72.930000,100,73.070000,100,0.000000,0.000000
1480438778000,72.860001,72.930000,100,73.070000,100,0.000000,0.000000
1480438780000,72.860001,72.930000,100,73.070000,100,0.000000,0.000000
1480438782000,72.860001,72.930000,100,73.070000,100,0.000000,0.000000
1480438784000,72.860001,72.930000,100,73.070000,100,0.000000,0.000000
1480438786000,72.860001,72.930000,100,73.070000,100,0.000000,0.000000
1480438788000,72.860001,72.930000,100,73.070000,100,0.000000,0.000000
1480438790000,72.860001,72.930000,100,73.070000,100,0.000000,0.000000
1480438792000,72.860001,72.930000,100,73.070000,100,0.000000,0.000000
1480438794000,72.860001,72.930000,100,73.070000,100,0.000000,0.000000
1480438796000,72.860001,72.930000,100,73.070000,100,0.000000,0.000000
1480438798000,72.860001,72.930000,100,73.070000,100,0.000000,0.000000
1480438800000,72.860001,72.930000,100,73.070000,100,0.000000,0.000000
1480438803000,72.860001,72.930000,100,73.070000,100,0.000000,0.000000
1480438805000,72.860001,72.930000,100,73.070000,100,0.000000,0.000000
1480438807000,72.860001,72.930000,100,73.070000,100,0.000000,0.000000
1480438809000,72.860001,72.930000,100,73.070000,100,0.000000,0.000000
1480438811000,72.860001,72.930000,100,73.070000,100,0.000000,0.000000
1480438813000,72.860001,72.930000,100,73.070000,100,0.000000,0.000000
1480438815000,72.860001,72.930000,100,73.070000,100,0.000000,0.000000
1480438817000,72.860001,72.930000,100,73.070000,100,0.000000,0.000000
1480438819000,72.860001,72.930000,100,73.070000,100,0.000000,0.000000
1480438821000,72.860001,72.930000,100,73.070000,100,0.000000,0.000000
1480438823000,72.860001,72.930000,100,73.070000,100,0.000000,0.000000
1480438825000,72.860001,72.930000,100,73.070000,100,0.000000,0.000000
1480438827000,72.860001,72.930000,100,73.070000,100,0.000000,0.000000
1480438829000,72.860001,72.940002,100,73.059998,100,0.000000,0.000000
1480438831000,72.860001,72.940002,100,73.059998,100,0.000000,0.000000
1480438833000,72.860001,72.940002,100,73.059998,100,0.000000,0.000000
1480438835000,72.860001,72.940002,100,73.059998,100,0.000000,0.000000
1480438837000,72.860001,72.940002,100,73.059998,100,0.000000,0.000000
1480438840000,72.860001,72.940002,100,73.059998,100,0.000000,0.000000
1480438842000,72.860001,72.940002,100,73.059998,100,0.000000,0.000000
1480438844000,72.860001,72.940002,100,73.059998,100,0.000000,0.000000
1480438846000,72.860001,72.940002,100,73.059998,100,0.000000,0.000000
1480438848000,72.860001,72.940002,100,73.059998,100,0.000000,0.000000
1480438850000,72.860001,72.940002,100,73.059998,100,0.000000,0.000000
1480438852000,72.860001,72.940002,100,73.059998,100,0.000000,0.000000
1480438854000,72.860001,72.940002,100,73.059998,100,0.000000,0.000000
1480438856000,72.860001,72.940002,100,73.059998,100,0.000000,0.000000
1480438858000,72.860001,72.940002,100,73.059998,100,0.000000,0.000000
1480438860000,72.860001,72.940002,100,73.059998,100,0.000000,0.000000
1480438862000,72.860001,72.940002,100,73.059998,100,0.000000,0.000000
1480438864000,72.860001,72.940002,100,73.059998,100,0.000000,0.000000
1480438866000,72.860001,72.940002,100,73.059998,100,0.000000,0.000000
1480438868000,72.860001,72.940002,100,73.059998,100,0.000000,0.000000
1480438870000,72.860001,72.940002,100,73.059998,100,0.000000,0.000000
1480438872000,72.860001,72.940002,100,73.059998,100,0.000000,0.000000
1480438875000,72.860001,72.940002,100,73.059998,100,0.000000,0.000000
1480438877000,72.910004,72.940002,100,73.059998,100,0.000000,0.000000
1480438879000,72.910004,72.940002,100,73.059998,100,0.000000,0.000000
1480438881000,72.910004,72.940002,100,73.059998,100,0.000000,0.000000
1480438883000,72.910004,72.940002,100,73.059998,100,0.000000,0.000000
1480438885000,72.910004,72.940002,100,73.059998,100,0.000000,0.000000
1480438887000,72.864998,72.940002,100,73.059998,100,0.000000,0.000000
1480438889000,72.864998,72.959999,100,73.050003,100,0.000000,0.000000
1480438891000,72.864998,72.959999,100,73.050003,100,0.000000,0.000000
1480438893000,72.864998,72.959999,100,73.050003,100,0.000000,0.000000
1480438895000,72.864998,72.959999,100,73.050003,100,0.000000,0.000000
1480438897000,72.864998,72.959999,100,73.050003,100,0.000000,0.000000
1480438899000,72.864998,72.959999,100,73.050003,100,0.000000,0.000000
1480438901000,72.864998,72.959999,100,73.050003,100,0.000000,0.000000
1480438903000,72.864998,72.959999,100,73.050003,100,0.000000,0.000000
1480438905000,72.864998,72.959999,100,73.050003,100,0.000000,0.000000
1480438908000,72.864998,72.959999,100,73.050003,100,0.000000,0.000000
1480438910000,72.864998,72.959999,100,73.050003,100,0.000000,0.000000
1480438912000,72.864998,72.959999,100,73.050003,100,0.000000,0.000000
1480438914000,72.864998,72.959999,100,73.050003,100,0.000000,0.000000
1480438916000,72.864998,72.959999,100,73.050003,100,0.000000,0.000000
1480438918000,72.864998,72.959999,100,73.050003,100,0.000000,0.000000
1480438920000,72.864998,72.959999,100,73.050003,100,0.000000,0.000000
1480438922000,72.864998,72.959999,100,73.050003,100,0.000000,0.000000
1480438924000,72.864998,72.959999,100,73.050003,100,0.000000,0.000000
1480438926000,72.864998,72.959999,100,73.050003,100,0.000000,0.000000
1480438928000,72.864998,72.959999,100,73.050003,100,0.000000,0.000000
1480438930000,72.864998,72.959999,100,73.050003,100,0.000000,0.000000
1480438932000,72.864998,72.959999,100,73.050003,100,0.000000,0.000000
1480438934000,72.864998,72.959999,100,73.050003,100,0.000000,0.000000
1480438936000,72.864998,72.959999,100,73.050003,100,0.000000,0.000000
1480438938000,72.864998,72.959999,100,73.050003,100,0.000000,0.000000
1480438940000,72.864998,72.959999,100,73.050003,100,0.000000,0.000000
1480438942000,72.864998,72.959999,100,73.050003,100,0.000000,0.000000
1480438944000,72.864998,72.959999,100,73.050003,100,0.000000,0.000000
1480438947000,72.864998,72.959999,100,73.050003,100,0.000000,0.000000
1480438949000,72.864998,72.860001,100,73.000000,100,0.000000,0.000000
1480438951000,72.864998,72.860001,100,73.000000,100,0.000000,0.000000
1480438953000,72.864998,72.860001,100,73.000000,100,0.000000,0.000000
1480438955000,72.864998,72.860001,100,73.000000,100,0.000000,0.000000
1480438957000,72.864998,72.860001,100,73.000000,100,0.000000,0.000000
1480438959000,72.864998,72.860001,100,73.000000,100,0.000000,0.000000
1480438961000,72.864998,72.860001,100,73.000000,100,0.000000,0.000000
1480438963000,72.779999,72.860001,100,73.000000,100,0.000000,0.000000
1480438965000,72.779999,72.860001,100,73.000000,100,0.000000,0.000000
1480438967000,72.779999,72.860001,100,73.000000,100,0.000000,0.000000
1480438969000,72.779999,72.860001,100,73.000000,100,0.000000,0.000000
1480438971000,72.779999,72.860001,100,73.000000,100,0.000000,0.000000
1480438973000,72.779999,72.860001,100,73.000000,100,0.000000,0.000000
1480438975000,72.779999,72.860001,100,73.000000,100,0.000000,0.000000
1480438978000,72.779999,72.860001,100,73.000000,100,0.000000,0.000000
1480438980000,72.779999,72.860001,100,73.000000,100,0.000000,0.000000
1480438982000,72.779999,72.860001,100,73.000000,100,0.000000,0.000000
1480438984000,72.779999,72.860001,100,73.000000,100,0.000000,0.000000
1480438986000,72.779999,72.860001,100,73.000000,100,0.000000,0.000000
1480438988000,72.779999,72.860001,100,73.000000,100,0.000000,0.000000
1480438990000,72.779999,72.860001,100,73.000000,100,0.000000,0.000000
1480438992000,72.779999,72.860001,100,73.000000,100,0.000000,0.000000
1480438994000,72.779999,72.860001,100,73.000000,100,0.000000,0.000000
1480438996000,72.779999,72.860001,100,73.000000,100,0.000000,0.000000
1480438998000,72.779999,72.860001,100,73.000000,100,0.000000,0.000000
1480439000000,72.779999,72.860001,100,73.000000,100,0.000000,0.000000
1480439002000,72.779999,72.860001,100,73.000000,100,0.000000,0.000000
1480439004000,72.779999,72.860001,100,73.000000,100,0.000000,0.000000
1480439006000,72.779999,72.860001,100,73.000000,100,0.000000,0.000000
1480439008000,72.779999,72.779999,100,72.970001,100,0.000000,0.000000
1480439011000,72.779999,72.779999,100,72.970001,100,0.000000,0.000000
1480439013000,72.779999,72.779999,100,72.970001,100,0.000000,0.000000
1480439015000,72.779999,72.779999,100,72.970001,100,0.000000,0.000000
1480439017000,72.779999,72.779999,100,72.970001,100,0.000000,0.000000
1480439019000,72.779999,72.779999,100,72.970001,100,0.000000,0.000000
1480439021000,72.779999,72.779999,100,72.970001,100,0.000000,0.000000
1480439023000,72.779999,72.779999,100,72.970001,100,0.000000,0.000000
1480439025000,72.779999,72.779999,100,72.970001,100,0.000000,0.000000
1480439027000,72.779999,72.779999,100,72.970001,100,0.000000,0.000000
1480439029000,72.779999,72.779999,100,72.970001,100,0.000000,0.000000
1480439031000,72.779999,72.779999,100,72.970001,100,0.000000,0.000000
1480439033000,72.779999,72.779999,100,72.970001,100,0.000000,0.000000
1480439035000,72.779999,72.779999,100,72.970001,100,0.000000,0.000000
1480439037000,72.779999,72.779999,100,72.970001,100,0.000000,0.000000
1480439039000,72.779999,72.779999,100,72.970001,100,0.000000,0.000000
1480439041000,72.779999,72.779999,100,72.970001,100,0.000000,0.000000
1480439044000,72.779999,72.779999,100,72.970001,100,0.000000,0.000000
1480439046000,72.779999,72.779999,100,72.970001,100,0.000000,0.000000
1480439048000,72.779999,72.779999,100,72.970001,100,0.000000,0.000000
1480439050000,72.779999,72.779999,100,72.970001,100,0.000000,0.000000
1480439052000,72.779999,72.779999,100,72.970001,100,0.000000,0.000000
1480439054000,72.779999,72.779999,100,72.970001,100,0.000000,0.000000
1480439056000,72.779999,72.779999,100,72.970001,100,0.000000,0.000000
1480439058000,72.779999,72.779999,100,72.970001,100,0.000000,0.000000
1480439060000,72.779999,72.779999,100,72.970001,100,0.000000,0.000000
1480439062000,72.779999,72.779999,100,72.970001,100,0.000000,0.000000
1480439064000,72.779999,72.779999,100,72.970001,100,0.000000,0.000000
1480439066000,72.779999,72.779999,100,72.970001,100,0.000000,0.000000
1480439068000,72.779999,72.779999,100,72.970001,100,0.000000,0.000000
1480439070000,72.779999,72.790001,300,72.989998,100,0.000000,0.000000
1480439072000,72.779999,72.790001,300,72.989998,100,0.000000,0.000000
1480439074000,72.779999,72.790001,300,72.989998,100,0.000000,0.000000
1480439076000,72.779999,72.790001,300,72.989998,100,0.000000,0.000000
1480439078000,72.779999,72.790001,300,72.989998,100,0.000000,0.000000
1480439081000,72.779999,72.790001,300,72.989998,100,0.000000,0.000000
1480439083000,72.779999,72.790001,300,72.989998,100,0.000000,0.000000
1480439085000,72.779999,72.790001,300,72.989998,100,0.000000,0.000000
1480439087000,72.779999,72.790001,300,72.989998,100,0.000000,0.000000
1480439089000,72.779999,72.790001,300,72.989998,100,0.000000,0.000000
1480439091000,72.779999,72.790001,300,72.989998,100,0.000000,0.000000
1480439093000,72.779999,72.790001,300,72.989998,100,0.000000,0.000000
1480439095000,72.779999,72.790001,300,72.989998,100,0.000000,0.000000
1480439097000,72.779999,72.790001,300,72.989998,100,0.000000,0.000000
1480439099000,72.779999,72.790001,300,72.989998,100,0.000000,0.000000
1480439101000,72.779999,72.790001,300,72.989998,100,0.000000,0.000000
1480439103000,72.779999,72.790001,300,72.989998,100,0.000000,0.000000
1480439105000,72.779999,72.790001,300,72.989998,100,0.000000,0.000000
1480439107000,72.779999,72.790001,300,72.989998,100,0.000000,0.000000
1480439109000,72.779999,72.790001,300,72.989998,100,0.000000,0.000000
1480439111000,72.779999,72.790001,300,72.989998,100,0.000000,0.000000
1480439114000,72.779999,72.790001,300,72.989998,100,0.000000,0.000000
1480439116000,72.779999,72.790001,300,72.989998,100,0.000000,0.000000
1480439118000,72.779999,72.790001,300,72.989998,100,0.000000,0.000000
1480439120000,72.779999,72.790001,300,72.989998,100,0.000000,0.000000
1480439122000,72.779999,72.790001,300,72.989998,100,0.000000,0.000000
1480439124000,72.779999,72.790001,300,72.989998,100,0.000000,0.000000
1480439126000,72.779999,72.790001,300,72.989998,100,0.000000,0.000000
1480439128000,72.779999,72.790001,300,72.989998,100,0.000000,0.000000
1480439130000,72.779999,72.790001,200,72.989998,100,0.000000,0.000000
1480439132000,72.779999,72.790001,200,72.989998,100,0.000000,0.000000
1480439134000,72.779999,72.790001,200,72.989998,100,0.000000,0.000000
1480439136000,72.779999,72.790001,200,72.989998,100,0.000000,0.000000
1480439138000,72.779999,72.790001,200,72.989998,100,0.000000,0.000000
1480439140000,72.779999,72.790001,200,72.989998,100,0.000000,0.000000
1480439142000,72.779999,72.790001,200,72.989998,100,0.000000,0.000000
1480439144000,72.779999,72.790001,200,72.989998,100,0.000000,0.000000
1480439146000,72.779999,72.790001,200,72.989998,100,0.000000,0.000000
1480439149000,72.779999,72.790001,200,72.989998,100,0.000000,0.000000
1480439151000,72.779999,72.790001,200,72.989998,100,0.000000,0.000000
1480439153000,72.779999,72.790001,200,72.989998,100,0.000000,0.000000
1480439155000,72.779999,72.790001,200,72.989998,100,0.000000,0.000000
1480439157000,72.779999,72.790001,200,72.989998,100,0.000000,0.000000
1480439159000,72.779999,72.790001,200,72.989998,100,0.000000,0.000000
1480439161000,72.779999,72.790001,200,72.989998,100,0.000000,0.000000
1480439163000,72.779999,72.790001,200,72.989998,100,0.000000,0.000000
1480439165000,72.779999,72.790001,200,72.989998,100,0.000000,0.000000
1480439167000,72.779999,72.790001,200,72.989998,100,0.000000,0.000000
1480439169000,72.779999,72.790001,200,72.989998,100,0.000000,0.000000
1480439171000,72.779999,72.790001,200,72.989998,100,0.000000,0.000000
1480439173000,72.779999,72.790001,200,72.989998,100,0.000000,0.000000
1480439175000,72.779999,72.790001,200,72.989998,100,0.000000,0.000000
1480439177000,72.779999,72.790001,200,72.989998,100,0.000000,0.000000
1480439179000,72.779999,72.790001,200,72.989998,100,0.000000,0.000000
1480439181000,72.779999,72.790001,200,72.989998,100,0.000000,0.000000
1480439183000,72.779999,72.790001,200,72.989998,100,0.000000,0.000000
1480439186000,72.779999,72.790001,200,72.989998,100,0.000000,0.000000
1480439188000,72.779999,72.790001,200,72.989998,100,0.000000,0.000000
1480439190000,72.779999,72.739998,100,72.910004,400,0.000000,0.000000
1480439192000,72.779999,72.739998,100,72.910004,400,0.000000,0.000000
1480439194000,72.739998,72.739998,100,72.910004,400,0.000000,0.000000
1480439196000,72.739998,72.739998,100,72.910004,400,0.000000,0.000000
1480439198000,72.739998,72.739998,100,72.910004,400,0.000000,0.000000
1480439200000,72.739998,72.739998,100,72.910004,400,0.000000,0.000000
1480439202000,72.739998,72.739998,100,72.910004,400,0.000000,0.000000
1480439204000,72.739998,72.739998,100,72.910004,400,0.000000,0.000000
1480439206000,72.739998,72.739998,100,72.910004,400,0.000000,0.000000
1480439208000,72.739998,72.739998,100,72.910004,400,0.000000,0.000000
1480439210000,72.739998,72.739998,100,72.910004,400,0.000000,0.000000
1480439212000,72.739998,72.739998,100,72.910004,400,0.000000,0.000000
1480439214000,72.739998,72.739998,100,72.910004,400,0.000000,0.000000
1480439216000,72.739998,72.739998,100,72.910004,400,0.000000,0.000000
1480439218000,72.739998,72.739998,100,72.910004,400,0.000000,0.000000
1480439220000,72.739998,72.739998,100,72.910004,400,0.000000,0.000000
1480439223000,72.739998,72.739998,100,72.910004,400,0.000000,0.000000
1480439225000,72.739998,72.739998,100,72.910004,400,0.000000,0.000000
1480439227000,72.739998,72.739998,100,72.910004,400,0.000000,0.000000
1480439229000,72.739998,72.739998,100,72.910004,400,0.000000,0.000000
1480439231000,72.739998,72.739998,100,72.910004,400,0.000000,0.000000
1480439233000,72.739998,72.739998,100,72.910004,400,0.000000,0.000000
1480439235000,72.739998,72.739998,100,72.910004,400,0.000000,0.000000
1480439237000,72.739998,72.739998,100,72.910004,400,0.000000,0.000000
1480439239000,72.739998,72.739998,100,72.910004,400,0.000000,0.000000
1480439241000,72.739998,72.739998,100,72.910004,400,0.000000,0.000000
1480439243000,72.739998,72.739998,100,72.910004,400,0.000000,0.000000
1480439245000,72.739998,72.739998,100,72.910004,400,0.000000,0.000000
1480439247000,72.739998,72.739998,100,72.910004,400,0.000000,0.000000
1480439249000,72.739998,72.739998,400,72.889999,300,0.000000,0.000000
1480439251000,72.739998,72.739998,400,72.889999,300,0.000000,0.000000
1480439253000,72.739998,72.739998,400,72.889999,300,0.000000,0.000000
1480439256000,72.739998,72.739998,400,72.889999,300,0.000000,0.000000
1480439258000,72.739998,72.739998,400,72.889999,300,0.000000,0.000000
1480439260000,72.739998,72.739998,400,72.889999,300,0.000000,0.000000
1480439262000,72.739998,72.739998,400,72.889999,300,0.000000,0.000000
1480439264000,72.739998,72.739998,400,72.889999,300,0.000000,0.000000
1480439266000,72.739998,72.739998,400,72.889999,300,0.000000,0.000000
1480439268000,72.739998,72.739998,400,72.889999,300,0.000000,0.000000
1480439270000,72.739998,72.739998,400,72.889999,300,0.000000,0.000000
1480439272000,72.739998,72.739998,400,72.889999,300,0.000000,0.000000
1480439274000,72.739998,72.739998,400,72.889999,300,0.000000,0.000000
1480439276000,72.739998,72.739998,400,72.889999,300,0.000000,0.000000
1480439278000,72.739998,72.739998,400,72.889999,300,0.000000,0.000000
1480439280000,72.739998,72.739998,400,72.889999,300,0.000000,0.000000
1480439282000,72.739998,72.739998,400,72.889999,300,0.000000,0.000000
1480439284000,72.739998,72.739998,400,72.889999,300,0.000000,0.000000
1480439286000,72.739998,72.739998,400,72.889999,300,0.000000,0.000000
1480439288000,72.739998,72.739998,400,72.889999,300,0.000000,0.000000
1480439290000,72.739998,72.739998,400,72.889999,300,0.000000,0.000000
1480439293000,72.739998,72.739998,400,72.889999,300,0.000000,0.000000
1480439295000,72.739998,72.739998,400,72.889999,300,0.000000,0.000000
1480439297000,72.739998,72.739998,400,72.889999,300,0.000000,0.000000
1480439299000,72.739998,72.739998,400,72.889999,300,0.000000,0.000000
1480439301000,72.739998,72.739998,400,72.889999,300,0.000000,0.000000
1480439303000,72.739998,72.739998,400,72.889999,300,0.000000,0.000000
1480439305000,72.739998,72.739998,400,72.889999,300,0.000000,0.000000
1480439307000,72.739998,72.739998,400,72.889999,300,0.000000,0.000000
1480439309000,72.739998,72.739998,400,72.889999,300,0.000000,0.000000
1480439311000,72.739998,72.750000,200,72.849998,300,0.000000,0.000000
1480439313000,72.739998,72.750000,200,72.849998,300,0.000000,0.000000
1480439315000,72.739998,72.750000,200,72.849998,300,0.000000,0.000000
1480439317000,72.739998,72.750000,200,72.849998,300,0.000000,0.000000
1480439319000,72.739998,72.750000,200,72.849998,300,0.000000,0.000000
1480439321000,72.739998,72.750000,200,72.849998,300,0.000000,0.000000
1480439323000,72.739998,72.750000,200,72.849998,300,0.000000,0.000000
1480439325000,72.739998,72.750000,200,72.849998,300,0.000000,0.000000
1480439327000,72.739998,72.750000,200,72.849998,300,0.000000,0.000000
1480439330000,72.739998,72.750000,200,72.849998,300,0.000000,0.000000
1480439332000,72.739998,72.750000,200,72.849998,300,0.000000,0.000000
1480439334000,72.739998,72.750000,200,72.849998,300,0.000000,0.000000
1480439336000,72.739998,72.750000,200,72.849998,300,0.000000,0.000000
1480439338000,72.739998,72.750000,200,72.849998,300,0.000000,0.000000
1480439340000,72.739998,72.750000,200,72.849998,300,0.000000,0.000000
1480439342000,72.739998,72.750000,200,72.849998,300,0.000000,0.000000
1480439344000,72.739998,72.750000,200,72.849998,300,0.000000,0.000000
1480439346000,72.739998,72.750000,200,72.849998,300,0.000000,0.000000
1480439348000,72.739998,72.750000,200,72.849998,300,0.000000,0.000000
1480439350000,72.739998,72.750000,200,72.849998,300,0.000000,0.000000
1480439352000,72.739998,72.750000,200,72.849998,300,0.000000,0.000000
1480439354000,72.739998,72.750000,200,72.849998,300,0.000000,0.000000
1480439356000,72.739998,72.750000,200,72.849998,300,0.000000,0.000000
1480439358000,72.739998,72.750000,200,72.849998,300,0.000000,0.000000
1480439360000,72.739998,72.750000,200,72.849998,300,0.000000,0.000000
1480439363000,72.739998,72.750000,200,72.849998,300,0.000000,0.000000
1480439365000,72.739998,72.750000,200,72.849998,300,0.000000,0.000000
1480439367000,72.739998,72.750000,200,72.849998,300,0.000000,0.000000
1480439369000,72.739998,72.750000,300,72.849998,300,0.000000,0.000000
1480439371000,72.739998,72.779999,100,72.870003,100,0.000000,0.000000
1480439373000,72.739998,72.779999,100,72.870003,100,0.000000,0.000000
1480439375000,72.739998,72.779999,100,72.870003,100,0.000000,0.000000
1480439377000,72.739998,72.779999,100,72.870003,100,0.000000,0.000000
1480439379000,72.739998,72.779999,100,72.870003,100,0.000000,0.000000
1480439381000,72.739998,72.779999,100,72.870003,100,0.000000,0.000000
1480439383000,72.739998,72.779999,100,72.870003,100,0.000000,0.000000
1480439385000,72.739998,72.779999,100,72.870003,100,0.000000,0.000000
1480439387000,72.739998,72.779999,100,72.870003,100,0.000000,0.000000
1480439389000,72.739998,72.779999,100,72.870003,100,0.000000,0.000000
1480439391000,72.739998,72.779999,100,72.870003,100,0.000000,0.000000
1480439393000,72.739998,72.779999,100,72.870003,100,0.000000,0.000000
1480439395000,72.739998,72.779999,100,72.870003,100,0.000000,0.000000
1480439397000,72.739998,72.779999,100,72.870003,100,0.000000,0.000000
1480439400000,72.739998,72.779999,100,72.870003,100,0.000000,0.000000
1480439402000,72.739998,72.779999,100,72.870003,100,0.000000,0.000000
1480439404000,72.739998,72.779999,100,72.870003,100,0.000000,0.000000
1480439406000,72.739998,72.779999,100,72.870003,100,0.000000,0.000000
1480439408000,72.739998,72.779999,100,72.870003,100,0.000000,0.000000
1480439410000,72.739998,72.779999,100,72.870003,100,0.000000,0.000000
1480439412000,72.739998,72.779999,100,72.870003,100,0.000000,0.000000
1480439414000,72.739998,72.779999,100,72.870003,100,0.000000,0.000000
1480439416000,72.739998,72.779999,100,72.870003,100,0.000000,0.000000
1480439418000,72.739998,72.779999,100,72.870003,100,0.000000,0.000000
1480439420000,72.739998,72.779999,100,72.870003,100,0.000000,0.000000
1480439422000,72.739998,72.779999,100,72.870003,100,0.000000,0.000000
1480439424000,72.739998,72.779999,100,72.870003,100,0.000000,0.000000
1480439426000,72.739998,72.779999,100,72.870003,100,0.000000,0.000000
1480439428000,72.739998,72.779999,100,72.870003,100,0.000000,0.000000
1480439431000,72.739998,72.779999,100,72.870003,100,0.000000,0.000000
1480439433000,72.739998,72.779999,100,72.870003,100,0.000000,0.000000
1480439435000,72.739998,72.779999,100,72.870003,100,0.000000,0.000000
1480439437000,72.739998,72.779999,100,72.870003,100,0.000000,0.000000
1480439439000,72.779999,72.779999,100,72.870003,100,0.000000,0.000000
1480439441000,72.779999,72.779999,100,72.870003,100,0.000000,0.000000
1480439443000,72.779999,72.779999,100,72.870003,100,0.000000,0.000000
1480439445000,72.779999,72.779999,100,72.870003,100,0.000000,0.000000
1480439447000,72.779999,72.779999,100,72.870003,100,0.000000,0.000000
1480439449000,72.779999,72.779999,100,72.870003,100,0.000000,0.000000
1480439451000,72.779999,72.779999,100,72.870003,100,0.000000,0.000000
1480439453000,72.779999,72.779999,100,72.870003,100,0.000000,0.000000
1480439455000,72.779999,72.779999,100,72.870003,100,0.000000,0.000000
1480439457000,72.779999,72.779999,100,72.870003,100,0.000000,0.000000
1480439459000,72.779999,72.779999,100,72.870003,100,0.000000,0.000000
1480439461000,72.779999,72.779999,100,72.870003,100,0.000000,0.000000
1480439464000,72.779999,72.779999,100,72.870003,100,0.000000,0.000000
1480439466000,72.779999,72.779999,100,72.870003,100,0.000000,0.000000
1480439468000,72.779999,72.779999,100,72.870003,100,0.000000,0.000000
1480439470000,72.779999,72.779999,100,72.870003,100,0.000000,0.000000
1480439472000,72.779999,72.779999,100,72.870003,100,0.000000,0.000000
1480439474000,72.779999,72.779999,100,72.870003,100,0.000000,0.000000
1480439476000,72.760002,72.779999,100,72.870003,100,0.000000,0.000000
1480439478000,72.760002,72.779999,100,72.870003,100,0.000000,0.000000
1480439480000,72.760002,72.779999,100,72.870003,100,0.000000,0.000000
1480439482000,72.760002,72.779999,100,72.870003,100,0.000000,0.000000
1480439484000,72.760002,72.779999,100,72.870003,100,0.000000,0.000000
1480439486000,72.760002,72.779999,100,72.870003,100,0.000000,0.000000
1480439488000,72.760002,72.779999,100,72.870003,100,0.000000,0.000000
1480439490000,72.760002,72.790001,100,72.870003,100,0.000000,0.000000
1480439492000,72.760002,72.790001,100,72.870003,100,0.000000,0.000000
1480439494000,72.760002,72.790001,100,72.870003,100,0.000000,0.000000
1480439496000,72.760002,72.790001,100,72.870003,100,0.000000,0.000000
1480439498000,72.760002,72.790001,100,72.870003,100,0.000000,0.000000
1480439500000,72.760002,72.790001,100,72.870003,100,0.000000,0.000000
1480439503000,72.760002,72.790001,100,72.870003,100,0.000000,0.000000
1480439505000,72.760002,72.790001,100,72.870003,100,0.000000,0.000000
1480439507000,72.760002,72.790001,100,72.870003,100,0.000000,0.000000
1480439509000,72.760002,72.790001,100,72.870003,100,0.000000,0.000000
1480439511000,72.760002,72.790001,100,72.870003,100,0.000000,0.000000
1480439513000,72.760002,72.790001,100,72.870003,100,0.000000,0.000000
1480439515000,72.760002,72.790001,100,72.870003,100,0.000000,0.000000
1480439517000,72.760002,72.790001,100,72.870003,100,0.000000,0.000000
1480439519000,72.760002,72.790001,100,72.870003,100,0.000000,0.000000
1480439521000,72.760002,72.790001,100,72.870003,100,0.000000,0.000000
1480439523000,72.760002,72.790001,100,72.870003,100,0.000000,0.000000
1480439525000,72.760002,72.790001,100,72.870003,100,0.000000,0.000000
1480439527000,72.785301,72.790001,100,72.870003,100,0.000000,0.000000
1480439529000,72.785301,72.790001,100,72.870003,100,0.000000,0.000000
1480439531000,72.785301,72.790001,100,72.870003,100,0.000000,0.000000
1480439533000,72.785301,72.790001,100,72.870003,100,0.000000,0.000000
1480439535000,72.785301,72.790001,100,72.870003,100,0.000000,0.000000
1480439537000,72.785301,72.790001,100,72.870003,100,0.000000,0.000000
1480439539000,72.785301,72.790001,100,72.870003,100,0.000000,0.000000
1480439542000,72.785301,72.790001,100,72.870003,100,0.000000,0.000000
1480439544000,72.785301,72.790001,100,72.870003,100,0.000000,0.000000
1480439546000,72.815002,72.790001,100,72.870003,100,0.000000,0.000000
1480439548000,72.815002,72.790001,100,72.870003,100,0.000000,0.000000
1480439550000,72.815002,72.750000,100,72.860001,200,0.000000,0.000000
1480439552000,72.815002,72.750000,100,72.860001,200,0.000000,0.000000
1480439554000,72.815002,72.750000,100,72.860001,200,0.000000,0.000000
1480439557000,72.815002,72.750000,100,72.860001,200,0.000000,0.000000
1480439559000,72.815002,72.750000,100,72.860001,200,0.000000,0.000000
1480439561000,72.815002,72.750000,100,72.860001,200,0.000000,0.000000
1480439563000,72.815002,72.750000,100,72.860001,200,0.000000,0.000000
1480439565000,72.815002,72.750000,100,72.860001,200,0.000000,0.000000
1480439567000,72.815002,72.750000,100,72.860001,200,0.000000,0.000000
1480439569000,72.815002,72.750000,100,72.860001,200,0.000000,0.000000
1480439571000,72.815002,72.750000,100,72.860001,200,0.000000,0.000000
1480439573000,72.815002,72.750000,100,72.860001,200,0.000000,0.000000
1480439575000,72.815002,72.750000,100,72.860001,200,0.000000,0.000000
1480439577000,72.815002,72.750000,100,72.860001,200,0.000000,0.000000
1480439580000,72.815002,72.750000,100,72.860001,200,0.000000,0.000000
1480439582000,72.815002,72.750000,100,72.860001,200,0.000000,0.000000
1480439584000,72.815002,72.750000,100,72.860001,200,0.000000,0.000000
1480439586000,72.815002,72.750000,100,72.860001,200,0.000000,0.000000
1480439588000,72.815002,72.750000,100,72.860001,200,0.000000,0.000000
1480439590000,72.815002,72.750000,100,72.860001,200,0.000000,0.000000
1480439592000,72.815002,72.750000,100,72.860001,200,0.000000,0.000000
1480439594000,72.815002,72.750000,100,72.860001,200,0.000000,0.000000
1480439596000,72.815002,72.750000,100,72.860001,200,0.000000,0.000000
1480439598000,72.815002,72.750000,100,72.860001,200,0.000000,0.000000
1480439600000,72.815002,72.750000,100,72.860001,200,0.000000,0.000000
1480439602000,72.815002,72.750000,100,72.860001,200,0.000000,0.000000
1480439604000,72.815002,72.750000,100,72.860001,200,0.000000,0.000000
1480439606000,72.815002,72.750000,100,72.860001,200,0.000000,0.000000
1480439608000,72.815002,72.750000,100,72.860001,200,0.000000,0.000000
1480439610000,72.815002,72.750000,100,72.849998,200,0.000000,0.000000
1480439612000,72.815002,72.750000,100,72.849998,200,0.000000,0.000000
1480439614000,72.815002,72.750000,100,72.849998,200,0.000000,0.000000
1480439617000,72.815002,72.750000,100,72.849998,200,0.000000,0.000000
1480439619000,72.815002,72.750000,100,72.849998,200,0.000000,0.000000
1480439621000,72.815002,72.750000,100,72.849998,200,0.000000,0.000000
1480439623000,72.815002,72.750000,100,72.849998,200,0.000000,0.000000
1480439625000,72.815002,72.750000,100,72.849998,200,0.000000,0.000000
1480439627000,72.815002,72.750000,100,72.849998,200,0.000000,0.000000
1480439629000,72.815002,72.750000,100,72.849998,200,0.000000,0.000000
1480439631000,72.815002,72.750000,100,72.849998,200,0.000000,0.000000
1480439634000,72.815002,72.750000,100,72.849998,200,0.000000,0.000000
1480439636000,72.815002,72.750000,100,72.849998,200,0.000000,0.000000
1480439638000,72.815002,72.750000,100,72.849998,200,0.000000,0.000000
1480439640000,72.815002,72.750000,100,72.849998,200,0.000000,0.000000
1480439642000,72.815002,72.750000,100,72.849998,200,0.000000,0.000000
1480439644000,72.815002,72.750000,100,72.849998,200,0.000000,0.000000
1480439646000,72.815002,72.750000,100,72.849998,200,0.000000,0.000000
1480439648000,72.815002,72.750000,100,72.849998,200,0.000000,0.000000
1480439650000,72.815002,72.750000,100,72.849998,200,0.000000,0.000000
1480439652000,72.815002,72.750000,100,72.849998,200,0.000000,0.000000
1480439654000,72.815002,72.750000,100,72.849998,200,0.000000,0.000000
1480439656000,72.815002,72.750000,100,72.849998,200,0.000000,0.000000
1480439658000,72.815002,72.750000,100,72.849998,200,0.000000,0.000000
1480439661000,72.815002,72.750000,100,72.849998,200,0.000000,0.000000
1480439663000,72.815002,72.750000,100,72.849998,200,0.000000,0.000000
1480439665000,72.815002,72.750000,100,72.849998,200,0.000000,0.000000
1480439667000,72.815002,72.750000,100,72.849998,200,0.000000,0.000000
1480439669000,72.815002,72.750000,100,72.849998,100,0.000000,0.000000
1480439671000,72.815002,72.750000,100,72.849998,100,0.000000,0.000000
1480439673000,72.815002,72.750000,100,72.849998,100,0.000000,0.000000
1480439675000,72.815002,72.750000,100,72.849998,100,0.000000,0.000000
1480439677000,72.815002,72.750000,100,72.849998,100,0.000000,0.000000
1480439679000,72.815002,72.750000,100,72.849998,100,0.000000,0.000000
1480439681000,72.815002,72.750000,100,72.849998,100,0.000000,0.000000
1480439683000,72.815002,72.750000,100,72.849998,100,0.000000,0.000000
1480439685000,72.815002,72.750000,100,72.849998,100,0.000000,0.000000
1480439687000,72.815002,72.750000,100,72.849998,100,0.000000,0.000000
1480439689000,72.815002,72.750000,100,72.849998,100,0.000000,0.000000
1480439691000,72.815002,72.750000,100,72.849998,100,0.000000,0.000000
1480439693000,72.815002,72.750000,100,72.849998,100,0.000000,0.000000
1480439696000,72.815002,72.750000,100,72.849998,100,0.000000,0.000000
1480439698000,72.815002,72.750000,100,72.849998,100,0.000000,0.000000
1480439700000,72.815002,72.750000,100,72.849998,100,0.000000,0.000000
1480439702000,72.815002,72.750000,100,72.849998,100,0.000000,0.000000
1480439704000,72.815002,72.750000,100,72.849998,100,0.000000,0.000000
1480439706000,72.815002,72.750000,100,72.849998,100,0.000000,0.000000
1480439708000,72.815002,72.750000,100,72.849998,100,0.000000,0.000000
1480439710000,72.815002,72.750000,100,72.849998,100,0.000000,0.000000
1480439712000,72.815002,72.750000,100,72.849998,100,0.000000,0.000000
1480439714000,72.815002,72.750000,100,72.849998,100,0.000000,0.000000
1480439716000,72.815002,72.750000,100,72.849998,100,0.000000,0.000000
1480439718000,72.815002,72.750000,100,72.849998,100,0.000000,0.000000
1480439720000,72.815002,72.750000,100,72.849998,100,0.000000,0.000000
1480439722000,72.815002,72.750000,100,72.849998,100,0.000000,0.000000
1480439724000,72.815002,72.750000,100,72.849998,100,0.000000,0.000000
1480439727000,72.815002,72.750000,100,72.849998,100,0.000000,0.000000
1480439729000,72.815002,72.750000,100,72.849998,100,0.000000,0.000000
1480439731000,72.815002,72.790001,100,72.940002,200,0.000000,0.000000
1480439733000,72.815002,72.790001,100,72.940002,200,0.000000,0.000000
1480439735000,72.815002,72.790001,100,72.940002,200,0.000000,0.000000
1480439737000,72.815002,72.790001,100,72.940002,100,0.000000,0.000000
1480439739000,72.815002,72.790001,100,72.940002,100,0.000000,0.000000
1480439741000,72.815002,72.790001,100,72.940002,100,0.000000,0.000000
1480439743000,72.815002,72.790001,100,72.940002,100,0.000000,0.000000
1480439745000,72.815002,72.790001,100,72.940002,100,0.000000,0.000000
1480439747000,72.815002,72.790001,100,72.940002,100,0.000000,0.000000
1480439749000,72.815002,72.790001,100,72.940002,100,0.000000,0.000000
1480439751000,72.815002,72.790001,100,72.940002,100,0.000000,0.000000
1480439753000,72.815002,72.790001,100,72.940002,100,0.000000,0.000000
1480439755000,72.815002,72.790001,100,72.940002,100,0.000000,0.000000
1480439757000,72.815002,72.790001,100,72.940002,100,0.000000,0.000000
1480439759000,72.815002,72.790001,100,72.940002,100,0.000000,0.000000
1480439762000,72.815002,72.790001,100,72.940002,100,0.000000,0.000000
1480439764000,72.815002,72.790001,100,72.940002,100,0.000000,0.000000
1480439766000,72.815002,72.790001,100,72.940002,100,0.000000,0.000000
1480439768000,72.815002,72.790001,100,72.940002,100,0.000000,0.000000
1480439770000,72.815002,72.790001,100,72.940002,100,0.000000,0.000000
1480439772000,72.815002,72.790001,100,72.940002,100,0.000000,0.000000
1480439774000,72.815002,72.790001,100,72.940002,100,0.000000,0.000000
1480439777000,72.815002,72.790001,100,72.940002,100,0.000000,0.000000
1480439779000,72.815002,72.790001,100,72.940002,100,0.000000,0.000000
1480439781000,72.815002,72.790001,100,72.940002,100,0.000000,0.000000
1480439783000,72.815002,72.790001,100,72.940002,100,0.000000,0.000000
1480439785000,72.815002,72.790001,100,72.940002,100,0.000000,0.000000
1480439787000,72.815002,72.790001,100,72.940002,100,0.000000,0.000000
1480439789000,72.815002,72.750000,100,72.919998,200,0.000000,0.000000
1480439791000,72.815002,72.750000,100,72.919998,200,0.000000,0.000000
1480439793000,72.815002,72.750000,100,72.919998,200,0.000000,0.000000
1480439795000,72.815002,72.750000,100,72.919998,200,0.000000,0.000000
1480439797000,72.815002,72.750000,100,72.919998,200,0.000000,0.000000
1480439799000,72.815002,72.750000,100,72.919998,200,0.000000,0.000000
1480439801000,72.815002,72.750000,100,72.919998,200,0.000000,0.000000
1480439803000,72.815002,72.750000,100,72.919998,200,0.000000,0.000000
1480439805000,72.815002,72.750000,100,72.919998,200,0.000000,0.000000
1480439807000,72.815002,72.750000,100,72.919998,200,0.000000,0.000000
1480439809000,72.815002,72.750000,100,72.919998,200,0.000000,0.000000
1480439811000,72.820000,72.750000,100,72.919998,200,0.000000,0.000000
1480439813000,72.805000,72.750000,100,72.919998,200,0.000000,0.000000
1480439815000,72.805000,72.750000,100,72.919998,200,0.000000,0.000000
1480439818000,72.805000,72.750000,100,72.919998,200,0.000000,0.000000
1480439820000,72.805000,72.750000,100,72.919998,200,0.000000,0.000000
1480439822000,72.805000,72.750000,100,72.919998,200,0.000000,0.000000
1480439824000,72.811096,72.750000,100,72.919998,200,0.000000,0.000000
1480439826000,72.811096,72.750000,100,72.919998,200,0.000000,0.000000
1480439828000,72.811096,72.750000,100,72.919998,200,0.000000,0.000000
1480439830000,72.811096,72.750000,100,72.919998,200,0.000000,0.000000
1480439832000,72.811096,72.750000,100,72.919998,200,0.000000,0.000000
1480439834000,72.811096,72.750000,100,72.919998,200,0.000000,0.000000
1480439836000,72.811096,72.750000,100,72.919998,200,0.000000,0.000000
1480439838000,72.811096,72.750000,100,72.919998,200,0.000000,0.000000
1480439840000,72.811096,72.750000,100,72.919998,200,0.000000,0.000000
1480439842000,72.811096,72.750000,100,72.919998,200,0.000000,0.000000
1480439844000,72.811096,72.750000,100,72.919998,200,0.000000,0.000000
1480439846000,72.811096,72.750000,100,72.919998,200,0.000000,0.000000
1480439848000,72.811096,72.809998,100,72.860001,200,0.000000,0.000000
1480439851000,72.811096,72.809998,100,72.860001,200,0.000000,0.000000
1480439853000,72.811096,72.809998,100,72.860001,200,0.000000,0.000000
1480439855000,72.811096,72.809998,100,72.860001,200,0.000000,0.000000
1480439857000,72.811096,72.809998,100,72.860001,200,0.000000,0.000000
1480439859000,72.811096,72.809998,100,72.860001,200,0.000000,0.000000
1480439861000,72.800003,72.809998,100,72.860001,200,0.000000,0.000000
1480439863000,72.800003,72.809998,100,72.860001,200,0.000000,0.000000
1480439865000,72.800003,72.809998,100,72.860001,200,0.000000,0.000000
1480439867000,72.800003,72.809998,100,72.860001,200,0.000000,0.000000
1480439869000,72.800003,72.809998,100,72.860001,200,0.000000,0.000000
1480439871000,72.800003,72.809998,100,72.860001,200,0.000000,0.000000
1480439873000,72.800003,72.809998,100,72.860001,200,0.000000,0.000000
1480439875000,72.800003,72.809998,100,72.860001,200,0.000000,0.000000
1480439877000,72.800003,72.809998,100,72.860001,200,0.000000,0.000000
1480439879000,72.800003,72.809998,100,72.860001,200,0.000000,0.000000
1480439881000,72.800003,72.809998,100,72.860001,200,0.000000,0.000000
1480439883000,72.826202,72.809998,100,72.860001,200,0.000000,0.000000
1480439885000,72.826202,72.809998,100,72.860001,200,0.000000,0.000000
1480439887000,72.826202,72.809998,100,72.860001,200,0.000000,0.000000
1480439890000,72.826202,72.809998,100,72.860001,200,0.000000,0.000000
1480439892000,72.826202,72.809998,100,72.860001,200,0.000000,0.000000
1480439894000,72.826202,72.809998,100,72.860001,200,0.000000,0.000000
1480439896000,72.826202,72.809998,100,72.860001,200,0.000000,0.000000
1480439898000,72.826202,72.809998,100,72.860001,200,0.000000,0.000000
1480439900000,72.826202,72.809998,100,72.860001,200,0.000000,0.000000
1480439902000,72.826202,72.809998,100,72.860001,200,0.000000,0.000000
1480439904000,72.826202,72.809998,100,72.860001,200,0.000000,0.000000
1480439906000,72.826202,72.809998,100,72.860001,200,0.000000,0.000000
1480439908000,72.826202,72.809998,100,72.860001,200,0.000000,0.000000
1480439910000,72.826202,72.750000,100,72.830002,200,0.000000,0.000000
1480439912000,72.826202,72.750000,100,72.830002,200,0.000000,0.000000
1480439914000,72.826202,72.750000,100,72.830002,200,0.000000,0.000000
1480439916000,72.826202,72.750000,100,72.830002,200,0.000000,0.000000
1480439918000,72.826202,72.750000,100,72.830002,200,0.000000,0.000000
1480439920000,72.826202,72.750000,100,72.830002,200,0.000000,0.000000
1480439922000,72.826202,72.750000,100,72.830002,200,0.000000,0.000000
1480439925000,72.778099,72.750000,100,72.830002,200,0.000000,0.000000
1480439927000,72.778099,72.750000,100,72.830002,200,0.000000,0.000000
1480439929000,72.778099,72.750000,100,72.830002,200,0.000000,0.000000
1480439931000,72.778099,72.750000,100,72.830002,200,0.000000,0.000000
1480439933000,72.778099,72.750000,100,72.830002,200,0.000000,0.000000
1480439935000,72.778099,72.750000,100,72.830002,200,0.000000,0.000000
1480439937000,72.778099,72.750000,100,72.830002,200,0.000000,0.000000
1480439939000,72.778099,72.750000,100,72.830002,200,0.000000,0.000000
1480439941000,72.778099,72.750000,100,72.830002,200,0.000000,0.000000
1480439943000,72.778099,72.750000,100,72.830002,200,0.000000,0.000000
1480439945000,72.778099,72.750000,100,72.830002,200,0.000000,0.000000
1480439947000,72.778099,72.750000,100,72.830002,200,0.000000,0.000000
1480439949000,72.778099,72.750000,100,72.830002,200,0.000000,0.000000
1480439951000,72.778099,72.750000,100,72.830002,200,0.000000,0.000000
1480439953000,72.778099,72.750000,100,72.830002,200,0.000000,0.000000
1480439955000,72.778099,72.750000,100,72.830002,200,0.000000,0.000000
1480439957000,72.778099,72.750000,100,72.830002,200,0.000000,0.000000
1480439959000,72.778099,72.750000,100,72.830002,200,0.000000,0.000000
1480439962000,72.785004,72.750000,100,72.830002,200,0.000000,0.000000
1480439964000,72.785004,72.750000,100,72.830002,200,0.000000,0.000000
1480439966000,72.785004,72.750000,100,72.830002,200,0.000000,0.000000
1480439968000,72.785004,72.750000,100,72.830002,200,0.000000,0.000000
1480439970000,72.785004,72.760002,100,72.830002,200,0.000000,0.000000
1480439972000,72.785004,72.760002,100,72.830002,200,0.000000,0.000000
1480439974000,72.785004,72.760002,100,72.830002,200,0.000000,0.000000
1480439976000,72.785004,72.760002,100,72.830002,200,0.000000,0.000000
1480439978000,72.785004,72.760002,100,72.830002,200,0.000000,0.000000
1480439980000,72.785004,72.760002,100,72.830002,200,0.000000,0.000000
1480439982000,72.785004,72.760002,100,72.830002,200,0.000000,0.000000
1480439984000,72.785004,72.760002,100,72.830002,200,0.000000,0.000000
1480439986000,72.785004,72.760002,100,72.830002,200,0.000000,0.000000
1480439988000,72.785004,72.760002,100,72.830002,200,0.000000,0.000000
1480439990000,72.785004,72.760002,100,72.830002,200,0.000000,0.000000
1480439992000,72.785004,72.760002,100,72.830002,200,0.000000,0.000000
1480439994000,72.785004,72.760002,100,72.830002,200,0.000000,0.000000
1480439996000,72.785004,72.760002,100,72.830002,200,0.000000,0.000000
1480439999000,72.785004,72.760002,100,72.830002,200,0.000000,0.000000
1480440001000,72.785004,72.760002,100,72.830002,200,0.000000,0.000000
1480440003000,72.785004,72.760002,100,72.830002,200,0.000000,0.000000
1480440005000,72.785004,72.760002,100,72.830002,200,0.000000,0.000000
1480440007000,72.785004,72.760002,100,72.830002,200,0.000000,0.000000
1480440009000,72.785004,72.760002,100,72.830002,200,0.000000,0.000000
1480440011000,72.785004,72.760002,100,72.830002,200,0.000000,0.000000
1480440013000,72.785004,72.760002,100,72.830002,200,0.000000,0.000000
1480440015000,72.785004,72.760002,100,72.830002,200,0.000000,0.000000
1480440017000,72.785004,72.760002,100,72.830002,200,0.000000,0.000000
1480440019000,72.785004,72.760002,100,72.830002,200,0.000000,0.000000
1480440021000,72.785004,72.760002,100,72.830002,200,0.000000,0.000000
1480440023000,72.785004,72.760002,100,72.830002,200,0.000000,0.000000
1480440025000,72.785004,72.760002,100,72.830002,200,0.000000,0.000000
1480440027000,72.785004,72.760002,100,72.830002,200,0.000000,0.000000
1480440029000,72.785004,72.760002,100,72.830002,200,0.000000,0.000000
1480440031000,72.785004,72.760002,100,72.830002,200,0.000000,0.000000
1480440033000,72.785004,72.760002,100,72.830002,200,0.000000,0.000000
1480440036000,72.785004,72.760002,100,72.830002,200,0.000000,0.000000
1480440038000,72.785004,72.760002,100,72.830002,200,0.000000,0.000000
1480440040000,72.785004,72.760002,100,72.830002,200,0.000000,0.000000
1480440042000,72.785004,72.760002,100,72.830002,200,0.000000,0.000000
1480440044000,72.785004,72.760002,100,72.830002,200,0.000000,0.000000
1480440046000,72.785004,72.760002,100,72.830002,200,0.000000,0.000000
1480440048000,72.785004,72.760002,100,72.830002,200,0.000000,0.000000
1480440050000,72.785004,72.760002,100,72.830002,200,0.000000,0.000000
1480440052000,72.785004,72.760002,100,72.830002,200,0.000000,0.000000
1480440054000,72.785004,72.760002,100,72.830002,200,0.000000,0.000000
1480440056000,72.785004,72.760002,100,72.830002,200,0.000000,0.000000
1480440058000,72.785004,72.760002,100,72.830002,200,0.000000,0.000000
1480440060000,72.785004,72.760002,100,72.830002,200,0.000000,0.000000
1480440062000,72.785004,72.760002,100,72.830002,200,0.000000,0.000000
1480440064000,72.785004,72.760002,100,72.830002,200,0.000000,0.000000
1480440067000,72.785004,72.760002,100,72.830002,200,0.000000,0.000000
1480440069000,72.785004,72.760002,100,72.830002,200,0.000000,0.000000
1480440071000,72.785004,72.760002,100,72.830002,200,0.000000,0.000000
1480440073000,72.785004,72.760002,100,72.830002,200,0.000000,0.000000
1480440075000,72.785004,72.760002,100,72.830002,200,0.000000,0.000000
1480440077000,72.785004,72.760002,100,72.830002,200,0.000000,0.000000
1480440079000,72.785004,72.760002,100,72.830002,200,0.000000,0.000000
1480440081000,72.785004,72.760002,100,72.830002,200,0.000000,0.000000
1480440083000,72.785004,72.760002,100,72.830002,200,0.000000,0.000000
1480440085000,72.724998,72.760002,100,72.830002,200,0.000000,0.000000
1480440087000,72.724998,72.760002,100,72.830002,200,0.000000,0.000000
1480440089000,72.724998,72.709999,200,72.790001,300,0.000000,0.000000
1480440091000,72.724998,72.709999,200,72.790001,300,0.000000,0.000000
1480440093000,72.724998,72.709999,200,72.790001,300,0.000000,0.000000
1480440095000,72.724998,72.709999,200,72.790001,300,0.000000,0.000000
1480440097000,72.724998,72.709999,200,72.790001,300,0.000000,0.000000
1480440099000,72.724998,72.709999,200,72.790001,300,0.000000,0.000000
1480440102000,72.724998,72.709999,200,72.790001,300,0.000000,0.000000
1480440104000,72.724998,72.709999,200,72.790001,300,0.000000,0.000000
1480440106000,72.724998,72.709999,200,72.790001,300,0.000000,0.000000
1480440108000,72.724998,72.709999,200,72.790001,300,0.000000,0.000000
1480440110000,72.724998,72.709999,200,72.790001,300,0.000000,0.000000
1480440112000,72.724998,72.709999,200,72.790001,300,0.000000,0.000000
1480440114000,72.724998,72.709999,200,72.790001,300,0.000000,0.000000
1480440116000,72.724998,72.709999,200,72.790001,300,0.000000,0.000000
1480440118000,72.724998,72.709999,200,72.790001,300,0.000000,0.000000
1480440120000,72.724998,72.709999,200,72.790001,300,0.000000,0.000000
1480440122000,72.724998,72.709999,200,72.790001,300,0.000000,0.000000
1480440124000,72.724998,72.709999,200,72.790001,300,0.000000,0.000000
1480440126000,72.724998,72.709999,200,72.790001,300,0.000000,0.000000
1480440128000,72.724998,72.709999,200,72.790001,300,0.000000,0.000000
1480440130000,72.724998,72.709999,200,72.790001,300,0.000000,0.000000
1480440133000,72.724998,72.709999,200,72.790001,300,0.000000,0.000000
1480440135000,72.724998,72.709999,200,72.790001,300,0.000000,0.000000
1480440137000,72.724998,72.709999,200,72.790001,300,0.000000,0.000000
1480440139000,72.724998,72.709999,200,72.790001,300,0.000000,0.000000
1480440141000,72.724998,72.709999,200,72.790001,300,0.000000,0.000000
1480440143000,72.724998,72.709999,200,72.790001,300,0.000000,0.000000
1480440145000,72.724998,72.709999,200,72.790001,300,0.000000,0.000000
1480440147000,72.639999,72.709999,200,72.790001,300,0.000000,0.000000
1480440149000,72.639999,72.720001,100,72.790001,100,0.000000,0.000000
1480440151000,72.639999,72.720001,100,72.790001,100,0.000000,0.000000
1480440153000,72.639999,72.720001,100,72.790001,100,0.000000,0.000000
1480440155000,72.639999,72.720001,100,72.790001,100,0.000000,0.000000
1480440157000,72.639999,72.720001,100,72.790001,100,0.000000,0.000000
1480440159000,72.639999,72.720001,100,72.790001,100,0.000000,0.000000
1480440161000,72.639999,72.720001,100,72.790001,100,0.000000,0.000000
1480440163000,72.639999,72.720001,100,72.790001,100,0.000000,0.000000
1480440165000,72.639999,72.720001,100,72.790001,100,0.000000,0.000000
1480440167000,72.639999,72.720001,100,72.790001,100,0.000000,0.000000
1480440170000,72.639999,72.720001,100,72.790001,100,0.000000,0.000000
1480440172000,72.639999,72.720001,100,72.790001,100,0.000000,0.000000
1480440174000,72.639999,72.720001,100,72.790001,100,0.000000,0.000000
1480440176000,72.639999,72.720001,100,72.790001,100,0.000000,0.000000
1480440178000,72.639999,72.720001,100,72.790001,100,0.000000,0.000000
1480440180000,72.639999,72.720001,100,72.790001,100,0.000000,0.000000
1480440182000,72.639999,72.720001,100,72.790001,100,0.000000,0.000000
1480440184000,72.639999,72.720001,100,72.790001,100,0.000000,0.000000
1480440186000,72.639999,72.720001,100,72.790001,100,0.000000,0.000000
1480440188000,72.639999,72.720001,100,72.790001,100,0.000000,0.000000
1480440190000,72.639999,72.720001,100,72.790001,100,0.000000,0.000000
1480440192000,72.639999,72.720001,100,72.790001,100,0.000000,0.000000
1480440194000,72.639999,72.720001,100,72.790001,100,0.000000,0.000000
1480440196000,72.639999,72.720001,100,72.790001,100,0.000000,0.000000
1480440198000,72.639999,72.720001,100,72.790001,100,0.000000,0.000000
1480440200000,72.639999,72.720001,100,72.790001,100,0.000000,0.000000
1480440202000,72.639999,72.720001,100,72.790001,100,0.000000,0.000000
1480440204000,72.639999,72.720001,100,72.790001,100,0.000000,0.000000
1480440207000,72.639999,72.720001,100,72.790001,100,0.000000,0.000000
1480440209000,72.639999,72.720001,100,72.790001,100,0.000000,0.000000
1480440211000,72.639999,72.720001,100,72.790001,100,0.000000,0.000000
1480440213000,72.639999,72.720001,100,72.790001,100,0.000000,0.000000
1480440215000,72.639999,72.720001,100,72.790001,100,0.000000,0.000000
1480440217000,72.639999,72.720001,100,72.790001,100,0.000000,0.000000
1480440219000,72.639999,72.720001,100,72.790001,100,0.000000,0.000000
1480440221000,72.639999,72.720001,100,72.790001,100,0.000000,0.000000
1480440223000,72.639999,72.720001,100,72.790001,100,0.000000,0.000000
1480440225000,72.639999,72.720001,100,72.790001,100,0.000000,0.000000
1480440227000,72.639999,72.720001,100,72.790001,100,0.000000,0.000000
1480440229000,72.639999,72.720001,100,72.790001,100,0.000000,0.000000
1480440231000,72.639999,72.720001,100,72.790001,100,0.000000,0.000000
1480440233000,72.639999,72.720001,100,72.790001,100,0.000000,0.000000
1480440235000,72.639999,72.720001,100,72.790001,100,0.000000,0.000000
1480440237000,72.639999,72.720001,100,72.790001,100,0.000000,0.000000
1480440240000,72.639999,72.720001,100,72.790001,100,0.000000,0.000000
1480440242000,72.639999,72.720001,100,72.790001,100,0.000000,0.000000
1480440244000,72.639999,72.720001,100,72.790001,100,0.000000,0.000000
1480440246000,72.639999,72.720001,100,72.790001,100,0.000000,0.000000
1480440248000,72.639999,72.720001,100,72.790001,100,0.000000,0.000000
1480440250000,72.639999,72.720001,100,72.790001,100,0.000000,0.000000
1480440252000,72.639999,72.720001,100,72.790001,100,0.000000,0.000000
1480440254000,72.639999,72.720001,100,72.790001,100,0.000000,0.000000
1480440256000,72.639999,72.720001,100,72.790001,100,0.000000,0.000000
1480440258000,72.639999,72.720001,100,72.790001,100,0.000000,0.000000
1480440260000,72.639999,72.720001,100,72.790001,100,0.000000,0.000000
1480440262000,72.639999,72.720001,100,72.790001,100,0.000000,0.000000
1480440264000,72.639999,72.720001,100,72.790001,100,0.000000,0.000000
1480440266000,72.639999,72.720001,100,72.790001,100,0.000000,0.000000
1480440268000,72.639999,72.720001,100,72.790001,100,0.000000,0.000000
1480440270000,72.639999,72.720001,300,72.790001,100,0.000000,0.000000
1480440272000,72.639999,72.720001,300,72.790001,100,0.000000,0.000000
1480440275000,72.639999,72.720001,300,72.790001,100,0.000000,0.000000
1480440277000,72.639999,72.720001,300,72.790001,100,0.000000,0.000000
1480440279000,72.639999,72.720001,300,72.790001,100,0.000000,0.000000
1480440281000,72.629997,72.720001,300,72.790001,100,0.000000,0.000000
1480440283000,72.629997,72.720001,300,72.790001,100,0.000000,0.000000
1480440285000,72.629997,72.720001,300,72.790001,100,0.000000,0.000000
1480440287000,72.629997,72.720001,300,72.790001,100,0.000000,0.000000
1480440289000,72.629997,72.720001,300,72.790001,100,0.000000,0.000000
1480440291000,72.629997,72.720001,300,72.790001,100,0.000000,0.000000
1480440293000,72.629997,72.720001,300,72.790001,100,0.000000,0.000000
1480440295000,72.629997,72.720001,300,72.790001,100,0.000000,0.000000
1480440297000,72.629997,72.720001,300,72.790001,100,0.000000,0.000000
1480440299000,72.629997,72.720001,300,72.790001,100,0.000000,0.000000
1480440301000,72.629997,72.720001,300,72.790001,100,0.000000,0.000000
1480440303000,72.629997,72.720001,300,72.790001,100,0.000000,0.000000
1480440305000,72.629997,72.720001,300,72.790001,100,0.000000,0.000000
1480440307000,72.629997,72.720001,300,72.790001,100,0.000000,0.000000
1480440310000,72.620003,72.720001,300,72.790001,100,0.000000,0.000000
1480440312000,72.620003,72.720001,300,72.790001,100,0.000000,0.000000
1480440314000,72.620003,72.720001,300,72.790001,100,0.000000,0.000000
1480440316000,72.620003,72.720001,300,72.790001,100,0.000000,0.000000
1480440318000,72.620003,72.720001,300,72.790001,100,0.000000,0.000000
1480440320000,72.620003,72.720001,300,72.790001,100,0.000000,0.000000
1480440322000,72.620003,72.720001,300,72.790001,100,0.000000,0.000000
1480440324000,72.620003,72.720001,300,72.790001,100,0.000000,0.000000
1480440326000,72.620003,72.720001,300,72.790001,100,0.000000,0.000000
1480440328000,72.620003,72.720001,300,72.790001,100,0.000000,0.000000
1480440330000,72.620003,72.720001,300,72.790001,100,0.000000,0.000000
1480440332000,72.620003,72.720001,300,72.790001,100,0.000000,0.000000
1480440334000,72.620003,72.720001,300,72.790001,100,0.000000,0.000000
1480440336000,72.620003,72.720001,300,72.790001,100,0.000000,0.000000
1480440338000,72.620003,72.720001,300,72.790001,100,0.000000,0.000000
1480440340000,72.620003,72.720001,300,72.790001,100,0.000000,0.000000
1480440342000,72.620003,72.720001,300,72.790001,100,0.000000,0.000000
1480440344000,72.620003,72.720001,300,72.790001,100,0.000000,0.000000
1480440347000,72.620003,72.720001,300,72.790001,100,0.000000,0.000000
1480440349000,72.620003,72.720001,300,72.790001,100,0.000000,0.000000
1480440351000,72.620003,72.720001,300,72.790001,100,0.000000,0.000000
1480440353000,72.620003,72.720001,300,72.790001,100,0.000000,0.000000
1480440355000,72.620003,72.720001,300,72.790001,100,0.000000,0.000000
1480440357000,72.620003,72.720001,300,72.790001,100,0.000000,0.000000
1480440359000,72.620003,72.720001,300,72.790001,100,0.000000,0.000000
1480440361000,72.620003,72.720001,300,72.790001,100,0.000000,0.000000
1480440363000,72.620003,72.720001,300,72.790001,100,0.000000,0.000000
1480440365000,72.620003,72.720001,300,72.790001,100,0.000000,0.000000
1480440367000,72.620003,72.720001,300,72.790001,100,0.000000,0.000000
1480440369000,72.620003,72.720001,300,72.790001,100,0.000000,0.000000
1480440371000,72.620003,72.720001,300,72.790001,100,0.000000,0.000000
1480440373000,72.620003,72.720001,300,72.790001,100,0.000000,0.000000
1480440375000,72.620003,72.720001,300,72.790001,100,0.000000,0.000000
1480440377000,72.620003,72.720001,300,72.790001,100,0.000000,0.000000
1480440379000,72.620003,72.720001,300,72.790001,100,0.000000,0.000000
1480440381000,72.620003,72.720001,300,72.790001,100,0.000000,0.000000
1480440384000,72.620003,72.720001,300,72.790001,100,0.000000,0.000000
1480440386000,72.620003,72.720001,300,72.790001,100,0.000000,0.000000
1480440388000,72.620003,72.720001,300,72.790001,100,0.000000,0.000000
1480440390000,72.620003,72.739998,100,72.860001,100,0.000000,0.000000
1480440392000,72.620003,72.739998,100,72.860001,100,0.000000,0.000000
1480440394000,72.620003,72.739998,100,72.860001,100,0.000000,0.000000
1480440396000,72.620003,72.739998,100,72.860001,100,0.000000,0.000000
1480440398000,72.620003,72.739998,100,72.860001,100,0.000000,0.000000
1480440400000,72.620003,72.739998,100,72.860001,100,0.000000,0.000000
1480440402000,72.620003,72.739998,100,72.860001,100,0.000000,0.000000
1480440404000,72.620003,72.739998,100,72.860001,100,0.000000,0.000000
1480440406000,72.620003,72.739998,100,72.860001,100,0.000000,0.000000
1480440408000,72.620003,72.739998,100,72.860001,100,0.000000,0.000000
1480440410000,72.620003,72.739998,100,72.860001,100,0.000000,0.000000
1480440412000,72.620003,72.739998,100,72.860001,100,0.000000,0.000000
1480440414000,72.620003,72.739998,100,72.860001,100,0.000000,0.000000
1480440417000,72.620003,72.739998,100,72.860001,100,0.000000,0.000000
1480440419000,72.620003,72.739998,100,72.860001,100,0.000000,0.000000
1480440421000,72.620003,72.739998,100,72.860001,100,0.000000,0.000000
1480440423000,72.620003,72.739998,100,72.860001,100,0.000000,0.000000
1480440425000,72.620003,72.739998,100,72.860001,100,0.000000,0.000000
1480440427000,72.620003,72.739998,100,72.860001,100,0.000000,0.000000
1480440429000,72.620003,72.739998,100,72.860001,100,0.000000,0.000000
1480440431000,72.620003,72.739998,100,72.860001,100,0.000000,0.000000
1480440433000,72.620003,72.739998,100,72.860001,100,0.000000,0.000000
1480440435000,72.620003,72.739998,100,72.860001,100,0.000000,0.000000
1480440437000,72.620003,72.739998,100,72.860001,100,0.000000,0.000000
1480440439000,72.620003,72.739998,100,72.860001,100,0.000000,0.000000
1480440441000,72.620003,72.739998,100,72.860001,100,0.000000,0.000000
1480440443000,72.620003,72.739998,100,72.860001,100,0.000000,0.000000
1480440445000,72.620003,72.739998,100,72.860001,100,0.000000,0.000000
1480440447000,72.620003,72.739998,100,72.860001,100,0.000000,0.000000
1480440449000,72.620003,72.760002,100,72.870003,100,0.000000,0.000000
1480440452000,72.540001,72.760002,100,72.870003,100,0.000000,0.000000
1480440454000,72.540001,72.760002,100,72.870003,100,0.000000,0.000000
1480440456000,72.540001,72.760002,100,72.870003,100,0.000000,0.000000
1480440458000,72.540001,72.760002,100,72.870003,100,0.000000,0.000000
1480440460000,72.540001,72.760002,100,72.870003,100,0.000000,0.000000
1480440462000,72.540001,72.760002,100,72.870003,100,0.000000,0.000000
1480440464000,72.540001,72.760002,100,72.870003,100,0.000000,0.000000
1480440466000,72.540001,72.760002,100,72.870003,100,0.000000,0.000000
1480440468000,72.540001,72.760002,100,72.870003,100,0.000000,0.000000
1480440470000,72.540001,72.760002,100,72.870003,100,0.000000,0.000000
1480440472000,72.540001,72.760002,100,72.870003,100,0.000000,0.000000
1480440474000,72.540001,72.760002,100,72.870003,100,0.000000,0.000000
1480440476000,72.540001,72.760002,100,72.870003,100,0.000000,0.000000
1480440478000,72.540001,72.760002,100,72.870003,100,0.000000,0.000000
1480440480000,72.540001,72.760002,100,72.870003,100,0.000000,0.000000
1480440482000,72.540001,72.760002,100,72.870003,100,0.000000,0.000000
1480440484000,72.540001,72.760002,100,72.870003,100,0.000000,0.000000
1480440486000,72.540001,72.760002,100,72.870003,100,0.000000,0.000000
1480440489000,72.510002,72.760002,100,72.870003,100,0.000000,0.000000
1480440491000,72.504997,72.760002,100,72.870003,100,0.000000,0.000000
1480440493000,72.504997,72.760002,100,72.870003,100,0.000000,0.000000
1480440495000,72.504997,72.760002,100,72.870003,100,0.000000,0.000000
1480440497000,72.504997,72.760002,100,72.870003,100,0.000000,0.000000
1480440499000,72.504997,72.760002,100,72.870003,100,0.000000,0.000000
1480440501000,72.519997,72.760002,100,72.870003,100,0.000000,0.000000
1480440503000,72.519997,72.760002,100,72.870003,100,0.000000,0.000000
1480440505000,72.519997,72.760002,100,72.870003,100,0.000000,0.000000
1480440507000,72.519997,72.760002,100,72.870003,100,0.000000,0.000000
1480440509000,72.519997,72.760002,100,72.870003,100,0.000000,0.000000
1480440511000,72.519997,72.760002,100,72.870003,100,0.000000,0.000000
1480440513000,72.519997,72.760002,100,72.870003,100,0.000000,0.000000
1480440515000,72.519997,72.760002,100,72.870003,100,0.000000,0.000000
1480440517000,72.519997,72.760002,100,72.870003,100,0.000000,0.000000
1480440519000,72.519997,72.760002,100,72.870003,100,0.000000,0.000000
1480440521000,72.519997,72.760002,100,72.870003,100,0.000000,0.000000
1480440524000,72.519997,72.760002,100,72.870003,100,0.000000,0.000000
1480440526000,72.519997,72.760002,100,72.870003,100,0.000000,0.000000
1480440528000,72.519997,72.760002,100,72.870003,100,0.000000,0.000000
1480440530000,72.519997,72.760002,100,72.870003,100,0.000000,0.000000
1480440532000,72.519997,72.760002,100,72.870003,100,0.000000,0.000000
1480440534000,72.519997,72.760002,100,72.870003,100,0.000000,0.000000
1480440536000,72.519997,72.760002,100,72.870003,100,0.000000,0.000000
1480440538000,72.519997,72.760002,100,72.870003,100,0.000000,0.000000
1480440540000,72.519997,72.760002,100,72.870003,100,0.000000,0.000000
1480440542000,72.519997,72.760002,100,72.870003,100,0.000000,0.000000
1480440544000,72.519997,72.760002,100,72.870003,100,0.000000,0.000000
1480440546000,72.519997,72.760002,100,72.870003,100,0.000000,0.000000
1480440548000,72.519997,72.760002,100,72.870003,100,0.000000,0.000000
1480440550000,72.519997,72.760002,100,72.870003,100,0.000000,0.000000
1480440552000,72.519997,72.760002,100,72.870003,100,0.000000,0.000000
1480440554000,72.519997,72.760002,100,72.870003,100,0.000000,0.000000
1480440556000,72.519997,72.760002,100,72.870003,100,0.000000,0.000000
1480440558000,72.519997,72.760002,100,72.870003,100,0.000000,0.000000
1480440561000,72.519997,72.760002,100,72.870003,100,0.000000,0.000000
1480440563000,72.519997,72.760002,100,72.870003,100,0.000000,0.000000
1480440565000,72.519997,72.760002,100,72.870003,100,0.000000,0.000000
1480440567000,72.519997,72.760002,100,72.870003,100,0.000000,0.000000
1480440569000,72.519997,72.760002,100,72.870003,100,0.000000,0.000000
1480440571000,72.519997,72.760002,100,72.870003,100,0.000000,0.000000
1480440573000,72.519997,72.760002,100,72.870003,100,0.000000,0.000000
1480440575000,72.519997,72.760002,100,72.870003,100,0.000000,0.000000
1480440577000,72.519997,72.760002,100,72.870003,100,0.000000,0.000000
1480440579000,72.519997,72.760002,100,72.870003,100,0.000000,0.000000
1480440581000,72.519997,72.760002,100,72.870003,100,0.000000,0.000000
1480440583000,72.519997,72.760002,100,72.870003,100,0.000000,0.000000
1480440585000,72.519997,72.760002,100,72.870003,100,0.000000,0.000000
1480440587000,72.519997,72.760002,100,72.870003,100,0.000000,0.000000
1480440589000,72.519997,72.760002,100,72.870003,100,0.000000,0.000000
1480440591000,72.519997,72.760002,100,72.870003,100,0.000000,0.000000
1480440593000,72.519997,72.760002,100,72.870003,100,0.000000,0.000000
1480440595000,72.519997,72.760002,100,72.870003,100,0.000000,0.000000
1480440597000,72.519997,72.760002,100,72.870003,100,0.000000,0.000000
1480440600000,72.519997,72.760002,100,72.870003,100,0.000000,0.000000
1480440602000,72.519997,72.760002,100,72.870003,100,0.000000,0.000000
1480440604000,72.519997,72.760002,100,72.870003,100,0.000000,0.000000
1480440606000,72.519997,72.760002,100,72.870003,100,0.000000,0.000000
1480440608000,72.519997,72.760002,100,72.870003,100,0.000000,0.000000
1480440610000,72.519997,72.760002,100,72.870003,100,0.000000,0.000000
1480440612000,72.519997,72.760002,100,72.870003,100,0.000000,0.000000
1480440614000,72.519997,72.760002,100,72.870003,100,0.000000,0.000000
1480440616000,72.519997,72.760002,100,72.870003,100,0.000000,0.000000
1480440618000,72.519997,72.760002,100,72.870003,100,0.000000,0.000000
1480440620000,72.519997,72.760002,100,72.870003,100,0.000000,0.000000
1480440622000,72.519997,72.760002,100,72.870003,100,0.000000,0.000000
1480440624000,72.519997,72.760002,100,72.870003,100,0.000000,0.000000
1480440626000,72.519997,72.760002,100,72.870003,100,0.000000,0.000000
1480440628000,72.519997,72.760002,100,72.870003,100,0.000000,0.000000
1480440630000,72.519997,72.760002,100,72.860001,100,0.000000,0.000000
1480440632000,72.519997,72.760002,100,72.860001,100,0.000000,0.000000
1480440635000,72.519997,72.760002,100,72.860001,100,0.000000,0.000000
1480440637000,72.519997,72.760002,100,72.860001,100,0.000000,0.000000
1480440639000,72.519997,72.760002,100,72.860001,100,0.000000,0.000000
1480440641000,72.519997,72.760002,100,72.860001,100,0.000000,0.000000
1480440643000,72.519997,72.760002,100,72.860001,100,0.000000,0.000000
1480440645000,72.519997,72.760002,100,72.860001,100,0.000000,0.000000
1480440647000,72.519997,72.760002,100,72.860001,100,0.000000,0.000000
1480440649000,72.519997,72.760002,100,72.860001,100,0.000000,0.000000
1480440651000,72.519997,72.760002,100,72.860001,100,0.000000,0.000000
1480440653000,72.519997,72.760002,100,72.860001,100,0.000000,0.000000
1480440655000,72.519997,72.760002,100,72.860001,100,0.000000,0.000000
1480440657000,72.519997,72.760002,100,72.860001,100,0.000000,0.000000
1480440659000,72.519997,72.760002,100,72.860001,100,0.000000,0.000000
1480440661000,72.519997,72.760002,100,72.860001,100,0.000000,0.000000
1480440663000,72.519997,72.760002,100,72.860001,100,0.000000,0.000000
1480440665000,72.519997,72.760002,100,72.860001,100,0.000000,0.000000
1480440667000,72.519997,72.760002,100,72.860001,100,0.000000,0.000000
1480440669000,72.519997,72.760002,100,72.860001,100,0.000000,0.000000
1480440671000,72.519997,72.760002,100,72.860001,100,0.000000,0.000000
1480440674000,72.519997,72.760002,100,72.860001,100,0.000000,0.000000
1480440676000,72.519997,72.760002,100,72.860001,100,0.000000,0.000000
1480440678000,72.519997,72.760002,100,72.860001,100,0.000000,0.000000
1480440680000,72.519997,72.760002,100,72.860001,100,0.000000,0.000000
1480440682000,72.519997,72.760002,100,72.860001,100,0.000000,0.000000
1480440684000,72.519997,72.760002,100,72.860001,100,0.000000,0.000000
1480440686000,72.519997,72.760002,100,72.860001,100,0.000000,0.000000
1480440688000,72.519997,72.760002,100,72.860001,100,0.000000,0.000000
1480440690000,72.519997,72.760002,300,72.860001,100,0.000000,0.000000
1480440692000,72.519997,72.760002,300,72.860001,100,0.000000,0.000000
1480440694000,72.519997,72.760002,300,72.860001,100,0.000000,0.000000
1480440696000,72.519997,72.760002,300,72.860001,100,0.000000,0.000000
1480440698000,72.519997,72.760002,300,72.860001,100,0.000000,0.000000
1480440700000,72.519997,72.760002,300,72.860001,100,0.000000,0.000000
1480440702000,72.519997,72.760002,300,72.860001,100,0.000000,0.000000
1480440704000,72.519997,72.760002,300,72.860001,100,0.000000,0.000000
1480440706000,72.519997,72.760002,300,72.860001,100,0.000000,0.000000
1480440708000,72.519997,72.760002,300,72.860001,100,0.000000,0.000000
1480440711000,72.519997,72.760002,300,72.860001,100,0.000000,0.000000
1480440713000,72.519997,72.760002,300,72.860001,100,0.000000,0.000000
1480440715000,72.519997,72.760002,300,72.860001,100,0.000000,0.000000
1480440717000,72.519997,72.760002,300,72.860001,100,0.000000,0.000000
1480440719000,72.519997,72.760002,300,72.860001,100,0.000000,0.000000
1480440721000,72.519997,72.760002,300,72.860001,100,0.000000,0.000000
1480440723000,72.519997,72.760002,300,72.860001,100,0.000000,0.000000
1480440725000,72.519997,72.760002,300,72.860001,100,0.000000,0.000000
1480440727000,72.519997,72.760002,300,72.860001,100,0.000000,0.000000
1480440729000,72.519997,72.760002,300,72.860001,100,0.000000,0.000000
1480440731000,72.519997,72.760002,300,72.860001,100,0.000000,0.000000
1480440733000,72.519997,72.760002,300,72.860001,100,0.000000,0.000000
1480440735000,72.519997,72.760002,300,72.860001,100,0.000000,0.000000
1480440737000,72.519997,72.760002,300,72.860001,100,0.000000,0.000000
1480440739000,72.519997,72.760002,300,72.860001,100,0.000000,0.000000
1480440741000,72.519997,72.760002,300,72.860001,100,0.000000,0.000000
1480440743000,72.519997,72.760002,300,72.860001,100,0.000000,0.000000
1480440746000,72.519997,72.760002,300,72.860001,100,0.000000,0.000000
1480440748000,72.519997,72.760002,300,72.860001,100,0.000000,0.000000
1480440750000,72.519997,72.760002,200,72.830002,100,0.000000,0.000000
1480440752000,72.519997,72.769997,200,72.870003,100,0.000000,0.000000
1480440754000,72.519997,72.769997,200,72.870003,100,0.000000,0.000000
1480440756000,72.519997,72.769997,200,72.870003,100,0.000000,0.000000
1480440758000,72.519997,72.769997,200,72.870003,100,0.000000,0.000000
1480440760000,72.519997,72.769997,200,72.870003,100,0.000000,0.000000
1480440762000,72.519997,72.769997,200,72.870003,100,0.000000,0.000000
1480440764000,72.519997,72.769997,200,72.870003,100,0.000000,0.000000
1480440766000,72.519997,72.769997,200,72.870003,100,0.000000,0.000000
1480440768000,72.519997,72.769997,200,72.870003,100,0.000000,0.000000
1480440770000,72.519997,72.769997,200,72.870003,100,0.000000,0.000000
1480440772000,72.519997,72.769997,200,72.870003,100,0.000000,0.000000
1480440774000,72.519997,72.769997,200,72.870003,100,0.000000,0.000000
1480440776000,72.519997,72.769997,200,72.870003,100,0.000000,0.000000
1480440778000,72.519997,72.769997,200,72.870003,100,0.000000,0.000000
1480440780000,72.519997,72.769997,200,72.870003,100,0.000000,0.000000
1480440782000,72.519997,72.769997,200,72.870003,100,0.000000,0.000000
1480440784000,72.519997,72.769997,200,72.870003,100,0.000000,0.000000
1480440787000,72.519997,72.769997,200,72.870003,100,0.000000,0.000000
1480440789000,72.519997,72.769997,200,72.870003,100,0.000000,0.000000
1480440791000,72.519997,72.769997,200,72.870003,100,0.000000,0.000000
1480440793000,72.519997,72.769997,200,72.870003,100,0.000000,0.000000
1480440795000,72.519997,72.769997,200,72.870003,100,0.000000,0.000000
1480440797000,72.519997,72.769997,200,72.870003,100,0.000000,0.000000
1480440799000,72.519997,72.769997,200,72.870003,100,0.000000,0.000000
1480440801000,72.519997,72.769997,200,72.870003,100,0.000000,0.000000
1480440803000,72.519997,72.769997,200,72.870003,100,0.000000,0.000000
1480440805000,72.519997,72.769997,200,72.870003,100,0.000000,0.000000
1480440807000,72.519997,72.769997,200,72.870003,100,0.000000,0.000000
1480440809000,72.519997,72.769997,100,72.860001,100,0.000000,0.000000
1480440811000,72.519997,72.769997,100,72.860001,100,0.000000,0.000000
1480440813000,72.519997,72.769997,100,72.860001,100,0.000000,0.000000
1480440815000,72.519997,72.769997,100,72.860001,100,0.000000,0.000000
1480440817000,72.519997,72.769997,100,72.860001,100,0.000000,0.000000
1480440819000,72.519997,72.769997,100,72.860001,100,0.000000,0.000000
1480440821000,72.519997,72.769997,100,72.860001,100,0.000000,0.000000
1480440823000,72.519997,72.769997,100,72.860001,100,0.000000,0.000000
1480440825000,72.519997,72.769997,100,72.860001,100,0.000000,0.000000
1480440828000,72.519997,72.769997,100,72.860001,100,0.000000,0.000000
1480440830000,72.519997,72.769997,100,72.860001,100,0.000000,0.000000
1480440832000,72.519997,72.769997,100,72.860001,100,0.000000,0.000000
1480440834000,72.519997,72.769997,100,72.860001,100,0.000000,0.000000
1480440836000,72.519997,72.769997,100,72.860001,100,0.000000,0.000000
1480440838000,72.519997,72.769997,100,72.860001,100,0.000000,0.000000
1480440840000,72.519997,72.769997,100,72.860001,100,0.000000,0.000000
1480440842000,72.519997,72.769997,100,72.860001,100,0.000000,0.000000
1480440844000,72.519997,72.769997,100,72.860001,100,0.000000,0.000000
1480440846000,72.519997,72.769997,100,72.860001,100,0.000000,0.000000
1480440848000,72.519997,72.769997,100,72.860001,100,0.000000,0.000000
1480440850000,72.519997,72.769997,100,72.860001,100,0.000000,0.000000
1480440852000,72.519997,72.769997,100,72.860001,100,0.000000,0.000000
1480440854000,72.550003,72.769997,100,72.860001,100,0.000000,0.000000
1480440856000,72.550003,72.769997,100,72.860001,100,0.000000,0.000000
1480440858000,72.550003,72.769997,100,72.860001,100,0.000000,0.000000
1480440860000,72.550003,72.769997,100,72.860001,100,0.000000,0.000000
1480440862000,72.550003,72.769997,100,72.860001,100,0.000000,0.000000
1480440865000,72.550003,72.769997,100,72.860001,100,0.000000,0.000000
1480440867000,72.550003,72.769997,100,72.860001,100,0.000000,0.000000
1480440869000,72.550003,72.769997,100,72.860001,100,0.000000,0.000000
1480440871000,72.550003,72.769997,100,72.800003,100,0.000000,0.000000
1480440873000,72.550003,72.769997,100,72.800003,100,0.000000,0.000000
1480440875000,72.550003,72.769997,100,72.800003,100,0.000000,0.000000
1480440877000,72.550003,72.769997,100,72.800003,100,0.000000,0.000000
1480440879000,72.550003,72.769997,100,72.800003,100,0.000000,0.000000
1480440881000,72.550003,72.769997,100,72.800003,100,0.000000,0.000000
1480440883000,72.550003,72.769997,100,72.800003,100,0.000000,0.000000
1480440885000,72.550003,72.769997,100,72.800003,100,0.000000,0.000000
1480440887000,72.550003,72.769997,100,72.800003,100,0.000000,0.000000
1480440889000,72.550003,72.769997,100,72.800003,100,0.000000,0.000000
1480440891000,72.550003,72.769997,100,72.800003,100,0.000000,0.000000
1480440893000,72.550003,72.769997,100,72.800003,100,0.000000,0.000000
1480440895000,72.550003,72.769997,100,72.800003,100,0.000000,0.000000
1480440897000,72.550003,72.769997,100,72.800003,100,0.000000,0.000000
1480440899000,72.550003,72.769997,100,72.800003,100,0.000000,0.000000
1480440901000,72.550003,72.769997,100,72.800003,100,0.000000,0.000000
1480440903000,72.550003,72.769997,100,72.800003,100,0.000000,0.000000
1480440906000,72.550003,72.769997,100,72.800003,100,0.000000,0.000000
1480440908000,72.550003,72.769997,100,72.800003,100,0.000000,0.000000
1480440910000,72.550003,72.769997,100,72.800003,100,0.000000,0.000000
1480440912000,72.550003,72.769997,100,72.800003,100,0.000000,0.000000
1480440914000,72.550003,72.769997,100,72.800003,100,0.000000,0.000000
1480440916000,72.550003,72.769997,100,72.800003,100,0.000000,0.000000
1480440918000,72.550003,72.769997,100,72.800003,100,0.000000,0.000000
1480440920000,72.550003,72.769997,100,72.800003,100,0.000000,0.000000
1480440922000,72.550003,72.769997,100,72.800003,100,0.000000,0.000000
1480440924000,72.550003,72.769997,100,72.800003,100,0.000000,0.000000
1480440926000,72.550003,72.769997,100,72.800003,100,0.000000,0.000000
1480440928000,72.550003,72.769997,100,72.800003,100,0.000000,0.000000
1480440930000,72.550003,72.769997,100,72.800003,100,0.000000,0.000000
1480440932000,72.550003,72.769997,100,72.800003,100,0.000000,0.000000
1480440934000,72.550003,72.769997,100,72.800003,100,0.000000,0.000000
1480440936000,72.550003,72.769997,100,72.800003,100,0.000000,0.000000
1480440938000,72.550003,72.769997,100,72.800003,100,0.000000,0.000000
1480440940000,72.550003,72.769997,100,72.800003,100,0.000000,0.000000
1480440942000,72.550003,72.769997,100,72.800003,100,0.000000,0.000000
1480440945000,72.550003,72.769997,100,72.800003,100,0.000000,0.000000
1480440947000,72.550003,72.769997,100,72.800003,100,0.000000,0.000000
1480440949000,72.550003,72.769997,100,72.800003,100,0.000000,0.000000
1480440951000,72.550003,72.769997,100,72.800003,100,0.000000,0.000000
1480440953000,72.550003,72.769997,100,72.800003,100,0.000000,0.000000
1480440955000,72.550003,72.769997,100,72.800003,100,0.000000,0.000000
1480440957000,72.550003,72.769997,100,72.800003,100,0.000000,0.000000
1480440959000,72.550003,72.769997,100,72.800003,100,0.000000,0.000000
1480440961000,72.550003,72.769997,100,72.800003,100,0.000000,0.000000
1480440963000,72.550003,72.769997,100,72.800003,100,0.000000,0.000000
1480440965000,72.550003,72.769997,100,72.800003,100,0.000000,0.000000
1480440967000,72.550003,72.769997,100,72.800003,100,0.000000,0.000000
1480440969000,72.550003,72.769997,100,72.800003,100,0.000000,0.000000
1480440971000,72.550003,72.769997,100,72.800003,100,0.000000,0.000000
1480440973000,72.550003,72.769997,100,72.800003,100,0.000000,0.000000
1480440975000,72.550003,72.769997,100,72.800003,100,0.000000,0.000000
1480440978000,72.550003,72.769997,100,72.800003,100,0.000000,0.000000
1480440980000,72.550003,72.769997,100,72.800003,100,0.000000,0.000000
1480440982000,72.550003,72.769997,100,72.800003,100,0.000000,0.000000
1480440984000,72.550003,72.769997,100,72.800003,100,0.000000,0.000000
1480440986000,72.550003,72.769997,100,72.800003,100,0.000000,0.000000
1480440988000,72.550003,72.769997,100,72.800003,100,0.000000,0.000000
1480440990000,72.550003,72.769997,100,72.800003,100,0.000000,0.000000
1480440992000,72.550003,72.769997,100,72.800003,100,0.000000,0.000000
1480440994000,72.550003,72.769997,100,72.800003,100,0.000000,0.000000
1480440996000,72.550003,72.769997,100,72.800003,100,0.000000,0.000000
1480440998000,72.550003,72.769997,100,72.800003,100,0.000000,0.000000
1480441000000,72.550003,72.769997,100,72.800003,100,0.000000,0.000000
1480441002000,72.550003,72.769997,100,72.800003,100,0.000000,0.000000
1480441004000,72.550003,72.769997,100,72.800003,100,0.000000,0.000000
1480441006000,72.550003,72.769997,100,72.800003,100,0.000000,0.000000
1480441008000,72.550003,72.769997,100,72.800003,100,0.000000,0.000000
1480441010000,72.550003,72.769997,100,72.800003,100,0.000000,0.000000
1480441012000,72.550003,72.769997,100,72.800003,100,0.000000,0.000000
1480441014000,72.550003,72.769997,100,72.800003,100,0.000000,0.000000
1480441017000,72.550003,72.769997,100,72.800003,100,0.000000,0.000000
1480441019000,72.550003,72.769997,100,72.800003,100,0.000000,0.000000
1480441021000,72.550003,72.769997,100,72.800003,100,0.000000,0.000000
1480441023000,72.550003,72.769997,100,72.800003,100,0.000000,0.000000
1480441025000,72.550003,72.769997,100,72.800003,100,0.000000,0.000000
1480441027000,72.550003,72.769997,100,72.800003,100,0.000000,0.000000
1480441029000,72.550003,72.769997,100,72.800003,100,0.000000,0.000000
1480441031000,72.550003,72.769997,100,72.800003,100,0.000000,0.000000
1480441033000,72.550003,72.769997,100,72.800003,100,0.000000,0.000000
1480441035000,72.550003,72.769997,100,72.800003,100,0.000000,0.000000
1480441037000,72.550003,72.769997,100,72.800003,100,0.000000,0.000000
1480441039000,72.550003,72.769997,100,72.800003,100,0.000000,0.000000
1480441041000,72.550003,72.769997,100,72.800003,100,0.000000,0.000000
1480441043000,72.550003,72.769997,100,72.800003,100,0.000000,0.000000
1480441045000,72.550003,72.769997,100,72.800003,100,0.000000,0.000000
1480441047000,72.550003,72.769997,100,72.800003,100,0.000000,0.000000
1480441049000,72.550003,72.629997,200,72.760002,100,0.000000,0.000000
1480441051000,72.550003,72.629997,200,72.760002,100,0.000000,0.000000
1480441053000,72.550003,72.629997,200,72.760002,100,0.000000,0.000000
1480441055000,72.550003,72.629997,200,72.760002,100,0.000000,0.000000
1480441057000,72.550003,72.629997,200,72.760002,100,0.000000,0.000000
1480441060000,72.550003,72.629997,200,72.760002,100,0.000000,0.000000
1480441062000,72.639999,72.629997,200,72.760002,100,0.000000,0.000000
1480441064000,72.639999,72.629997,200,72.760002,100,0.000000,0.000000
1480441066000,72.639999,72.629997,200,72.760002,100,0.000000,0.000000
1480441068000,72.639999,72.629997,200,72.760002,100,0.000000,0.000000
1480441070000,72.639999,72.629997,200,72.760002,100,0.000000,0.000000
1480441072000,72.639999,72.629997,200,72.760002,100,0.000000,0.000000
1480441074000,72.639999,72.629997,200,72.760002,100,0.000000,0.000000
1480441076000,72.639999,72.629997,200,72.760002,100,0.000000,0.000000
1480441078000,72.639999,72.629997,200,72.760002,100,0.000000,0.000000
1480441080000,72.639999,72.629997,200,72.760002,100,0.000000,0.000000
1480441082000,72.639999,72.629997,200,72.760002,100,0.000000,0.000000
1480441084000,72.639999,72.629997,200,72.760002,100,0.000000,0.000000
1480441086000,72.639999,72.629997,200,72.760002,100,0.000000,0.000000
1480441088000,72.639999,72.629997,200,72.760002,100,0.000000,0.000000
1480441090000,72.639999,72.629997,200,72.760002,100,0.000000,0.000000
1480441092000,72.639999,72.629997,200,72.760002,100,0.000000,0.000000
1480441095000,72.639999,72.629997,200,72.760002,100,0.000000,0.000000
1480441097000,72.639999,72.629997,200,72.760002,100,0.000000,0.000000
1480441099000,72.639999,72.629997,200,72.760002,100,0.000000,0.000000
1480441101000,72.639999,72.629997,200,72.760002,100,0.000000,0.000000
1480441103000,72.639999,72.629997,200,72.760002,100,0.000000,0.000000
1480441105000,72.639999,72.629997,200,72.760002,100,0.000000,0.000000
1480441107000,72.639999,72.629997,200,72.760002,100,0.000000,0.000000
1480441109000,72.639999,72.629997,200,72.760002,100,0.000000,0.000000
1480441111000,72.639999,72.580002,100,72.650002,100,0.000000,0.000000
1480441113000,72.639999,72.580002,100,72.650002,100,0.000000,0.000000
1480441115000,72.639999,72.580002,100,72.650002,100,0.000000,0.000000
1480441117000,72.639999,72.580002,100,72.650002,100,0.000000,0.000000
1480441119000,72.639999,72.580002,100,72.650002,100,0.000000,0.000000
1480441121000,72.639999,72.580002,100,72.650002,100,0.000000,0.000000
1480441123000,72.650002,72.580002,100,72.650002,100,0.000000,0.000000
1480441125000,72.650002,72.580002,100,72.650002,100,0.000000,0.000000
1480441127000,72.650002,72.580002,100,72.650002,100,0.000000,0.000000
1480441130000,72.650002,72.580002,100,72.650002,100,0.000000,0.000000
1480441132000,72.650002,72.580002,100,72.650002,100,0.000000,0.000000
1480441134000,72.650002,72.580002,100,72.650002,100,0.000000,0.000000
1480441136000,72.650002,72.580002,100,72.650002,100,0.000000,0.000000
1480441138000,72.650002,72.580002,100,72.650002,100,0.000000,0.000000
1480441140000,72.650002,72.580002,100,72.650002,100,0.000000,0.000000
1480441142000,72.650002,72.580002,100,72.650002,100,0.000000,0.000000
1480441144000,72.650002,72.580002,100,72.650002,100,0.000000,0.000000
1480441146000,72.650002,72.580002,100,72.650002,100,0.000000,0.000000
1480441148000,72.650002,72.580002,100,72.650002,100,0.000000,0.000000
1480441150000,72.650002,72.580002,100,72.650002,100,0.000000,0.000000
1480441152000,72.650002,72.580002,100,72.650002,100,0.000000,0.000000
1480441154000,72.650002,72.580002,100,72.650002,100,0.000000,0.000000
1480441156000,72.650002,72.580002,100,72.650002,100,0.000000,0.000000
1480441158000,72.650002,72.580002,100,72.650002,100,0.000000,0.000000
1480441160000,72.650002,72.580002,100,72.650002,100,0.000000,0.000000
1480441162000,72.650002,72.580002,100,72.650002,100,0.000000,0.000000
1480441164000,72.650002,72.580002,100,72.650002,100,0.000000,0.000000
1480441166000,72.650002,72.580002,100,72.650002,100,0.000000,0.000000
1480441168000,72.650002,72.580002,100,72.650002,100,0.000000,0.000000
1480441171000,72.650002,72.550003,100,72.629997,300,0.000000,0.000000
1480441173000,72.650002,72.550003,100,72.629997,300,0.000000,0.000000
1480441175000,72.650002,72.550003,100,72.629997,300,0.000000,0.000000
1480441177000,72.650002,72.550003,100,72.629997,300,0.000000,0.000000
1480441179000,72.650002,72.550003,100,72.629997,300,0.000000,0.000000
1480441181000,72.650002,72.550003,100,72.629997,300,0.000000,0.000000
1480441183000,72.650002,72.550003,100,72.629997,300,0.000000,0.000000
1480441185000,72.650002,72.550003,100,72.629997,300,0.000000,0.000000
1480441187000,72.650002,72.550003,100,72.629997,300,0.000000,0.000000
1480441189000,72.650002,72.550003,100,72.629997,300,0.000000,0.000000
1480441191000,72.650002,72.550003,100,72.629997,300,0.000000,0.000000
1480441193000,72.650002,72.550003,100,72.629997,300,0.000000,0.000000
1480441195000,72.650002,72.550003,100,72.629997,300,0.000000,0.000000
1480441197000,72.650002,72.550003,100,72.629997,300,0.000000,0.000000
1480441199000,72.650002,72.550003,100,72.629997,300,0.000000,0.000000
1480441201000,72.649902,72.550003,100,72.629997,300,0.000000,0.000000
1480441203000,72.610001,72.550003,100,72.629997,300,0.000000,0.000000
1480441205000,72.610001,72.550003,100,72.629997,300,0.000000,0.000000
1480441208000,72.610001,72.550003,100,72.629997,300,0.000000,0.000000
1480441210000,72.610001,72.550003,100,72.629997,300,0.000000,0.000000
1480441212000,72.610001,72.550003,100,72.629997,300,0.000000,0.000000
1480441214000,72.610001,72.550003,100,72.629997,300,0.000000,0.000000
1480441216000,72.610001,72.550003,100,72.629997,300,0.000000,0.000000
1480441218000,72.599998,72.550003,100,72.629997,300,0.000000,0.000000
1480441220000,72.599998,72.550003,100,72.629997,300,0.000000,0.000000
1480441222000,72.500000,72.550003,100,72.629997,300,0.000000,0.000000
1480441224000,72.500000,72.550003,100,72.629997,300,0.000000,0.000000
1480441226000,72.500000,72.550003,100,72.629997,300,0.000000,0.000000
1480441228000,72.500000,72.550003,100,72.629997,300,0.000000,0.000000
1480441230000,72.500000,72.459999,100,72.610001,200,0.000000,0.000000
1480441232000,72.500000,72.459999,100,72.610001,200,0.000000,0.000000
1480441234000,72.500000,72.459999,100,72.610001,200,0.000000,0.000000
1480441236000,72.500000,72.459999,100,72.610001,200,0.000000,0.000000
1480441238000,72.500000,72.459999,100,72.610001,200,0.000000,0.000000
1480441241000,72.500000,72.459999,100,72.610001,200,0.000000,0.000000
1480441243000,72.500000,72.459999,100,72.610001,200,0.000000,0.000000
1480441245000,72.500000,72.459999,100,72.610001,200,0.000000,0.000000
1480441247000,72.500000,72.459999,100,72.610001,200,0.000000,0.000000
1480441249000,72.500000,72.459999,100,72.610001,200,0.000000,0.000000
1480441251000,72.500000,72.459999,100,72.610001,200,0.000000,0.000000
1480441253000,72.580002,72.459999,100,72.610001,200,0.000000,0.000000
1480441255000,72.580002,72.459999,100,72.610001,200,0.000000,0.000000
1480441257000,72.580002,72.459999,100,72.610001,200,0.000000,0.000000
1480441259000,72.560097,72.459999,100,72.610001,200,0.000000,0.000000
1480441261000,72.560097,72.459999,100,72.610001,200,0.000000,0.000000
1480441263000,72.514999,72.459999,100,72.610001,200,0.000000,0.000000
1480441265000,72.514999,72.459999,100,72.610001,200,0.000000,0.000000
1480441267000,72.514999,72.459999,100,72.610001,200,0.000000,0.000000
1480441269000,72.514999,72.459999,100,72.610001,200,0.000000,0.000000
1480441271000,72.514999,72.459999,100,72.610001,200,0.000000,0.000000
1480441273000,72.514999,72.459999,100,72.610001,200,0.000000,0.000000
1480441276000,72.514999,72.459999,100,72.610001,200,0.000000,0.000000
1480441278000,72.514999,72.459999,100,72.610001,200,0.000000,0.000000
1480441280000,72.514999,72.459999,100,72.610001,200,0.000000,0.000000
1480441282000,72.514999,72.459999,100,72.610001,200,0.000000,0.000000
1480441284000,72.500000,72.459999,100,72.610001,200,0.000000,0.000000
1480441286000,72.519997,72.459999,100,72.610001,200,0.000000,0.000000
1480441288000,72.519997,72.459999,100,72.610001,200,0.000000,0.000000
1480441290000,72.519997,72.489998,100,72.589996,100,0.000000,0.000000
1480441292000,72.519997,72.489998,100,72.589996,100,0.000000,0.000000
1480441294000,72.519997,72.489998,100,72.589996,100,0.000000,0.000000
1480441296000,72.480003,72.489998,100,72.589996,100,0.000000,0.000000
1480441298000,72.480003,72.489998,100,72.589996,100,0.000000,0.000000
1480441300000,72.480003,72.489998,100,72.589996,100,0.000000,0.000000
1480441302000,72.480003,72.489998,100,72.589996,100,0.000000,0.000000
1480441304000,72.480003,72.489998,100,72.589996,100,0.000000,0.000000
1480441306000,72.480003,72.489998,100,72.589996,100,0.000000,0.000000
1480441308000,72.500000,72.489998,100,72.589996,100,0.000000,0.000000
1480441310000,72.480003,72.489998,100,72.589996,100,0.000000,0.000000
1480441313000,72.480003,72.489998,100,72.589996,100,0.000000,0.000000
1480441315000,72.480003,72.489998,100,72.589996,100,0.000000,0.000000
1480441317000,72.480003,72.489998,100,72.589996,100,0.000000,0.000000
1480441319000,72.480003,72.489998,100,72.589996,100,0.000000,0.000000
1480441321000,72.480003,72.489998,100,72.589996,100,0.000000,0.000000
1480441323000,72.480003,72.489998,100,72.589996,100,0.000000,0.000000
1480441325000,72.480003,72.489998,100,72.589996,100,0.000000,0.000000
1480441327000,72.500000,72.489998,100,72.589996,100,0.000000,0.000000
1480441329000,72.500000,72.489998,100,72.589996,100,0.000000,0.000000
1480441331000,72.500000,72.489998,100,72.589996,100,0.000000,0.000000
1480441333000,72.500000,72.489998,100,72.589996,100,0.000000,0.000000
1480441335000,72.500000,72.489998,100,72.589996,100,0.000000,0.000000
1480441337000,72.500000,72.489998,100,72.589996,100,0.000000,0.000000
1480441339000,72.500000,72.489998,100,72.589996,100,0.000000,0.000000
1480441341000,72.500000,72.489998,100,72.589996,100,0.000000,0.000000
1480441343000,72.500000,72.489998,100,72.589996,100,0.000000,0.000000
1480441345000,72.500000,72.489998,100,72.589996,100,0.000000,0.000000
1480441347000,72.500000,72.489998,100,72.589996,100,0.000000,0.000000
1480441350000,72.500000,72.489998,200,72.589996,200,0.000000,0.000000
1480441352000,72.500000,72.489998,200,72.589996,200,0.000000,0.000000
1480441354000,72.500000,72.489998,200,72.589996,200,0.000000,0.000000
1480441356000,72.500000,72.489998,200,72.589996,200,0.000000,0.000000
1480441358000,72.500000,72.489998,200,72.589996,200,0.000000,0.000000
1480441360000,72.500000,72.489998,200,72.589996,200,0.000000,0.000000
1480441362000,72.500000,72.489998,200,72.589996,200,0.000000,0.000000
1480441364000,72.500000,72.489998,200,72.589996,200,0.000000,0.000000
1480441366000,72.500000,72.489998,200,72.589996,200,0.000000,0.000000
1480441368000,72.500000,72.489998,200,72.589996,200,0.000000,0.000000
1480441370000,72.500000,72.489998,200,72.589996,200,0.000000,0.000000
1480441372000,72.500000,72.489998,200,72.589996,200,0.000000,0.000000
1480441374000,72.500000,72.489998,200,72.589996,200,0.000000,0.000000
1480441376000,72.500000,72.489998,200,72.589996,200,0.000000,0.000000
1480441378000,72.500000,72.489998,200,72.589996,200,0.000000,0.000000
1480441380000,72.500000,72.489998,200,72.589996,200,0.000000,0.000000
1480441382000,72.500000,72.489998,200,72.589996,200,0.000000,0.000000
1480441384000,72.500000,72.489998,200,72.589996,200,0.000000,0.000000
1480441386000,72.500000,72.489998,200,72.589996,200,0.000000,0.000000
1480441389000,72.500000,72.489998,200,72.589996,200,0.000000,0.000000
1480441391000,72.500000,72.489998,200,72.589996,200,0.000000,0.000000
1480441393000,72.500000,72.489998,200,72.589996,200,0.000000,0.000000
1480441395000,72.500000,72.489998,200,72.589996,200,0.000000,0.000000
1480441397000,72.500000,72.489998,200,72.589996,200,0.000000,0.000000
1480441399000,72.500000,72.489998,200,72.589996,200,0.000000,0.000000
1480441401000,72.500000,72.489998,200,72.589996,200,0.000000,0.000000
1480441403000,72.500000,72.489998,200,72.589996,200,0.000000,0.000000
1480441405000,72.500000,72.489998,200,72.589996,200,0.000000,0.000000
1480441407000,72.500000,72.489998,200,72.589996,200,0.000000,0.000000
1480441409000,72.500000,72.489998,200,72.589996,200,0.000000,0.000000
1480441411000,72.500000,72.430000,100,72.559998,200,0.000000,0.000000
1480441413000,72.500000,72.430000,100,72.559998,200,0.000000,0.000000
1480441415000,72.500000,72.430000,100,72.559998,200,0.000000,0.000000
1480441417000,72.500000,72.430000,100,72.559998,200,0.000000,0.000000
1480441419000,72.500000,72.430000,100,72.559998,200,0.000000,0.000000
1480441421000,72.500000,72.430000,100,72.559998,200,0.000000,0.000000
1480441423000,72.500000,72.430000,100,72.559998,200,0.000000,0.000000
1480441425000,72.500000,72.430000,100,72.559998,200,0.000000,0.000000
1480441428000,72.500000,72.430000,100,72.559998,200,0.000000,0.000000
1480441430000,72.500000,72.430000,100,72.559998,200,0.000000,0.000000
1480441432000,72.500000,72.430000,100,72.559998,200,0.000000,0.000000
1480441434000,72.500000,72.430000,100,72.559998,200,0.000000,0.000000
1480441436000,72.500000,72.430000,100,72.559998,200,0.000000,0.000000
1480441438000,72.500000,72.430000,100,72.559998,200,0.000000,0.000000
1480441440000,72.500000,72.430000,100,72.559998,200,0.000000,0.000000
1480441442000,72.500000,72.430000,100,72.559998,200,0.000000,0.000000
1480441444000,72.500000,72.430000,100,72.559998,200,0.000000,0.000000
1480441446000,72.489998,72.430000,100,72.559998,200,0.000000,0.000000
1480441448000,72.489998,72.430000,100,72.559998,200,0.000000,0.000000
1480441450000,72.489998,72.430000,100,72.559998,200,0.000000,0.000000
1480441452000,72.489998,72.430000,100,72.559998,200,0.000000,0.000000
1480441454000,72.489998,72.430000,100,72.559998,200,0.000000,0.000000
1480441456000,72.489998,72.430000,100,72.559998,200,0.000000,0.000000
1480441458000,72.489998,72.430000,100,72.559998,200,0.000000,0.000000
1480441460000,72.489998,72.430000,100,72.559998,200,0.000000,0.000000
1480441462000,72.489998,72.430000,100,72.559998,200,0.000000,0.000000
1480441464000,72.489998,72.430000,100,72.559998,200,0.000000,0.000000
1480441466000,72.489998,72.430000,100,72.559998,200,0.000000,0.000000
1480441469000,72.489998,72.430000,100,72.559998,200,0.000000,0.000000
1480441471000,72.489998,72.449997,200,72.559998,200,0.000000,0.000000
1480441473000,72.489998,72.449997,200,72.559998,200,0.000000,0.000000
1480441475000,72.489998,72.449997,200,72.559998,200,0.000000,0.000000
1480441477000,72.489998,72.449997,200,72.559998,200,0.000000,0.000000
1480441479000,72.489998,72.449997,200,72.559998,200,0.000000,0.000000
1480441481000,72.489998,72.449997,200,72.559998,200,0.000000,0.000000
1480441483000,72.489998,72.449997,200,72.559998,200,0.000000,0.000000
1480441485000,72.489998,72.449997,200,72.559998,200,0.000000,0.000000
1480441487000,72.489998,72.449997,200,72.559998,200,0.000000,0.000000
1480441489000,72.489998,72.449997,200,72.559998,200,0.000000,0.000000
1480441491000,72.489998,72.449997,200,72.559998,200,0.000000,0.000000
1480441493000,72.489998,72.449997,200,72.559998,200,0.000000,0.000000
1480441495000,72.489998,72.449997,200,72.559998,200,0.000000,0.000000
1480441497000,72.489998,72.449997,200,72.559998,200,0.000000,0.000000
1480441499000,72.489998,72.449997,200,72.559998,200,0.000000,0.000000
1480441501000,72.489998,72.449997,200,72.559998,200,0.000000,0.000000
1480441503000,72.489998,72.449997,200,72.559998,200,0.000000,0.000000
1480441505000,72.489998,72.449997,200,72.559998,200,0.000000,0.000000
1480441507000,72.489998,72.449997,200,72.559998,200,0.000000,0.000000
1480441510000,72.489998,72.449997,200,72.559998,200,0.000000,0.000000
1480441512000,72.489998,72.449997,200,72.559998,200,0.000000,0.000000
1480441514000,72.489998,72.449997,200,72.559998,200,0.000000,0.000000
1480441516000,72.489998,72.449997,200,72.559998,200,0.000000,0.000000
1480441518000,72.489998,72.449997,200,72.559998,200,0.000000,0.000000
1480441520000,72.489998,72.449997,200,72.559998,200,0.000000,0.000000
1480441522000,72.489998,72.449997,200,72.559998,200,0.000000,0.000000
1480441524000,72.489998,72.449997,200,72.559998,200,0.000000,0.000000
1480441526000,72.489998,72.449997,200,72.559998,200,0.000000,0.000000
1480441528000,72.489998,72.449997,200,72.559998,200,0.000000,0.000000
1480441530000,72.489998,72.449997,200,72.559998,200,0.000000,0.000000
1480441532000,72.489998,72.459999,100,72.550003,200,0.000000,0.000000
1480441534000,72.489998,72.459999,100,72.550003,200,0.000000,0.000000
1480441536000,72.489998,72.459999,100,72.550003,200,0.000000,0.000000
1480441538000,72.489998,72.459999,100,72.550003,200,0.000000,0.000000
1480441540000,72.489998,72.459999,100,72.550003,200,0.000000,0.000000
1480441542000,72.489998,72.459999,100,72.550003,200,0.000000,0.000000
1480441544000,72.489998,72.459999,100,72.550003,200,0.000000,0.000000
1480441546000,72.489998,72.459999,100,72.550003,200,0.000000,0.000000
1480441549000,72.489998,72.459999,100,72.550003,200,0.000000,0.000000
1480441551000,72.489998,72.459999,100,72.550003,200,0.000000,0.000000
1480441553000,72.489998,72.459999,100,72.550003,200,0.000000,0.000000
1480441555000,72.489998,72.459999,100,72.550003,200,0.000000,0.000000
1480441557000,72.489998,72.459999,100,72.550003,200,0.000000,0.000000
1480441559000,72.489998,72.459999,100,72.550003,200,0.000000,0.000000
1480441561000,72.489998,72.459999,100,72.550003,200,0.000000,0.000000
1480441563000,72.489998,72.459999,100,72.550003,200,0.000000,0.000000
1480441565000,72.489998,72.459999,100,72.550003,200,0.000000,0.000000
1480441567000,72.489998,72.459999,100,72.550003,200,0.000000,0.000000
1480441569000,72.489998,72.459999,100,72.550003,200,0.000000,0.000000
1480441571000,72.489998,72.459999,100,72.550003,200,0.000000,0.000000
1480441573000,72.489998,72.459999,100,72.550003,200,0.000000,0.000000
1480441575000,72.489998,72.459999,100,72.550003,200,0.000000,0.000000
1480441577000,72.489998,72.459999,100,72.550003,200,0.000000,0.000000
1480441579000,72.489998,72.459999,100,72.550003,200,0.000000,0.000000
1480441581000,72.489998,72.459999,100,72.550003,200,0.000000,0.000000
1480441583000,72.489998,72.459999,100,72.550003,200,0.000000,0.000000
1480441585000,72.489998,72.459999,100,72.550003,200,0.000000,0.000000
1480441588000,72.489998,72.459999,100,72.550003,200,0.000000,0.000000
1480441590000,72.489998,72.459999,100,72.550003,100,0.000000,0.000000
1480441592000,72.489998,72.459999,100,72.550003,100,0.000000,0.000000
1480441594000,72.489998,72.459999,100,72.550003,100,0.000000,0.000000
1480441596000,72.489998,72.459999,100,72.550003,100,0.000000,0.000000
1480441598000,72.489998,72.459999,100,72.550003,100,0.000000,0.000000
1480441600000,72.489998,72.459999,100,72.550003,100,0.000000,0.000000
1480441602000,72.489998,72.459999,100,72.550003,100,0.000000,0.000000
1480441604000,72.489998,72.459999,100,72.550003,100,0.000000,0.000000
1480441606000,72.489998,72.459999,100,72.550003,100,0.000000,0.000000
1480441608000,72.550003,72.459999,100,72.550003,100,0.000000,0.000000
1480441610000,72.550003,72.459999,100,72.550003,100,0.000000,0.000000
1480441612000,72.550003,72.459999,100,72.550003,100,0.000000,0.000000
1480441614000,72.550003,72.459999,100,72.550003,100,0.000000,0.000000
1480441616000,72.550003,72.459999,100,72.550003,100,0.000000,0.000000
1480441618000,72.550003,72.459999,100,72.550003,100,0.000000,0.000000
1480441620000,72.550003,72.459999,100,72.550003,100,0.000000,0.000000
1480441622000,72.550003,72.459999,100,72.550003,100,0.000000,0.000000
1480441624000,72.550003,72.459999,100,72.550003,100,0.000000,0.000000
1480441627000,72.550003,72.459999,100,72.550003,100,0.000000,0.000000
1480441629000,72.550003,72.459999,100,72.550003,100,0.000000,0.000000
1480441631000,72.550003,72.459999,100,72.550003,100,0.000000,0.000000
1480441633000,72.550003,72.459999,100,72.550003,100,0.000000,0.000000
1480441635000,72.550003,72.459999,100,72.550003,100,0.000000,0.000000
1480441637000,72.550003,72.459999,100,72.550003,100,0.000000,0.000000
1480441639000,72.550003,72.459999,100,72.550003,100,0.000000,0.000000
1480441641000,72.550003,72.459999,100,72.550003,100,0.000000,0.000000
1480441643000,72.550003,72.459999,100,72.550003,100,0.000000,0.000000
1480441645000,72.550003,72.459999,100,72.550003,100,0.000000,0.000000
1480441647000,72.550003,72.459999,100,72.550003,100,0.000000,0.000000
1480441649000,72.550003,72.459999,100,72.550003,100,0.000000,0.000000
1480441651000,72.550003,72.459999,100,72.550003,100,0.000000,0.000000
1480441653000,72.550003,72.459999,100,72.550003,100,0.000000,0.000000
1480441655000,72.550003,72.459999,100,72.550003,100,0.000000,0.000000
1480441657000,72.550003,72.459999,100,72.550003,100,0.000000,0.000000
1480441659000,72.550003,72.459999,100,72.550003,100,0.000000,0.000000
1480441661000,72.550003,72.459999,100,72.550003,100,0.000000,0.000000
1480441663000,72.550003,72.459999,100,72.550003,100,0.000000,0.000000
1480441665000,72.550003,72.459999,100,72.550003,100,0.000000,0.000000
1480441668000,72.550003,72.459999,100,72.550003,100,0.000000,0.000000
1480441670000,72.550003,72.459999,100,72.550003,100,0.000000,0.000000
1480441672000,72.500000,72.459999,100,72.550003,100,0.000000,0.000000
1480441674000,72.500000,72.459999,100,72.550003,100,0.000000,0.000000
1480441676000,72.500000,72.459999,100,72.550003,100,0.000000,0.000000
1480441678000,72.500000,72.459999,100,72.550003,100,0.000000,0.000000
1480441680000,72.500000,72.459999,100,72.550003,100,0.000000,0.000000
1480441682000,72.500000,72.459999,100,72.550003,100,0.000000,0.000000
1480441684000,72.500000,72.459999,100,72.550003,100,0.000000,0.000000
1480441686000,72.500000,72.459999,100,72.550003,100,0.000000,0.000000
1480441688000,72.500000,72.459999,100,72.550003,100,0.000000,0.000000
1480441690000,72.500000,72.459999,100,72.550003,100,0.000000,0.000000
1480441692000,72.500000,72.459999,100,72.550003,100,0.000000,0.000000
1480441694000,72.500000,72.459999,100,72.550003,100,0.000000,0.000000
1480441696000,72.500000,72.459999,100,72.550003,100,0.000000,0.000000
1480441698000,72.500000,72.459999,100,72.550003,100,0.000000,0.000000
1480441700000,72.500000,72.459999,100,72.550003,100,0.000000,0.000000
1480441702000,72.500000,72.459999,100,72.550003,100,0.000000,0.000000
1480441704000,72.500000,72.459999,100,72.550003,100,0.000000,0.000000
1480441706000,72.500000,72.459999,100,72.550003,100,0.000000,0.000000
1480441709000,72.500000,72.459999,100,72.550003,100,0.000000,0.000000
1480441711000,72.500000,72.470001,200,72.550003,200,0.000000,0.000000
1480441713000,72.500000,72.470001,200,72.550003,200,0.000000,0.000000
1480441715000,72.500000,72.470001,200,72.550003,200,0.000000,0.000000
1480441717000,72.500000,72.470001,200,72.550003,200,0.000000,0.000000
1480441719000,72.500000,72.470001,200,72.550003,200,0.000000,0.000000
1480441721000,72.500000,72.470001,200,72.550003,200,0.000000,0.000000
1480441723000,72.500000,72.470001,200,72.550003,200,0.000000,0.000000
1480441725000,72.500000,72.470001,200,72.550003,200,0.000000,0.000000
1480441727000,72.500000,72.470001,200,72.550003,200,0.000000,0.000000
1480441729000,72.500000,72.470001,200,72.550003,200,0.000000,0.000000
1480441731000,72.500000,72.470001,200,72.550003,200,0.000000,0.000000
1480441733000,72.500000,72.470001,200,72.550003,200,0.000000,0.000000
1480441735000,72.500000,72.470001,200,72.550003,200,0.000000,0.000000
1480441737000,72.500000,72.470001,200,72.550003,200,0.000000,0.000000
1480441739000,72.500000,72.470001,200,72.550003,200,0.000000,0.000000
1480441741000,72.500000,72.470001,200,72.550003,200,0.000000,0.000000
1480441743000,72.500000,72.470001,200,72.550003,200,0.000000,0.000000
1480441746000,72.500000,72.470001,200,72.550003,200,0.000000,0.000000
1480441748000,72.500000,72.470001,200,72.550003,200,0.000000,0.000000
1480441750000,72.500000,72.470001,200,72.550003,200,0.000000,0.000000
1480441752000,72.500000,72.470001,200,72.550003,200,0.000000,0.000000
1480441754000,72.500000,72.470001,200,72.550003,200,0.000000,0.000000
1480441756000,72.500000,72.470001,200,72.550003,200,0.000000,0.000000
1480441758000,72.500000,72.470001,200,72.550003,200,0.000000,0.000000
1480441760000,72.500000,72.470001,200,72.550003,200,0.000000,0.000000
1480441762000,72.500000,72.470001,200,72.550003,200,0.000000,0.000000
1480441764000,72.500000,72.470001,200,72.550003,200,0.000000,0.000000
1480441766000,72.500000,72.470001,200,72.550003,200,0.000000,0.000000
1480441768000,72.500000,72.470001,200,72.550003,200,0.000000,0.000000
1480441770000,72.500000,72.470001,200,72.550003,200,0.000000,0.000000
1480441772000,72.500000,72.500000,400,72.599998,100,0.000000,0.000000
1480441774000,72.500000,72.500000,400,72.599998,100,0.000000,0.000000
1480441776000,72.500000,72.500000,400,72.599998,100,0.000000,0.000000
1480441778000,72.500000,72.500000,400,72.599998,100,0.000000,0.000000
1480441780000,72.500000,72.500000,400,72.599998,100,0.000000,0.000000
1480441782000,72.500000,72.500000,400,72.599998,100,0.000000,0.000000
1480441785000,72.500000,72.500000,400,72.599998,100,0.000000,0.000000
1480441787000,72.500000,72.500000,400,72.599998,100,0.000000,0.000000
1480441789000,72.459999,72.500000,400,72.599998,100,0.000000,0.000000
1480441791000,72.459999,72.500000,400,72.599998,100,0.000000,0.000000
1480441793000,72.449997,72.500000,400,72.599998,100,0.000000,0.000000
1480441795000,72.449997,72.500000,400,72.599998,100,0.000000,0.000000
1480441797000,72.449997,72.500000,400,72.599998,100,0.000000,0.000000
1480441799000,72.449997,72.500000,400,72.599998,100,0.000000,0.000000
1480441801000,72.449997,72.500000,400,72.599998,100,0.000000,0.000000
1480441803000,72.449997,72.500000,400,72.599998,100,0.000000,0.000000
1480441805000,72.449997,72.500000,400,72.599998,100,0.000000,0.000000
1480441807000,72.449997,72.500000,400,72.599998,100,0.000000,0.000000
1480441809000,72.449997,72.500000,400,72.599998,100,0.000000,0.000000
1480441811000,72.449997,72.500000,400,72.599998,100,0.000000,0.000000
1480441813000,72.449997,72.500000,400,72.599998,100,0.000000,0.000000
1480441816000,72.449997,72.500000,400,72.599998,100,0.000000,0.000000
1480441818000,72.449997,72.500000,400,72.599998,100,0.000000,0.000000
1480441820000,72.449997,72.500000,400,72.599998,100,0.000000,0.000000
1480441822000,72.449997,72.500000,400,72.599998,100,0.000000,0.000000
1480441824000,72.449997,72.500000,400,72.599998,100,0.000000,0.000000
1480441826000,72.449997,72.500000,400,72.599998,100,0.000000,0.000000
1480441828000,72.449997,72.500000,400,72.599998,100,0.000000,0.000000
1480441830000,72.449997,72.519997,200,72.599998,100,0.000000,0.000000
1480441832000,72.449997,72.519997,200,72.599998,100,0.000000,0.000000
1480441834000,72.459999,72.519997,200,72.599998,100,0.000000,0.000000
1480441836000,72.459999,72.519997,200,72.599998,100,0.000000,0.000000
1480441838000,72.459999,72.519997,200,72.599998,100,0.000000,0.000000
1480441840000,72.459999,72.519997,200,72.599998,100,0.000000,0.000000
1480441842000,72.459999,72.519997,200,72.599998,100,0.000000,0.000000
1480441844000,72.459999,72.519997,200,72.599998,100,0.000000,0.000000
1480441846000,72.459999,72.519997,200,72.599998,100,0.000000,0.000000
1480441848000,72.459999,72.519997,200,72.599998,100,0.000000,0.000000
1480441850000,72.459999,72.519997,200,72.599998,100,0.000000,0.000000
1480441853000,72.459999,72.519997,200,72.599998,100,0.000000,0.000000
1480441855000,72.459999,72.519997,200,72.599998,100,0.000000,0.000000
1480441857000,72.459999,72.519997,200,72.599998,100,0.000000,0.000000
1480441859000,72.489998,72.519997,200,72.599998,100,0.000000,0.000000
1480441861000,72.489998,72.519997,200,72.599998,100,0.000000,0.000000
1480441863000,72.489998,72.519997,200,72.599998,100,0.000000,0.000000
1480441865000,72.489998,72.519997,200,72.599998,100,0.000000,0.000000
1480441867000,72.489998,72.519997,200,72.599998,100,0.000000,0.000000
1480441869000,72.489998,72.519997,200,72.599998,100,0.000000,0.000000
1480441871000,72.489998,72.519997,200,72.599998,100,0.000000,0.000000
1480441873000,72.489998,72.519997,200,72.599998,100,0.000000,0.000000
1480441875000,72.489998,72.519997,200,72.599998,100,0.000000,0.000000
1480441877000,72.489998,72.519997,200,72.599998,100,0.000000,0.000000
1480441879000,72.489998,72.519997,200,72.599998,100,0.000000,0.000000
1480441881000,72.489998,72.519997,200,72.599998,100,0.000000,0.000000
1480441883000,72.489998,72.519997,200,72.599998,100,0.000000,0.000000
1480441885000,72.489998,72.519997,200,72.599998,100,0.000000,0.000000
1480441887000,72.489998,72.519997,200,72.599998,100,0.000000,0.000000
1480441889000,72.489998,72.519997,300,72.599998,100,0.000000,0.000000
1480441891000,72.489998,72.519997,300,72.599998,100,0.000000,0.000000
1480441893000,72.489998,72.519997,300,72.599998,100,0.000000,0.000000
1480441896000,72.489998,72.519997,300,72.599998,100,0.000000,0.000000
1480441898000,72.489998,72.519997,300,72.599998,100,0.000000,0.000000
1480441900000,72.489998,72.519997,300,72.599998,100,0.000000,0.000000
1480441902000,72.489998,72.519997,300,72.599998,100,0.000000,0.000000
1480441904000,72.489998,72.519997,300,72.599998,100,0.000000,0.000000
1480441906000,72.489998,72.519997,300,72.599998,100,0.000000,0.000000
1480441908000,72.489998,72.519997,300,72.599998,100,0.000000,0.000000
1480441910000,72.489998,72.519997,300,72.599998,100,0.000000,0.000000
1480441912000,72.489998,72.519997,300,72.599998,100,0.000000,0.000000
1480441914000,72.489998,72.519997,300,72.599998,100,0.000000,0.000000
1480441916000,72.489998,72.519997,300,72.599998,100,0.000000,0.000000
1480441918000,72.489998,72.519997,300,72.599998,100,0.000000,0.000000
1480441920000,72.489998,72.519997,300,72.599998,100,0.000000,0.000000
1480441922000,72.489998,72.519997,300,72.599998,100,0.000000,0.000000
1480441924000,72.489998,72.519997,300,72.599998,100,0.000000,0.000000
1480441926000,72.489998,72.519997,300,72.599998,100,0.000000,0.000000
1480441928000,72.489998,72.519997,300,72.599998,100,0.000000,0.000000
1480441930000,72.489998,72.519997,300,72.599998,100,0.000000,0.000000
1480441932000,72.489998,72.519997,300,72.599998,100,0.000000,0.000000
1480441934000,72.489998,72.519997,300,72.599998,100,0.000000,0.000000
1480441937000,72.489998,72.519997,300,72.599998,100,0.000000,0.000000
1480441939000,72.489998,72.519997,300,72.599998,100,0.000000,0.000000
1480441941000,72.489998,72.519997,300,72.599998,100,0.000000,0.000000
1480441943000,72.489998,72.519997,300,72.599998,100,0.000000,0.000000
1480441945000,72.489998,72.519997,300,72.599998,100,0.000000,0.000000
1480441947000,72.489998,72.519997,300,72.599998,100,0.000000,0.000000
1480441949000,72.489998,72.519997,300,72.599998,100,0.000000,0.000000
1480441951000,72.449997,72.519997,500,72.599998,100,0.000000,0.000000
1480441953000,72.449997,72.519997,500,72.599998,100,0.000000,0.000000
1480441955000,72.410004,72.519997,500,72.599998,100,0.000000,0.000000
1480441957000,72.410004,72.519997,500,72.599998,100,0.000000,0.000000
1480441959000,72.410004,72.519997,500,72.599998,100,0.000000,0.000000
1480441961000,72.410004,72.519997,500,72.599998,100,0.000000,0.000000
1480441963000,72.410004,72.519997,500,72.599998,100,0.000000,0.000000
1480441965000,72.410004,72.519997,500,72.599998,100,0.000000,0.000000
1480441967000,72.410004,72.519997,500,72.599998,100,0.000000,0.000000
1480441969000,72.410004,72.519997,500,72.599998,100,0.000000,0.000000
1480441971000,72.410004,72.519997,500,72.599998,100,0.000000,0.000000
1480441973000,72.410004,72.519997,500,72.599998,100,0.000000,0.000000
1480441975000,72.410004,72.519997,500,72.599998,100,0.000000,0.000000
1480441978000,72.410004,72.519997,500,72.599998,100,0.000000,0.000000
1480441980000,72.410004,72.519997,500,72.599998,100,0.000000,0.000000
1480441982000,72.410004,72.519997,500,72.599998,100,0.000000,0.000000
1480441984000,72.410004,72.519997,500,72.599998,100,0.000000,0.000000
1480441986000,72.410004,72.519997,500,72.599998,100,0.000000,0.000000
1480441988000,72.410004,72.519997,500,72.599998,100,0.000000,0.000000
1480441990000,72.410004,72.519997,500,72.599998,100,0.000000,0.000000
1480441992000,72.410004,72.519997,500,72.599998,100,0.000000,0.000000
1480441994000,72.410004,72.519997,500,72.599998,100,0.000000,0.000000
1480441996000,72.410004,72.519997,500,72.599998,100,0.000000,0.000000
1480441998000,72.410004,72.519997,500,72.599998,100,0.000000,0.000000
1480442000000,72.410004,72.519997,500,72.599998,100,0.000000,0.000000
1480442002000,72.410004,72.519997,500,72.599998,100,0.000000,0.000000
1480442004000,72.410004,72.519997,500,72.599998,100,0.000000,0.000000
1480442006000,72.410004,72.519997,500,72.599998,100,0.000000,0.000000
1480442008000,72.410004,72.519997,500,72.599998,100,0.000000,0.000000
1480442010000,72.410004,72.529999,300,72.650002,300,0.000000,0.000000
1480442012000,72.410004,72.529999,300,72.650002,300,0.000000,0.000000
1480442015000,72.410004,72.529999,300,72.650002,300,0.000000,0.000000
1480442017000,72.410004,72.529999,300,72.650002,300,0.000000,0.000000
1480442019000,72.410004,72.529999,300,72.650002,300,0.000000,0.000000
1480442021000,72.410004,72.529999,300,72.650002,300,0.000000,0.000000
1480442023000,72.410004,72.529999,300,72.650002,300,0.000000,0.000000
1480442025000,72.410004,72.529999,300,72.650002,300,0.000000,0.000000
1480442027000,72.410004,72.529999,300,72.650002,300,0.000000,0.000000
1480442029000,72.410004,72.529999,300,72.650002,300,0.000000,0.000000
1480442031000,72.410004,72.529999,300,72.650002,300,0.000000,0.000000
1480442033000,72.410004,72.529999,300,72.650002,300,0.000000,0.000000
1480442035000,72.410004,72.529999,300,72.650002,300,0.000000,0.000000
1480442037000,72.410004,72.529999,300,72.650002,300,0.000000,0.000000
1480442039000,72.410004,72.529999,300,72.650002,300,0.000000,0.000000
1480442041000,72.400002,72.529999,300,72.650002,300,0.000000,0.000000
1480442043000,72.400002,72.529999,300,72.650002,300,0.000000,0.000000
1480442045000,72.400002,72.529999,300,72.650002,300,0.000000,0.000000
1480442047000,72.400002,72.529999,300,72.650002,300,0.000000,0.000000
1480442049000,72.400002,72.529999,300,72.650002,300,0.000000,0.000000
1480442052000,72.400002,72.529999,300,72.650002,300,0.000000,0.000000
1480442054000,72.400002,72.529999,300,72.650002,300,0.000000,0.000000
1480442056000,72.400002,72.529999,300,72.650002,300,0.000000,0.000000
1480442058000,72.370003,72.529999,300,72.650002,300,0.000000,0.000000
1480442060000,72.370003,72.529999,300,72.650002,300,0.000000,0.000000
1480442062000,72.370003,72.529999,300,72.650002,300,0.000000,0.000000
1480442064000,72.370003,72.529999,300,72.650002,300,0.000000,0.000000
1480442066000,72.370003,72.529999,300,72.650002,300,0.000000,0.000000
1480442068000,72.370003,72.529999,300,72.650002,300,0.000000,0.000000
1480442070000,72.370003,72.570000,200,72.650002,200,0.000000,0.000000
1480442072000,72.370003,72.570000,200,72.650002,200,0.000000,0.000000
1480442074000,72.370003,72.570000,200,72.650002,200,0.000000,0.000000
1480442076000,72.370003,72.570000,200,72.650002,200,0.000000,0.000000
1480442078000,72.370003,72.570000,200,72.650002,200,0.000000,0.000000
1480442080000,72.370003,72.570000,200,72.650002,200,0.000000,0.000000
1480442082000,72.370003,72.570000,200,72.650002,200,0.000000,0.000000
1480442084000,72.370003,72.570000,200,72.650002,200,0.000000,0.000000
1480442086000,72.370003,72.570000,200,72.650002,200,0.000000,0.000000
1480442088000,72.370003,72.570000,200,72.650002,200,0.000000,0.000000
1480442090000,72.370003,72.570000,200,72.650002,200,0.000000,0.000000
1480442093000,72.370003,72.570000,200,72.650002,200,0.000000,0.000000
1480442095000,72.370003,72.570000,200,72.650002,200,0.000000,0.000000
1480442097000,72.370003,72.570000,200,72.650002,200,0.000000,0.000000
1480442099000,72.370003,72.570000,200,72.650002,200,0.000000,0.000000
1480442101000,72.370003,72.570000,200,72.650002,200,0.000000,0.000000
1480442103000,72.370003,72.570000,200,72.650002,200,0.000000,0.000000
1480442105000,72.370003,72.570000,200,72.650002,200,0.000000,0.000000
1480442107000,72.370003,72.570000,200,72.650002,200,0.000000,0.000000
1480442109000,72.370003,72.570000,200,72.650002,200,0.000000,0.000000
1480442111000,72.349998,72.570000,200,72.650002,200,0.000000,0.000000
1480442113000,72.349998,72.570000,200,72.650002,200,0.000000,0.000000
1480442115000,72.349998,72.570000,200,72.650002,200,0.000000,0.000000
1480442117000,72.349998,72.570000,200,72.650002,200,0.000000,0.000000
1480442119000,72.349998,72.570000,200,72.650002,200,0.000000,0.000000
1480442121000,72.375000,72.570000,200,72.650002,200,0.000000,0.000000
1480442123000,72.375000,72.570000,200,72.650002,200,0.000000,0.000000
1480442125000,72.375000,72.570000,200,72.650002,200,0.000000,0.000000
1480442127000,72.375000,72.570000,200,72.650002,200,0.000000,0.000000
1480442129000,72.375000,72.570000,200,72.650002,200,0.000000,0.000000
1480442132000,72.375000,72.500000,100,72.610001,100,0.000000,0.000000
1480442134000,72.375000,72.500000,100,72.610001,100,0.000000,0.000000
1480442136000,72.375000,72.500000,100,72.610001,100,0.000000,0.000000
1480442138000,72.375000,72.500000,100,72.610001,100,0.000000,0.000000
1480442140000,72.375000,72.500000,100,72.610001,100,0.000000,0.000000
1480442142000,72.375000,72.500000,100,72.610001,100,0.000000,0.000000
1480442144000,72.375000,72.500000,100,72.610001,100,0.000000,0.000000
1480442146000,72.375000,72.500000,100,72.610001,100,0.000000,0.000000
1480442148000,72.375000,72.500000,100,72.610001,100,0.000000,0.000000
1480442150000,72.375000,72.500000,100,72.610001,100,0.000000,0.000000
1480442152000,72.375000,72.500000,100,72.610001,100,0.000000,0.000000
1480442154000,72.375000,72.500000,100,72.610001,100,0.000000,0.000000
1480442156000,72.375000,72.500000,100,72.610001,100,0.000000,0.000000
1480442158000,72.375000,72.500000,100,72.610001,100,0.000000,0.000000
1480442160000,72.375000,72.500000,100,72.610001,100,0.000000,0.000000
1480442162000,72.375000,72.500000,100,72.610001,100,0.000000,0.000000
1480442165000,72.375000,72.500000,100,72.610001,100,0.000000,0.000000
1480442167000,72.375000,72.500000,100,72.610001,100,0.000000,0.000000
1480442169000,72.375000,72.500000,100,72.610001,100,0.000000,0.000000
1480442171000,72.375000,72.500000,100,72.610001,100,0.000000,0.000000
1480442173000,72.375000,72.500000,100,72.610001,100,0.000000,0.000000
1480442175000,72.375000,72.500000,100,72.610001,100,0.000000,0.000000
1480442177000,72.375000,72.500000,100,72.610001,100,0.000000,0.000000
1480442179000,72.375000,72.500000,100,72.610001,100,0.000000,0.000000
1480442181000,72.375000,72.500000,100,72.610001,100,0.000000,0.000000
1480442183000,72.375000,72.500000,100,72.610001,100,0.000000,0.000000
1480442185000,72.375000,72.500000,100,72.610001,100,0.000000,0.000000
1480442187000,72.375000,72.500000,100,72.610001,100,0.000000,0.000000
1480442189000,72.375000,72.500000,100,72.610001,100,0.000000,0.000000
1480442191000,72.375000,72.500000,100,72.550003,100,0.000000,0.000000
1480442193000,72.375000,72.500000,100,72.550003,100,0.000000,0.000000
1480442195000,72.375000,72.500000,100,72.550003,100,0.000000,0.000000
1480442197000,72.375000,72.500000,100,72.550003,100,0.000000,0.000000
1480442199000,72.375000,72.500000,100,72.550003,100,0.000000,0.000000
1480442201000,72.375000,72.500000,100,72.550003,100,0.000000,0.000000
1480442204000,72.375000,72.500000,100,72.550003,100,0.000000,0.000000
1480442206000,72.375000,72.500000,100,72.550003,100,0.000000,0.000000
1480442208000,72.375000,72.500000,100,72.550003,100,0.000000,0.000000
1480442210000,72.375000,72.500000,100,72.550003,100,0.000000,0.000000
1480442212000,72.375000,72.500000,100,72.550003,100,0.000000,0.000000
1480442214000,72.375000,72.500000,100,72.550003,100,0.000000,0.000000
1480442216000,72.375000,72.500000,100,72.550003,100,0.000000,0.000000
1480442218000,72.375000,72.500000,100,72.550003,100,0.000000,0.000000
1480442220000,72.375000,72.500000,100,72.550003,100,0.000000,0.000000
1480442222000,72.375000,72.500000,100,72.550003,100,0.000000,0.000000
1480442224000,72.375000,72.500000,100,72.550003,100,0.000000,0.000000
1480442226000,72.375000,72.500000,100,72.550003,100,0.000000,0.000000
1480442228000,72.375000,72.500000,100,72.550003,100,0.000000,0.000000
1480442230000,72.375000,72.500000,100,72.550003,100,0.000000,0.000000
1480442232000,72.375000,72.500000,100,72.550003,100,0.000000,0.000000
1480442234000,72.375000,72.500000,100,72.550003,100,0.000000,0.000000
1480442236000,72.375000,72.500000,100,72.550003,100,0.000000,0.000000
1480442239000,72.375000,72.500000,100,72.550003,100,0.000000,0.000000
1480442241000,72.375000,72.500000,100,72.550003,100,0.000000,0.000000
1480442243000,72.375000,72.500000,100,72.550003,100,0.000000,0.000000
1480442245000,72.375000,72.500000,100,72.550003,100,0.000000,0.000000
1480442247000,72.375000,72.500000,100,72.550003,100,0.000000,0.000000
1480442249000,72.375000,72.500000,100,72.550003,100,0.000000,0.000000
1480442251000,72.375000,72.459999,200,72.500000,100,0.000000,0.000000
1480442253000,72.375000,72.459999,200,72.500000,100,0.000000,0.000000
1480442255000,72.375000,72.459999,200,72.500000,100,0.000000,0.000000
1480442257000,72.375000,72.459999,200,72.500000,100,0.000000,0.000000
1480442259000,72.375000,72.459999,200,72.500000,100,0.000000,0.000000
1480442261000,72.375000,72.459999,200,72.500000,100,0.000000,0.000000
1480442263000,72.375000,72.459999,200,72.500000,100,0.000000,0.000000
1480442265000,72.375000,72.459999,200,72.500000,100,0.000000,0.000000
1480442267000,72.375000,72.459999,200,72.500000,100,0.000000,0.000000
1480442269000,72.375000,72.459999,200,72.500000,100,0.000000,0.000000
1480442271000,72.375000,72.459999,200,72.500000,100,0.000000,0.000000
1480442273000,72.375000,72.459999,200,72.500000,100,0.000000,0.000000
1480442276000,72.375000,72.459999,200,72.500000,100,0.000000,0.000000
1480442278000,72.375000,72.459999,200,72.500000,100,0.000000,0.000000
1480442280000,72.375000,72.459999,200,72.500000,100,0.000000,0.000000
1480442282000,72.375000,72.459999,200,72.500000,100,0.000000,0.000000
1480442284000,72.375000,72.459999,200,72.500000,100,0.000000,0.000000
1480442286000,72.375000,72.459999,200,72.500000,100,0.000000,0.000000
1480442288000,72.375000,72.459999,200,72.500000,100,0.000000,0.000000
1480442290000,72.375000,72.459999,200,72.500000,100,0.000000,0.000000
1480442292000,72.375000,72.459999,200,72.500000,100,0.000000,0.000000
1480442294000,72.375000,72.459999,200,72.500000,100,0.000000,0.000000
1480442296000,72.375000,72.459999,200,72.500000,100,0.000000,0.000000
1480442298000,72.375000,72.459999,200,72.500000,100,0.000000,0.000000
1480442300000,72.375000,72.459999,200,72.500000,100,0.000000,0.000000
1480442302000,72.375000,72.459999,200,72.500000,100,0.000000,0.000000
1480442304000,72.375000,72.459999,200,72.500000,100,0.000000,0.000000
1480442306000,72.375000,72.459999,200,72.500000,100,0.000000,0.000000
1480442308000,72.375000,72.459999,200,72.500000,100,0.000000,0.000000
1480442310000,72.375000,72.459999,400,72.550003,200,0.000000,0.000000
1480442313000,72.375000,72.459999,400,72.550003,200,0.000000,0.000000
1480442315000,72.375000,72.459999,400,72.550003,200,0.000000,0.000000
1480442317000,72.375000,72.459999,400,72.550003,200,0.000000,0.000000
1480442319000,72.375000,72.459999,400,72.550003,200,0.000000,0.000000
1480442321000,72.375000,72.459999,400,72.550003,200,0.000000,0.000000
1480442323000,72.375000,72.459999,400,72.550003,200,0.000000,0.000000
1480442325000,72.375000,72.459999,400,72.550003,200,0.000000,0.000000
1480442327000,72.375000,72.459999,400,72.550003,200,0.000000,0.000000
1480442329000,72.375000,72.459999,400,72.550003,200,0.000000,0.000000
1480442331000,72.375000,72.459999,400,72.550003,200,0.000000,0.000000
1480442333000,72.375000,72.459999,400,72.550003,200,0.000000,0.000000
1480442335000,72.375000,72.459999,400,72.550003,200,0.000000,0.000000
1480442337000,72.375000,72.459999,400,72.550003,200,0.000000,0.000000
1480442339000,72.375000,72.459999,400,72.550003,200,0.000000,0.000000
1480442341000,72.375000,72.459999,400,72.550003,200,0.000000,0.000000
1480442343000,72.375000,72.459999,400,72.550003,200,0.000000,0.000000
1480442345000,72.375000,72.459999,400,72.550003,200,0.000000,0.000000
1480442347000,72.375000,72.459999,400,72.550003,200,0.000000,0.000000
1480442349000,72.375000,72.459999,400,72.550003,200,0.000000,0.000000
1480442352000,72.375000,72.459999,400,72.550003,200,0.000000,0.000000
1480442354000,72.375000,72.459999,400,72.550003,200,0.000000,0.000000
1480442356000,72.375000,72.459999,400,72.550003,200,0.000000,0.000000
1480442358000,72.375000,72.459999,400,72.550003,200,0.000000,0.000000
1480442360000,72.375000,72.459999,400,72.550003,200,0.000000,0.000000
1480442362000,72.375000,72.459999,400,72.550003,200,0.000000,0.000000
1480442364000,72.375000,72.459999,400,72.550003,200,0.000000,0.000000
1480442366000,72.375000,72.459999,400,72.550003,200,0.000000,0.000000
1480442368000,72.375000,72.459999,400,72.550003,200,0.000000,0.000000
1480442370000,72.375000,72.470001,200,72.550003,100,0.000000,0.000000
1480442372000,72.375000,72.470001,100,72.550003,100,0.000000,0.000000
1480442374000,72.375000,72.470001,100,72.550003,100,0.000000,0.000000
1480442376000,72.375000,72.470001,100,72.550003,100,0.000000,0.000000
1480442378000,72.375000,72.470001,100,72.550003,100,0.000000,0.000000
1480442380000,72.375000,72.470001,100,72.550003,100,0.000000,0.000000
1480442382000,72.375000,72.470001,100,72.550003,100,0.000000,0.000000
1480442384000,72.375000,72.470001,100,72.550003,100,0.000000,0.000000
1480442386000,72.375000,72.470001,100,72.550003,100,0.000000,0.000000
1480442388000,72.375000,72.470001,100,72.550003,100,0.000000,0.000000
1480442391000,72.375000,72.470001,100,72.550003,100,0.000000,0.000000
1480442393000,72.375000,72.470001,100,72.550003,100,0.000000,0.000000
1480442395000,72.375000,72.470001,100,72.550003,100,0.000000,0.000000
1480442397000,72.375000,72.470001,100,72.550003,100,0.000000,0.000000
1480442399000,72.375000,72.470001,100,72.550003,100,0.000000,0.000000
1480442401000,72.375000,72.470001,100,72.550003,100,0.000000,0.000000
1480442403000,72.375000,72.470001,100,72.550003,100,0.000000,0.000000
1480442405000,72.375000,72.470001,100,72.550003,100,0.000000,0.000000
1480442407000,72.375000,72.470001,100,72.550003,100,0.000000,0.000000
1480442409000,72.375000,72.470001,100,72.550003,100,0.000000,0.000000
1480442411000,72.375000,72.470001,100,72.550003,100,0.000000,0.000000
1480442413000,72.375000,72.470001,100,72.550003,100,0.000000,0.000000
1480442415000,72.375000,72.470001,100,72.550003,100,0.000000,0.000000
1480442417000,72.375000,72.470001,100,72.550003,100,0.000000,0.000000
1480442419000,72.375000,72.470001,100,72.550003,100,0.000000,0.000000
1480442421000,72.375000,72.470001,100,72.550003,100,0.000000,0.000000
1480442423000,72.375000,72.470001,100,72.550003,100,0.000000,0.000000
1480442425000,72.375000,72.470001,100,72.550003,100,0.000000,0.000000
1480442427000,72.375000,72.470001,100,72.550003,100,0.000000,0.000000
1480442429000,72.375000,72.470001,100,72.550003,100,0.000000,0.000000
1480442432000,72.375000,72.470001,200,72.550003,100,0.000000,0.000000
1480442434000,72.375000,72.470001,200,72.550003,100,0.000000,0.000000
1480442436000,72.375000,72.470001,200,72.550003,100,0.000000,0.000000
1480442438000,72.375000,72.470001,200,72.550003,100,0.000000,0.000000
1480442440000,72.375000,72.470001,200,72.550003,100,0.000000,0.000000
1480442442000,72.375000,72.470001,200,72.550003,100,0.000000,0.000000
1480442444000,72.375000,72.470001,200,72.550003,100,0.000000,0.000000
1480442446000,72.375000,72.470001,200,72.550003,100,0.000000,0.000000
1480442448000,72.375000,72.470001,200,72.550003,100,0.000000,0.000000
1480442450000,72.375000,72.470001,200,72.550003,100,0.000000,0.000000
1480442452000,72.375000,72.470001,200,72.550003,100,0.000000,0.000000
1480442454000,72.375000,72.470001,200,72.550003,100,0.000000,0.000000
1480442456000,72.375000,72.470001,200,72.550003,100,0.000000,0.000000
1480442458000,72.375000,72.470001,200,72.550003,100,0.000000,0.000000
1480442460000,72.375000,72.470001,200,72.550003,100,0.000000,0.000000
1480442462000,72.375000,72.470001,200,72.550003,100,0.000000,0.000000
1480442464000,72.375000,72.470001,200,72.550003,100,0.000000,0.000000
1480442466000,72.375000,72.470001,200,72.550003,100,0.000000,0.000000
1480442468000,72.375000,72.470001,200,72.550003,100,0.000000,0.000000
1480442471000,72.375000,72.470001,200,72.550003,100,0.000000,0.000000
1480442473000,72.375000,72.470001,200,72.550003,100,0.000000,0.000000
1480442475000,72.375000,72.470001,200,72.550003,100,0.000000,0.000000
1480442477000,72.375000,72.470001,200,72.550003,100,0.000000,0.000000
1480442479000,72.375000,72.470001,200,72.550003,100,0.000000,0.000000
1480442481000,72.375000,72.470001,200,72.550003,100,0.000000,0.000000
1480442483000,72.375000,72.470001,200,72.550003,100,0.000000,0.000000
1480442485000,72.375000,72.470001,200,72.550003,100,0.000000,0.000000
1480442487000,72.375000,72.470001,200,72.550003,100,0.000000,0.000000
1480442489000,72.375000,72.470001,200,72.550003,100,0.000000,0.000000
1480442491000,72.375000,72.470001,100,72.540001,100,0.000000,0.000000
1480442494000,72.375000,72.470001,100,72.540001,100,0.000000,0.000000
1480442496000,72.375000,72.470001,100,72.540001,100,0.000000,0.000000
1480442498000,72.375000,72.470001,100,72.540001,100,0.000000,0.000000
1480442500000,72.375000,72.470001,100,72.540001,100,0.000000,0.000000
1480442502000,72.375000,72.470001,100,72.540001,100,0.000000,0.000000
1480442504000,72.375000,72.470001,100,72.540001,100,0.000000,0.000000
1480442506000,72.375000,72.470001,100,72.540001,100,0.000000,0.000000
1480442509000,72.375000,72.470001,100,72.540001,100,0.000000,0.000000
1480442511000,72.375000,72.470001,100,72.540001,100,0.000000,0.000000
1480442513000,72.375000,72.470001,100,72.540001,100,0.000000,0.000000
1480442515000,72.375000,72.470001,100,72.540001,100,0.000000,0.000000
1480442517000,72.375000,72.470001,100,72.540001,100,0.000000,0.000000
1480442519000,72.375000,72.470001,100,72.540001,100,0.000000,0.000000
1480442522000,72.375000,72.470001,100,72.540001,100,0.000000,0.000000
1480442524000,72.375000,72.470001,100,72.540001,100,0.000000,0.000000
1480442526000,72.375000,72.470001,100,72.540001,100,0.000000,0.000000
1480442528000,72.375000,72.470001,100,72.540001,100,0.000000,0.000000
1480442530000,72.375000,72.470001,100,72.540001,100,0.000000,0.000000
1480442532000,72.375000,72.470001,100,72.540001,100,0.000000,0.000000
1480442534000,72.375000,72.470001,100,72.540001,100,0.000000,0.000000
1480442536000,72.375000,72.470001,100,72.540001,100,0.000000,0.000000
1480442539000,72.375000,72.470001,100,72.540001,100,0.000000,0.000000
1480442541000,72.375000,72.470001,100,72.540001,100,0.000000,0.000000
1480442543000,72.375000,72.470001,100,72.540001,100,0.000000,0.000000
1480442545000,72.375000,72.470001,100,72.540001,100,0.000000,0.000000
1480442547000,72.375000,72.470001,100,72.540001,100,0.000000,0.000000
1480442549000,72.375000,72.470001,100,72.540001,100,0.000000,0.000000
1480442551000,72.375000,72.489998,200,72.550003,400,0.000000,0.000000
1480442554000,72.375000,72.489998,200,72.550003,400,0.000000,0.000000
1480442556000,72.375000,72.489998,200,72.550003,400,0.000000,0.000000
1480442558000,72.375000,72.489998,200,72.550003,400,0.000000,0.000000
1480442560000,72.375000,72.489998,200,72.550003,400,0.000000,0.000000
1480442562000,72.375000,72.489998,200,72.550003,400,0.000000,0.000000
1480442564000,72.375000,72.489998,200,72.550003,400,0.000000,0.000000
1480442566000,72.375000,72.489998,200,72.550003,400,0.000000,0.000000
1480442569000,72.375000,72.489998,200,72.550003,400,0.000000,0.000000
1480442571000,72.375000,72.489998,200,72.550003,400,0.000000,0.000000
1480442573000,72.375000,72.489998,200,72.550003,400,0.000000,0.000000
1480442575000,72.375000,72.489998,200,72.550003,400,0.000000,0.000000
1480442577000,72.375000,72.489998,200,72.550003,400,0.000000,0.000000
1480442579000,72.375000,72.489998,200,72.550003,400,0.000000,0.000000
1480442581000,72.375000,72.489998,200,72.550003,400,0.000000,0.000000
1480442583000,72.375000,72.489998,200,72.550003,400,0.000000,0.000000
1480442585000,72.375000,72.489998,200,72.550003,400,0.000000,0.000000
1480442587000,72.375000,72.489998,200,72.550003,400,0.000000,0.000000
1480442589000,72.375000,72.489998,200,72.550003,400,0.000000,0.000000
1480442591000,72.500000,72.489998,200,72.550003,400,0.000000,0.000000
1480442593000,72.500000,72.489998,200,72.550003,400,0.000000,0.000000
1480442595000,72.500000,72.489998,200,72.550003,400,0.000000,0.000000
1480442597000,72.500000,72.489998,200,72.550003,400,0.000000,0.000000
1480442599000,72.500000,72.489998,200,72.550003,400,0.000000,0.000000
1480442601000,72.500000,72.489998,200,72.550003,400,0.000000,0.000000
1480442604000,72.500000,72.489998,200,72.550003,400,0.000000,0.000000
1480442606000,72.500000,72.489998,200,72.550003,400,0.000000,0.000000
1480442608000,72.500000,72.489998,200,72.550003,400,0.000000,0.000000
1480442610000,72.500000,72.459999,100,72.540001,300,0.000000,0.000000
1480442612000,72.500000,72.459999,100,72.540001,300,0.000000,0.000000
1480442614000,72.500000,72.459999,100,72.540001,300,0.000000,0.000000
1480442616000,72.500000,72.459999,100,72.540001,300,0.000000,0.000000
1480442618000,72.500000,72.459999,100,72.540001,300,0.000000,0.000000
1480442620000,72.500000,72.459999,100,72.540001,300,0.000000,0.000000
1480442622000,72.500000,72.459999,100,72.540001,300,0.000000,0.000000
1480442624000,72.500000,72.459999,100,72.540001,300,0.000000,0.000000
1480442626000,72.500000,72.459999,100,72.540001,300,0.000000,0.000000
1480442628000,72.500000,72.459999,100,72.540001,300,0.000000,0.000000
1480442630000,72.500000,72.459999,100,72.540001,300,0.000000,0.000000
1480442632000,72.500000,72.459999,100,72.540001,300,0.000000,0.000000
1480442635000,72.500000,72.459999,100,72.540001,300,0.000000,0.000000
1480442637000,72.500000,72.459999,100,72.540001,300,0.000000,0.000000
1480442639000,72.500000,72.459999,100,72.540001,300,0.000000,0.000000
1480442641000,72.500000,72.459999,100,72.540001,300,0.000000,0.000000
1480442643000,72.500000,72.459999,100,72.540001,300,0.000000,0.000000
1480442645000,72.500000,72.459999,100,72.540001,300,0.000000,0.000000
1480442647000,72.500000,72.459999,100,72.540001,300,0.000000,0.000000
1480442649000,72.500000,72.459999,100,72.540001,300,0.000000,0.000000
1480442651000,72.500000,72.459999,100,72.540001,300,0.000000,0.000000
1480442653000,72.500000,72.459999,100,72.540001,300,0.000000,0.000000
1480442655000,72.500000,72.459999,100,72.540001,300,0.000000,0.000000
1480442657000,72.500000,72.459999,100,72.540001,300,0.000000,0.000000
1480442659000,72.500000,72.459999,100,72.540001,300,0.000000,0.000000
1480442661000,72.500000,72.459999,100,72.540001,300,0.000000,0.000000
1480442663000,72.500000,72.459999,100,72.540001,300,0.000000,0.000000
1480442666000,72.500000,72.459999,100,72.540001,300,0.000000,0.000000
1480442668000,72.500000,72.459999,100,72.540001,300,0.000000,0.000000
1480442670000,72.500000,72.459999,100,72.540001,300,0.000000,0.000000
1480442672000,72.500000,72.459999,100,72.540001,300,0.000000,0.000000
1480442674000,72.500000,72.459999,100,72.540001,300,0.000000,0.000000
1480442676000,72.500000,72.459999,100,72.540001,300,0.000000,0.000000
1480442678000,72.500000,72.459999,100,72.540001,300,0.000000,0.000000
1480442680000,72.470001,72.459999,100,72.540001,300,0.000000,0.000000
1480442682000,72.470001,72.459999,100,72.540001,300,0.000000,0.000000
1480442684000,72.500000,72.459999,100,72.540001,300,0.000000,0.000000
1480442686000,72.464996,72.459999,100,72.540001,300,0.000000,0.000000
1480442688000,72.464996,72.459999,100,72.540001,300,0.000000,0.000000
1480442690000,72.464996,72.459999,100,72.540001,300,0.000000,0.000000
1480442692000,72.464996,72.459999,100,72.540001,300,0.000000,0.000000
1480442694000,72.464996,72.459999,100,72.540001,300,0.000000,0.000000
1480442696000,72.464996,72.459999,100,72.540001,300,0.000000,0.000000
1480442698000,72.464996,72.459999,100,72.540001,300,0.000000,0.000000
1480442700000,72.464996,72.459999,100,72.540001,300,0.000000,0.000000
1480442703000,72.464996,72.459999,100,72.540001,300,0.000000,0.000000
1480442705000,72.464996,72.459999,100,72.540001,300,0.000000,0.000000
1480442707000,72.464996,72.459999,100,72.540001,300,0.000000,0.000000
1480442709000,72.464996,72.459999,100,72.540001,300,0.000000,0.000000
1480442711000,72.464996,72.459999,100,72.540001,300,0.000000,0.000000
1480442713000,72.464996,72.459999,100,72.540001,300,0.000000,0.000000
1480442715000,72.464996,72.459999,100,72.540001,300,0.000000,0.000000
1480442717000,72.464996,72.459999,100,72.540001,300,0.000000,0.000000
1480442719000,72.464996,72.459999,100,72.540001,300,0.000000,0.000000
1480442721000,72.464996,72.459999,100,72.540001,300,0.000000,0.000000
1480442723000,72.464996,72.459999,100,72.540001,300,0.000000,0.000000
1480442725000,72.464996,72.459999,100,72.540001,300,0.000000,0.000000
1480442727000,72.464996,72.459999,100,72.540001,300,0.000000,0.000000
1480442729000,72.464996,72.459999,100,72.540001,300,0.000000,0.000000
1480442731000,72.464996,72.449997,100,72.529999,300,0.000000,0.000000
1480442733000,72.464996,72.449997,100,72.529999,300,0.000000,0.000000
1480442735000,72.464996,72.449997,100,72.529999,300,0.000000,0.000000
1480442738000,72.464996,72.449997,100,72.529999,300,0.000000,0.000000
1480442740000,72.464996,72.449997,100,72.529999,300,0.000000,0.000000
1480442742000,72.464996,72.449997,100,72.529999,300,0.000000,0.000000
1480442744000,72.464996,72.449997,100,72.529999,300,0.000000,0.000000
1480442746000,72.464996,72.449997,100,72.529999,300,0.000000,0.000000
1480442748000,72.464996,72.449997,100,72.529999,300,0.000000,0.000000
1480442750000,72.464996,72.449997,100,72.529999,300,0.000000,0.000000
1480442752000,72.464996,72.449997,100,72.529999,300,0.000000,0.000000
1480442754000,72.464996,72.449997,100,72.529999,300,0.000000,0.000000
1480442756000,72.464996,72.449997,100,72.529999,300,0.000000,0.000000
1480442758000,72.464996,72.449997,100,72.529999,300,0.000000,0.000000
1480442760000,72.464996,72.449997,100,72.529999,300,0.000000,0.000000
1480442762000,72.464996,72.449997,100,72.529999,300,0.000000,0.000000
1480442764000,72.464996,72.449997,100,72.529999,300,0.000000,0.000000
1480442766000,72.464996,72.449997,100,72.529999,300,0.000000,0.000000
1480442768000,72.489998,72.449997,100,72.529999,300,0.000000,0.000000
1480442770000,72.489998,72.449997,100,72.529999,300,0.000000,0.000000
1480442772000,72.489998,72.449997,100,72.529999,300,0.000000,0.000000
1480442775000,72.489998,72.449997,100,72.529999,300,0.000000,0.000000
1480442777000,72.489998,72.449997,100,72.529999,300,0.000000,0.000000
1480442779000,72.489998,72.449997,100,72.529999,300,0.000000,0.000000
1480442781000,72.489998,72.449997,100,72.529999,300,0.000000,0.000000
1480442783000,72.489998,72.449997,100,72.529999,300,0.000000,0.000000
1480442785000,72.489998,72.449997,100,72.529999,300,0.000000,0.000000
1480442787000,72.489998,72.449997,100,72.529999,300,0.000000,0.000000
1480442789000,72.489998,72.449997,100,72.529999,300,0.000000,0.000000
1480442791000,72.489998,72.449997,100,72.489998,400,0.000000,0.000000
1480442793000,72.489998,72.449997,100,72.489998,400,0.000000,0.000000
1480442795000,72.489998,72.449997,100,72.489998,400,0.000000,0.000000
1480442797000,72.489998,72.449997,100,72.489998,400,0.000000,0.000000
1480442799000,72.489998,72.449997,100,72.489998,400,0.000000,0.000000
1480442801000,72.489998,72.449997,100,72.489998,400,0.000000,0.000000
1480442803000,72.489998,72.449997,100,72.489998,400,0.000000,0.000000
1480442805000,72.489998,72.449997,100,72.489998,400,0.000000,0.000000
1480442807000,72.489998,72.449997,100,72.489998,400,0.000000,0.000000
1480442810000,72.489998,72.449997,100,72.489998,400,0.000000,0.000000
1480442812000,72.489998,72.449997,100,72.489998,400,0.000000,0.000000
1480442814000,72.489998,72.449997,100,72.489998,400,0.000000,0.000000
1480442816000,72.489998,72.449997,100,72.489998,400,0.000000,0.000000
1480442818000,72.489998,72.449997,100,72.489998,400,0.000000,0.000000
1480442820000,72.489998,72.449997,100,72.489998,400,0.000000,0.000000
1480442822000,72.489998,72.449997,100,72.489998,400,0.000000,0.000000
1480442824000,72.489998,72.449997,100,72.489998,400,0.000000,0.000000
1480442826000,72.489998,72.449997,100,72.489998,400,0.000000,0.000000
1480442828000,72.489998,72.449997,100,72.489998,400,0.000000,0.000000
1480442830000,72.489998,72.449997,100,72.489998,400,0.000000,0.000000
1480442832000,72.489998,72.449997,100,72.489998,400,0.000000,0.000000
1480442834000,72.489998,72.449997,100,72.489998,400,0.000000,0.000000
1480442836000,72.489998,72.449997,100,72.489998,400,0.000000,0.000000
1480442838000,72.489998,72.449997,100,72.489998,400,0.000000,0.000000
1480442840000,72.489998,72.449997,100,72.489998,400,0.000000,0.000000
1480442842000,72.489998,72.449997,100,72.489998,400,0.000000,0.000000
1480442844000,72.489998,72.449997,100,72.489998,400,0.000000,0.000000
1480442847000,72.489998,72.449997,100,72.489998,400,0.000000,0.000000
1480442849000,72.489998,72.449997,100,72.489998,400,0.000000,0.000000
1480442851000,72.489998,72.449997,100,72.489998,400,0.000000,0.000000
1480442853000,72.489998,72.449997,100,72.489998,400,0.000000,0.000000
1480442855000,72.489998,72.449997,100,72.489998,400,0.000000,0.000000
1480442857000,72.489998,72.449997,100,72.489998,400,0.000000,0.000000
1480442859000,72.489998,72.449997,100,72.489998,400,0.000000,0.000000
1480442861000,72.489998,72.449997,100,72.489998,400,0.000000,0.000000
1480442863000,72.489998,72.449997,100,72.489998,400,0.000000,0.000000
1480442865000,72.489998,72.449997,100,72.489998,400,0.000000,0.000000
1480442867000,72.489998,72.449997,100,72.489998,400,0.000000,0.000000
1480442869000,72.489998,72.449997,100,72.489998,400,0.000000,0.000000
1480442871000,72.489998,72.449997,100,72.489998,400,0.000000,0.000000
1480442873000,72.449997,72.449997,100,72.489998,400,0.000000,0.000000
1480442875000,72.489998,72.449997,100,72.489998,400,0.000000,0.000000
1480442877000,72.489998,72.449997,100,72.489998,400,0.000000,0.000000
1480442879000,72.489998,72.449997,100,72.489998,400,0.000000,0.000000
1480442881000,72.489998,72.449997,100,72.489998,400,0.000000,0.000000
1480442884000,72.489998,72.449997,100,72.489998,400,0.000000,0.000000
1480442886000,72.489998,72.449997,100,72.489998,400,0.000000,0.000000
1480442888000,72.489998,72.449997,100,72.489998,400,0.000000,0.000000
1480442890000,72.489998,72.449997,100,72.489998,400,0.000000,0.000000
1480442892000,72.489998,72.449997,100,72.489998,400,0.000000,0.000000
1480442894000,72.489998,72.449997,100,72.489998,400,0.000000,0.000000
1480442896000,72.489998,72.449997,100,72.489998,400,0.000000,0.000000
1480442898000,72.489998,72.449997,100,72.489998,400,0.000000,0.000000
1480442900000,72.489998,72.449997,100,72.489998,400,0.000000,0.000000
1480442902000,72.489998,72.449997,100,72.489998,400,0.000000,0.000000
1480442904000,72.489998,72.449997,100,72.489998,400,0.000000,0.000000
1480442906000,72.489998,72.449997,100,72.489998,400,0.000000,0.000000
1480442908000,72.489998,72.449997,100,72.489998,400,0.000000,0.000000
1480442910000,72.489998,72.410004,100,72.459999,200,0.000000,0.000000
1480442912000,72.489998,72.410004,100,72.459999,200,0.000000,0.000000
1480442914000,72.489998,72.410004,100,72.459999,200,0.000000,0.000000
1480442917000,72.489998,72.410004,100,72.459999,200,0.000000,0.000000
1480442919000,72.489998,72.410004,100,72.459999,200,0.000000,0.000000
1480442921000,72.489998,72.410004,100,72.459999,200,0.000000,0.000000
1480442923000,72.489998,72.410004,100,72.459999,200,0.000000,0.000000
1480442925000,72.489998,72.410004,100,72.459999,200,0.000000,0.000000
1480442927000,72.489998,72.410004,100,72.459999,200,0.000000,0.000000
1480442929000,72.489998,72.410004,100,72.459999,200,0.000000,0.000000
1480442931000,72.489998,72.410004,100,72.459999,200,0.000000,0.000000
1480442933000,72.489998,72.410004,100,72.459999,200,0.000000,0.000000
1480442935000,72.489998,72.410004,100,72.459999,200,0.000000,0.000000
1480442937000,72.489998,72.410004,100,72.459999,200,0.000000,0.000000
1480442939000,72.489998,72.410004,100,72.459999,200,0.000000,0.000000
1480442941000,72.489998,72.410004,100,72.459999,200,0.000000,0.000000
1480442943000,72.489998,72.410004,100,72.459999,200,0.000000,0.000000
1480442945000,72.489998,72.410004,100,72.459999,200,0.000000,0.000000
1480442947000,72.489998,72.410004,100,72.459999,200,0.000000,0.000000
1480442949000,72.489998,72.410004,100,72.459999,200,0.000000,0.000000
1480442951000,72.489998,72.410004,100,72.459999,200,0.000000,0.000000
1480442953000,72.489998,72.410004,100,72.459999,200,0.000000,0.000000
1480442955000,72.489998,72.410004,100,72.459999,200,0.000000,0.000000
1480442958000,72.489998,72.410004,100,72.459999,200,0.000000,0.000000
1480442960000,72.489998,72.410004,100,72.459999,200,0.000000,0.000000
1480442962000,72.489998,72.410004,100,72.459999,200,0.000000,0.000000
1480442964000,72.489998,72.410004,100,72.459999,200,0.000000,0.000000
1480442966000,72.489998,72.410004,100,72.459999,200,0.000000,0.000000
1480442968000,72.489998,72.410004,100,72.459999,200,0.000000,0.000000
1480442970000,72.489998,72.330002,100,72.379997,200,0.000000,0.000000
1480442972000,72.489998,72.330002,100,72.379997,200,0.000000,0.000000
1480442974000,72.489998,72.330002,100,72.379997,200,0.000000,0.000000
1480442976000,72.489998,72.330002,100,72.379997,200,0.000000,0.000000
1480442978000,72.489998,72.330002,100,72.379997,200,0.000000,0.000000
1480442980000,72.489998,72.330002,100,72.379997,200,0.000000,0.000000
1480442982000,72.489998,72.330002,100,72.379997,200,0.000000,0.000000
1480442984000,72.489998,72.330002,100,72.379997,200,0.000000,0.000000
1480442986000,72.489998,72.330002,100,72.379997,200,0.000000,0.000000
1480442988000,72.489998,72.330002,100,72.379997,200,0.000000,0.000000
1480442990000,72.489998,72.330002,100,72.379997,200,0.000000,0.000000
1480442993000,72.489998,72.330002,100,72.379997,200,0.000000,0.000000
1480442995000,72.489998,72.330002,100,72.379997,200,0.000000,0.000000
1480442997000,72.489998,72.330002,100,72.379997,200,0.000000,0.000000
1480442999000,72.489998,72.330002,100,72.379997,200,0.000000,0.000000
1480443001000,72.485001,72.330002,100,72.379997,200,0.000000,0.000000
1480443003000,72.485001,72.330002,100,72.379997,200,0.000000,0.000000
1480443005000,72.485001,72.330002,100,72.379997,200,0.000000,0.000000
1480443007000,72.485001,72.330002,100,72.379997,200,0.000000,0.000000
1480443009000,72.485001,72.330002,100,72.379997,200,0.000000,0.000000
1480443011000,72.485001,72.330002,100,72.379997,200,0.000000,0.000000
1480443013000,72.485001,72.330002,100,72.379997,200,0.000000,0.000000
1480443015000,72.485001,72.330002,100,72.379997,200,0.000000,0.000000
1480443017000,72.485001,72.330002,100,72.379997,200,0.000000,0.000000
1480443019000,72.485001,72.330002,100,72.379997,200,0.000000,0.000000
1480443021000,72.485001,72.330002,100,72.379997,200,0.000000,0.000000
1480443023000,72.485001,72.330002,100,72.379997,200,0.000000,0.000000
1480443025000,72.485001,72.330002,100,72.379997,200,0.000000,0.000000
1480443027000,72.485001,72.330002,100,72.379997,200,0.000000,0.000000
1480443030000,72.485001,72.330002,100,72.379997,200,0.000000,0.000000
1480443032000,72.485001,72.360001,100,72.389999,200,0.000000,0.000000
1480443034000,72.485001,72.360001,100,72.389999,200,0.000000,0.000000
1480443036000,72.485001,72.360001,100,72.389999,200,0.000000,0.000000
1480443038000,72.485001,72.360001,100,72.389999,200,0.000000,0.000000
1480443040000,72.485001,72.360001,100,72.389999,200,0.000000,0.000000
1480443042000,72.485001,72.360001,100,72.389999,200,0.000000,0.000000
1480443044000,72.485001,72.360001,100,72.389999,200,0.000000,0.000000
1480443046000,72.485001,72.360001,100,72.389999,200,0.000000,0.000000
1480443048000,72.485001,72.360001,100,72.389999,200,0.000000,0.000000
1480443050000,72.485001,72.360001,100,72.389999,200,0.000000,0.000000
1480443052000,72.485001,72.360001,100,72.389999,200,0.000000,0.000000
1480443054000,72.485001,72.360001,100,72.389999,200,0.000000,0.000000
1480443056000,72.485001,72.360001,100,72.389999,200,0.000000,0.000000
1480443058000,72.485001,72.360001,100,72.389999,200,0.000000,0.000000
1480443060000,72.485001,72.360001,100,72.389999,200,0.000000,0.000000
1480443062000,72.485001,72.360001,100,72.389999,200,0.000000,0.000000
1480443065000,72.485001,72.360001,100,72.389999,200,0.000000,0.000000
1480443067000,72.485001,72.360001,100,72.389999,200,0.000000,0.000000
1480443069000,72.485001,72.360001,100,72.389999,200,0.000000,0.000000
1480443071000,72.485001,72.360001,100,72.389999,200,0.000000,0.000000
1480443073000,72.485001,72.360001,100,72.389999,200,0.000000,0.000000
1480443075000,72.485001,72.360001,100,72.389999,200,0.000000,0.000000
1480443077000,72.485001,72.360001,100,72.389999,200,0.000000,0.000000
1480443079000,72.485001,72.360001,100,72.389999,200,0.000000,0.000000
1480443081000,72.485001,72.360001,100,72.389999,200,0.000000,0.000000
1480443083000,72.485001,72.360001,100,72.389999,200,0.000000,0.000000
1480443085000,72.485001,72.360001,100,72.389999,200,0.000000,0.000000
1480443087000,72.485001,72.360001,100,72.389999,200,0.000000,0.000000
1480443089000,72.485001,72.360001,100,72.389999,200,0.000000,0.000000
1480443091000,72.485001,72.370003,100,72.400002,100,0.000000,0.000000
1480443093000,72.485001,72.370003,100,72.400002,100,0.000000,0.000000
1480443096000,72.485001,72.370003,100,72.400002,100,0.000000,0.000000
1480443098000,72.485001,72.370003,100,72.400002,100,0.000000,0.000000
1480443100000,72.485001,72.370003,100,72.400002,100,0.000000,0.000000
1480443102000,72.485001,72.370003,100,72.400002,100,0.000000,0.000000
1480443104000,72.485001,72.370003,100,72.400002,100,0.000000,0.000000
1480443106000,72.485001,72.370003,100,72.400002,100,0.000000,0.000000
1480443108000,72.485001,72.370003,100,72.400002,100,0.000000,0.000000
1480443110000,72.485001,72.370003,100,72.400002,100,0.000000,0.000000
1480443112000,72.485001,72.370003,100,72.400002,100,0.000000,0.000000
1480443114000,72.485001,72.370003,100,72.400002,100,0.000000,0.000000
1480443116000,72.485001,72.370003,100,72.400002,100,0.000000,0.000000
1480443118000,72.485001,72.370003,100,72.400002,100,0.000000,0.000000
1480443120000,72.485001,72.370003,100,72.400002,100,0.000000,0.000000
1480443122000,72.485001,72.370003,100,72.400002,100,0.000000,0.000000
1480443124000,72.485001,72.370003,100,72.400002,100,0.000000,0.000000
1480443126000,72.485001,72.370003,100,72.400002,100,0.000000,0.000000
1480443128000,72.485001,72.370003,100,72.400002,100,0.000000,0.000000
1480443131000,72.485001,72.370003,100,72.400002,100,0.000000,0.000000
1480443133000,72.485001,72.370003,100,72.400002,100,0.000000,0.000000
1480443135000,72.485001,72.370003,100,72.400002,100,0.000000,0.000000
1480443137000,72.485001,72.370003,100,72.400002,100,0.000000,0.000000
1480443139000,72.485001,72.370003,100,72.400002,100,0.000000,0.000000
1480443141000,72.485001,72.370003,100,72.400002,100,0.000000,0.000000
1480443143000,72.485001,72.370003,100,72.400002,100,0.000000,0.000000
1480443145000,72.485001,72.370003,100,72.400002,100,0.000000,0.000000
1480443147000,72.485001,72.370003,100,72.400002,100,0.000000,0.000000
1480443149000,72.485001,72.370003,100,72.400002,100,0.000000,0.000000
1480443151000,72.485001,72.410004,100,72.470001,100,0.000000,0.000000
1480443153000,72.485001,72.410004,100,72.470001,100,0.000000,0.000000
1480443155000,72.485001,72.410004,100,72.470001,100,0.000000,0.000000
1480443157000,72.485001,72.410004,100,72.470001,100,0.000000,0.000000
1480443159000,72.485001,72.410004,100,72.470001,100,0.000000,0.000000
1480443162000,72.485001,72.410004,100,72.470001,100,0.000000,0.000000
1480443164000,72.485001,72.410004,100,72.470001,100,0.000000,0.000000
1480443166000,72.485001,72.410004,100,72.470001,100,0.000000,0.000000
1480443168000,72.485001,72.410004,100,72.470001,100,0.000000,0.000000
1480443170000,72.485001,72.410004,100,72.470001,100,0.000000,0.000000
1480443172000,72.485001,72.410004,100,72.470001,100,0.000000,0.000000
1480443174000,72.485001,72.410004,100,72.470001,100,0.000000,0.000000
1480443176000,72.485001,72.410004,100,72.470001,100,0.000000,0.000000
1480443178000,72.485001,72.410004,100,72.470001,100,0.000000,0.000000
1480443180000,72.485001,72.410004,100,72.470001,100,0.000000,0.000000
1480443182000,72.485001,72.410004,100,72.470001,100,0.000000,0.000000
1480443184000,72.485001,72.410004,100,72.470001,100,0.000000,0.000000
1480443186000,72.485001,72.410004,100,72.470001,100,0.000000,0.000000
1480443188000,72.485001,72.410004,100,72.470001,100,0.000000,0.000000
1480443190000,72.485001,72.410004,100,72.470001,100,0.000000,0.000000
1480443192000,72.485001,72.410004,100,72.470001,100,0.000000,0.000000
1480443194000,72.485001,72.410004,100,72.470001,100,0.000000,0.000000
1480443196000,72.485001,72.410004,100,72.470001,100,0.000000,0.000000
1480443198000,72.485001,72.410004,100,72.470001,100,0.000000,0.000000
1480443200000,72.485001,72.410004,100,72.470001,100,0.000000,0.000000
1480443203000,72.485001,72.410004,100,72.470001,100,0.000000,0.000000
1480443205000,72.485001,72.410004,100,72.470001,100,0.000000,0.000000
1480443207000,72.485001,72.410004,100,72.470001,100,0.000000,0.000000
1480443209000,72.485001,72.410004,100,72.470001,100,0.000000,0.000000
1480443211000,72.485001,72.419998,200,72.529999,100,0.000000,0.000000
1480443213000,72.485001,72.419998,200,72.529999,100,0.000000,0.000000
1480443215000,72.485001,72.419998,200,72.529999,100,0.000000,0.000000
1480443217000,72.485001,72.419998,200,72.529999,100,0.000000,0.000000
1480443219000,72.485001,72.419998,200,72.529999,100,0.000000,0.000000
1480443221000,72.485001,72.419998,200,72.529999,100,0.000000,0.000000
1480443223000,72.485001,72.419998,200,72.529999,100,0.000000,0.000000
1480443225000,72.485001,72.419998,200,72.529999,100,0.000000,0.000000
1480443227000,72.485001,72.419998,200,72.529999,100,0.000000,0.000000
1480443229000,72.485001,72.419998,200,72.529999,100,0.000000,0.000000
1480443231000,72.485001,72.419998,200,72.529999,100,0.000000,0.000000
1480443233000,72.485001,72.419998,200,72.529999,100,0.000000,0.000000
1480443235000,72.485001,72.419998,200,72.529999,100,0.000000,0.000000
1480443237000,72.485001,72.419998,200,72.529999,100,0.000000,0.000000
1480443240000,72.485001,72.419998,200,72.529999,100,0.000000,0.000000
1480443242000,72.485001,72.419998,200,72.529999,100,0.000000,0.000000
1480443244000,72.485001,72.419998,200,72.529999,100,0.000000,0.000000
1480443246000,72.485001,72.419998,200,72.529999,100,0.000000,0.000000
1480443248000,72.485001,72.419998,200,72.529999,100,0.000000,0.000000
1480443250000,72.485001,72.419998,200,72.529999,100,0.000000,0.000000
1480443252000,72.485001,72.419998,200,72.529999,100,0.000000,0.000000
1480443254000,72.485001,72.419998,200,72.529999,100,0.000000,0.000000
1480443256000,72.485001,72.419998,200,72.529999,100,0.000000,0.000000
1480443258000,72.485001,72.419998,200,72.529999,100,0.000000,0.000000
1480443260000,72.485001,72.419998,200,72.529999,100,0.000000,0.000000
1480443262000,72.485001,72.419998,200,72.529999,100,0.000000,0.000000
1480443264000,72.485001,72.419998,200,72.529999,100,0.000000,0.000000
1480443266000,72.485001,72.419998,200,72.529999,100,0.000000,0.000000
1480443268000,72.485001,72.419998,200,72.529999,100,0.000000,0.000000
1480443270000,72.485001,72.430000,200,72.529999,100,0.000000,0.000000
1480443272000,72.485001,72.430000,200,72.529999,100,0.000000,0.000000
1480443274000,72.485001,72.430000,200,72.529999,100,0.000000,0.000000
1480443277000,72.485001,72.430000,200,72.529999,100,0.000000,0.000000
1480443279000,72.485001,72.430000,200,72.529999,100,0.000000,0.000000
1480443281000,72.485001,72.430000,200,72.529999,100,0.000000,0.000000
1480443283000,72.485001,72.430000,200,72.529999,100,0.000000,0.000000
1480443285000,72.485001,72.430000,200,72.529999,100,0.000000,0.000000
1480443287000,72.485001,72.430000,200,72.529999,100,0.000000,0.000000
1480443289000,72.485001,72.430000,200,72.529999,100,0.000000,0.000000
1480443291000,72.485001,72.430000,200,72.529999,100,0.000000,0.000000
1480443293000,72.485001,72.430000,200,72.529999,100,0.000000,0.000000
1480443295000,72.485001,72.430000,200,72.529999,100,0.000000,0.000000
1480443297000,72.485001,72.430000,200,72.529999,100,0.000000,0.000000
1480443299000,72.485001,72.430000,200,72.529999,100,0.000000,0.000000
1480443301000,72.485001,72.430000,200,72.529999,100,0.000000,0.000000
1480443303000,72.485001,72.430000,200,72.529999,100,0.000000,0.000000
1480443305000,72.485001,72.430000,200,72.529999,100,0.000000,0.000000
1480443307000,72.485001,72.430000,200,72.529999,100,0.000000,0.000000
1480443309000,72.485001,72.430000,200,72.529999,100,0.000000,0.000000
1480443311000,72.485001,72.430000,200,72.529999,100,0.000000,0.000000
1480443314000,72.485001,72.430000,200,72.529999,100,0.000000,0.000000
1480443316000,72.485001,72.430000,200,72.529999,100,0.000000,0.000000
1480443318000,72.485001,72.430000,200,72.529999,100,0.000000,0.000000
1480443320000,72.485001,72.430000,200,72.529999,100,0.000000,0.000000
1480443322000,72.485001,72.430000,200,72.529999,100,0.000000,0.000000
1480443324000,72.485001,72.430000,200,72.529999,100,0.000000,0.000000
1480443326000,72.485001,72.430000,200,72.529999,100,0.000000,0.000000
1480443328000,72.485001,72.430000,200,72.529999,100,0.000000,0.000000
1480443330000,72.485001,72.430000,200,72.529999,100,0.000000,0.000000
1480443332000,72.485001,72.440002,100,72.550003,200,0.000000,0.000000
1480443334000,72.485001,72.440002,100,72.550003,200,0.000000,0.000000
1480443336000,72.485001,72.440002,100,72.550003,200,0.000000,0.000000
1480443338000,72.485001,72.440002,100,72.550003,200,0.000000,0.000000
1480443340000,72.485001,72.440002,100,72.550003,200,0.000000,0.000000
1480443342000,72.485001,72.440002,100,72.550003,200,0.000000,0.000000
1480443344000,72.580002,72.440002,100,72.550003,200,0.000000,0.000000
1480443346000,72.580002,72.440002,100,72.550003,200,0.000000,0.000000
1480443348000,72.580002,72.440002,100,72.550003,200,0.000000,0.000000
1480443351000,72.580002,72.440002,100,72.550003,200,0.000000,0.000000
1480443353000,72.580002,72.440002,100,72.550003,200,0.000000,0.000000
1480443355000,72.580002,72.440002,100,72.550003,200,0.000000,0.000000
1480443357000,72.580002,72.440002,100,72.550003,200,0.000000,0.000000
1480443359000,72.580002,72.440002,100,72.550003,200,0.000000,0.000000
1480443361000,72.580002,72.440002,100,72.550003,200,0.000000,0.000000
1480443363000,72.580002,72.440002,100,72.550003,200,0.000000,0.000000
1480443365000,72.580002,72.440002,100,72.550003,200,0.000000,0.000000
1480443367000,72.580002,72.440002,100,72.550003,200,0.000000,0.000000
1480443369000,72.580002,72.440002,100,72.550003,200,0.000000,0.000000
1480443371000,72.580002,72.440002,100,72.550003,200,0.000000,0.000000
1480443373000,72.580002,72.440002,100,72.550003,200,0.000000,0.000000
1480443375000,72.580002,72.440002,100,72.550003,200,0.000000,0.000000
1480443377000,72.580002,72.440002,100,72.550003,200,0.000000,0.000000
1480443379000,72.580002,72.440002,100,72.550003,200,0.000000,0.000000
1480443381000,72.580002,72.440002,100,72.550003,200,0.000000,0.000000
1480443383000,72.580002,72.440002,100,72.550003,200,0.000000,0.000000
1480443386000,72.580002,72.440002,100,72.550003,200,0.000000,0.000000
1480443388000,72.580002,72.440002,100,72.550003,200,0.000000,0.000000
1480443390000,72.580002,72.440002,100,72.550003,200,0.000000,0.000000
1480443392000,72.580002,72.440002,100,72.529999,100,0.000000,0.000000
1480443394000,72.580002,72.440002,100,72.529999,100,0.000000,0.000000
1480443396000,72.580002,72.440002,100,72.529999,100,0.000000,0.000000
1480443398000,72.580002,72.440002,100,72.529999,100,0.000000,0.000000
1480443400000,72.580002,72.440002,100,72.529999,100,0.000000,0.000000
1480443402000,72.580002,72.440002,100,72.529999,100,0.000000,0.000000
1480443404000,72.580002,72.440002,100,72.529999,100,0.000000,0.000000
1480443406000,72.580002,72.440002,100,72.529999,100,0.000000,0.000000
1480443408000,72.580002,72.440002,100,72.529999,100,0.000000,0.000000
1480443410000,72.580002,72.440002,100,72.529999,100,0.000000,0.000000
1480443412000,72.580002,72.440002,100,72.529999,100,0.000000,0.000000
1480443414000,72.580002,72.440002,100,72.529999,100,0.000000,0.000000
1480443416000,72.580002,72.440002,100,72.529999,100,0.000000,0.000000
1480443418000,72.580002,72.440002,100,72.529999,100,0.000000,0.000000
1480443420000,72.580002,72.440002,100,72.529999,100,0.000000,0.000000
1480443423000,72.580002,72.440002,100,72.529999,100,0.000000,0.000000
1480443425000,72.580002,72.440002,100,72.529999,100,0.000000,0.000000
1480443427000,72.580002,72.440002,100,72.529999,100,0.000000,0.000000
1480443429000,72.580002,72.440002,100,72.529999,100,0.000000,0.000000
1480443431000,72.580002,72.440002,100,72.529999,100,0.000000,0.000000
1480443433000,72.580002,72.440002,100,72.529999,100,0.000000,0.000000
1480443435000,72.580002,72.440002,100,72.529999,100,0.000000,0.000000
1480443437000,72.580002,72.440002,100,72.529999,100,0.000000,0.000000
1480443439000,72.580002,72.440002,100,72.529999,100,0.000000,0.000000
1480443441000,72.580002,72.440002,100,72.529999,100,0.000000,0.000000
1480443443000,72.580002,72.440002,100,72.529999,100,0.000000,0.000000
1480443445000,72.580002,72.440002,100,72.529999,100,0.000000,0.000000
1480443448000,72.580002,72.440002,100,72.529999,100,0.000000,0.000000
1480443450000,72.580002,72.440002,100,72.529999,100,0.000000,0.000000
1480443452000,72.580002,72.430000,100,72.550003,300,0.000000,0.000000
1480443454000,72.580002,72.430000,100,72.550003,300,0.000000,0.000000
1480443456000,72.580002,72.430000,100,72.550003,300,0.000000,0.000000
1480443458000,72.580002,72.430000,100,72.550003,300,0.000000,0.000000
1480443460000,72.580002,72.430000,100,72.550003,300,0.000000,0.000000
1480443462000,72.580002,72.430000,100,72.550003,300,0.000000,0.000000
1480443464000,72.580002,72.430000,100,72.550003,300,0.000000,0.000000
1480443466000,72.580002,72.430000,100,72.550003,300,0.000000,0.000000
1480443468000,72.580002,72.430000,100,72.550003,300,0.000000,0.000000
1480443470000,72.580002,72.430000,100,72.550003,300,0.000000,0.000000
1480443472000,72.580002,72.430000,100,72.550003,300,0.000000,0.000000
1480443474000,72.580002,72.430000,100,72.550003,300,0.000000,0.000000
1480443477000,72.580002,72.430000,100,72.550003,300,0.000000,0.000000
1480443479000,72.580002,72.430000,100,72.550003,300,0.000000,0.000000
1480443483000,72.580002,72.430000,100,72.550003,300,0.000000,0.000000
1480443485000,72.580002,72.430000,100,72.550003,300,0.000000,0.000000
1480443487000,72.580002,72.430000,100,72.550003,300,0.000000,0.000000
1480443490000,72.580002,72.430000,100,72.550003,300,0.000000,0.000000
1480443492000,72.580002,72.430000,100,72.550003,300,0.000000,0.000000
1480443502000,72.580002,72.430000,100,72.550003,300,0.000000,0.000000
1480443504000,72.629997,72.430000,100,72.550003,300,0.000000,0.000000
1480443506000,72.629997,72.430000,100,72.550003,300,0.000000,0.000000
1480443508000,72.629997,72.430000,100,72.550003,300,0.000000,0.000000
1480443510000,72.629997,72.440002,100,72.500000,100,0.000000,0.000000
1480443512000,72.629997,72.440002,100,72.500000,100,0.000000,0.000000
1480443514000,72.629997,72.440002,100,72.500000,100,0.000000,0.000000
1480443516000,72.629997,72.440002,100,72.500000,100,0.000000,0.000000
1480443518000,72.629997,72.440002,100,72.500000,100,0.000000,0.000000
1480443520000,72.629997,72.440002,100,72.500000,100,0.000000,0.000000
1480443523000,72.629997,72.440002,100,72.500000,100,0.000000,0.000000
1480443525000,72.629997,72.440002,100,72.500000,100,0.000000,0.000000
1480443527000,72.629997,72.440002,100,72.500000,100,0.000000,0.000000
1480443529000,72.629997,72.440002,100,72.500000,100,0.000000,0.000000
1480443531000,72.629997,72.440002,100,72.500000,100,0.000000,0.000000
1480443533000,72.629997,72.440002,100,72.500000,100,0.000000,0.000000
1480443535000,72.629997,72.440002,100,72.500000,100,0.000000,0.000000
1480443537000,72.629997,72.440002,100,72.500000,100,0.000000,0.000000
1480443539000,72.629997,72.440002,100,72.500000,100,0.000000,0.000000
1480443541000,72.629997,72.440002,100,72.500000,100,0.000000,0.000000
1480443543000,72.629997,72.440002,100,72.500000,100,0.000000,0.000000
1480443545000,72.629997,72.440002,100,72.500000,100,0.000000,0.000000
1480443547000,72.629997,72.440002,100,72.500000,100,0.000000,0.000000
1480443549000,72.629997,72.440002,100,72.500000,100,0.000000,0.000000
1480443551000,72.629997,72.440002,100,72.500000,100,0.000000,0.000000
1480443553000,72.629997,72.440002,100,72.500000,100,0.000000,0.000000
1480443555000,72.629997,72.440002,100,72.500000,100,0.000000,0.000000
1480443557000,72.629997,72.440002,100,72.500000,100,0.000000,0.000000
1480443559000,72.629997,72.440002,100,72.500000,100,0.000000,0.000000
1480443562000,72.629997,72.440002,100,72.500000,100,0.000000,0.000000
1480443564000,72.629997,72.440002,100,72.500000,100,0.000000,0.000000
1480443566000,72.629997,72.440002,100,72.500000,100,0.000000,0.000000
1480443568000,72.629997,72.440002,100,72.500000,100,0.000000,0.000000
1480443570000,72.629997,72.440002,100,72.500000,100,0.000000,0.000000
1480443572000,72.629997,72.440002,100,72.500000,100,0.000000,0.000000
1480443574000,72.629997,72.440002,100,72.500000,100,0.000000,0.000000
1480443576000,72.629997,72.440002,100,72.500000,100,0.000000,0.000000
1480443578000,72.629997,72.440002,100,72.500000,100,0.000000,0.000000
1480443580000,72.629997,72.440002,100,72.500000,100,0.000000,0.000000
1480443582000,72.629997,72.440002,100,72.500000,100,0.000000,0.000000
1480443584000,72.629997,72.440002,100,72.500000,100,0.000000,0.000000
1480443586000,72.629997,72.440002,100,72.500000,100,0.000000,0.000000
1480443588000,72.629997,72.440002,100,72.500000,100,0.000000,0.000000
1480443590000,72.629997,72.440002,100,72.500000,100,0.000000,0.000000
1480443592000,72.629997,72.440002,100,72.500000,100,0.000000,0.000000
1480443595000,72.629997,72.440002,100,72.500000,100,0.000000,0.000000
1480443597000,72.629997,72.440002,100,72.500000,100,0.000000,0.000000
1480443599000,72.629997,72.440002,100,72.500000,100,0.000000,0.000000
1480443601000,72.629997,72.440002,100,72.500000,100,0.000000,0.000000
1480443603000,72.629997,72.440002,100,72.500000,100,0.000000,0.000000
1480443605000,72.629997,72.440002,100,72.500000,100,0.000000,0.000000
1480443607000,72.629997,72.440002,100,72.500000,100,0.000000,0.000000
1480443609000,72.629997,72.440002,100,72.500000,100,0.000000,0.000000
1480443611000,72.629997,72.440002,100,72.500000,100,0.000000,0.000000
1480443613000,72.629997,72.440002,100,72.500000,100,0.000000,0.000000
1480443615000,72.629997,72.440002,100,72.500000,100,0.000000,0.000000
1480443617000,72.629997,72.440002,100,72.500000,100,0.000000,0.000000
1480443619000,72.629997,72.440002,100,72.500000,100,0.000000,0.000000
1480443621000,72.629997,72.440002,100,72.500000,100,0.000000,0.000000
1480443623000,72.629997,72.440002,100,72.500000,100,0.000000,0.000000
1480443625000,72.629997,72.440002,100,72.500000,100,0.000000,0.000000
1480443628000,72.629997,72.440002,100,72.500000,100,0.000000,0.000000
1480443630000,72.629997,72.440002,100,72.500000,100,0.000000,0.000000
1480443632000,72.629997,72.440002,100,72.489998,200,0.000000,0.000000
1480443634000,72.629997,72.440002,100,72.489998,200,0.000000,0.000000
1480443636000,72.629997,72.440002,100,72.489998,200,0.000000,0.000000
1480443638000,72.629997,72.440002,100,72.489998,200,0.000000,0.000000
1480443640000,72.629997,72.440002,100,72.489998,200,0.000000,0.000000
1480443642000,72.629997,72.440002,100,72.489998,200,0.000000,0.000000
1480443644000,72.629997,72.440002,100,72.489998,200,0.000000,0.000000
1480443646000,72.629997,72.440002,100,72.489998,200,0.000000,0.000000
1480443648000,72.629997,72.440002,100,72.489998,200,0.000000,0.000000
1480443650000,72.629997,72.440002,100,72.489998,200,0.000000,0.000000
1480443652000,72.629997,72.440002,100,72.489998,200,0.000000,0.000000
1480443654000,72.629997,72.440002,100,72.489998,200,0.000000,0.000000
1480443656000,72.629997,72.440002,100,72.489998,200,0.000000,0.000000
1480443658000,72.629997,72.440002,100,72.489998,200,0.000000,0.000000
1480443660000,72.629997,72.440002,100,72.489998,200,0.000000,0.000000
1480443663000,72.629997,72.440002,100,72.489998,200,0.000000,0.000000
1480443665000,72.629997,72.440002,100,72.489998,200,0.000000,0.000000
1480443667000,72.629997,72.440002,100,72.489998,200,0.000000,0.000000
1480443669000,72.629997,72.440002,100,72.489998,200,0.000000,0.000000
1480443671000,72.629997,72.440002,100,72.489998,200,0.000000,0.000000
1480443673000,72.629997,72.440002,100,72.489998,200,0.000000,0.000000
1480443675000,72.629997,72.440002,100,72.489998,200,0.000000,0.000000
1480443677000,72.629997,72.440002,100,72.489998,200,0.000000,0.000000
1480443679000,72.629997,72.440002,100,72.489998,200,0.000000,0.000000
1480443681000,72.669998,72.440002,100,72.489998,200,0.000000,0.000000
1480443683000,72.669998,72.440002,100,72.489998,200,0.000000,0.000000
1480443685000,72.669998,72.440002,100,72.489998,200,0.000000,0.000000
1480443687000,72.669998,72.440002,100,72.489998,200,0.000000,0.000000
1480443689000,72.669998,72.440002,100,72.489998,200,0.000000,0.000000
1480443691000,72.669998,72.440002,200,72.489998,300,0.000000,0.000000
1480443693000,72.669998,72.440002,200,72.489998,300,0.000000,0.000000
1480443695000,72.669998,72.440002,200,72.489998,300,0.000000,0.000000
1480443697000,72.669998,72.440002,200,72.489998,300,0.000000,0.000000
1480443699000,72.669998,72.440002,200,72.489998,300,0.000000,0.000000
1480443701000,72.669998,72.440002,200,72.489998,300,0.000000,0.000000
1480443704000,72.669998,72.440002,200,72.489998,300,0.000000,0.000000
1480443706000,72.669998,72.440002,200,72.489998,300,0.000000,0.000000
1480443708000,72.669998,72.440002,200,72.489998,300,0.000000,0.000000
1480443710000,72.669998,72.440002,200,72.489998,300,0.000000,0.000000
1480443712000,72.669998,72.440002,200,72.489998,300,0.000000,0.000000
1480443714000,72.669998,72.440002,200,72.489998,300,0.000000,0.000000
1480443716000,72.669998,72.440002,200,72.489998,300,0.000000,0.000000
1480443718000,72.669998,72.440002,200,72.489998,300,0.000000,0.000000
1480443720000,72.669998,72.440002,200,72.489998,300,0.000000,0.000000
1480443722000,72.669998,72.440002,200,72.489998,300,0.000000,0.000000
1480443724000,72.669998,72.440002,200,72.489998,300,0.000000,0.000000
1480443726000,72.669998,72.440002,200,72.489998,300,0.000000,0.000000
1480443728000,72.669998,72.440002,200,72.489998,300,0.000000,0.000000
1480443730000,72.669998,72.440002,200,72.489998,300,0.000000,0.000000
1480443732000,72.669998,72.440002,200,72.489998,300,0.000000,0.000000
1480443734000,72.669998,72.440002,200,72.489998,300,0.000000,0.000000
1480443736000,72.669998,72.440002,200,72.489998,300,0.000000,0.000000
1480443738000,72.669998,72.440002,200,72.489998,300,0.000000,0.000000
1480443741000,72.669998,72.440002,200,72.489998,300,0.000000,0.000000
1480443743000,72.669998,72.440002,200,72.489998,300,0.000000,0.000000
1480443745000,72.669998,72.440002,200,72.489998,300,0.000000,0.000000
1480443747000,72.669998,72.440002,200,72.489998,300,0.000000,0.000000
1480443749000,72.669998,72.440002,200,72.489998,300,0.000000,0.000000
1480443751000,72.669998,72.440002,200,72.489998,300,0.000000,0.000000
1480443753000,72.669998,72.440002,200,72.489998,300,0.000000,0.000000
1480443755000,72.669998,72.440002,200,72.489998,300,0.000000,0.000000
1480443757000,72.669998,72.440002,200,72.489998,300,0.000000,0.000000
1480443759000,72.669998,72.440002,200,72.489998,300,0.000000,0.000000
1480443761000,72.669998,72.440002,200,72.489998,300,0.000000,0.000000
1480443763000,72.669998,72.440002,200,72.489998,300,0.000000,0.000000
1480443765000,72.669998,72.440002,200,72.489998,300,0.000000,0.000000
1480443767000,72.669998,72.440002,200,72.489998,300,0.000000,0.000000
1480443769000,72.669998,72.440002,200,72.489998,300,0.000000,0.000000
1480443771000,72.669998,72.440002,200,72.489998,300,0.000000,0.000000
1480443773000,72.669998,72.440002,200,72.489998,300,0.000000,0.000000
1480443775000,72.669998,72.440002,200,72.489998,300,0.000000,0.000000
1480443778000,72.669998,72.440002,200,72.489998,300,0.000000,0.000000
1480443780000,72.669998,72.440002,200,72.489998,300,0.000000,0.000000
1480443782000,72.669998,72.440002,200,72.489998,300,0.000000,0.000000
1480443784000,72.669998,72.440002,200,72.489998,300,0.000000,0.000000
1480443786000,72.639999,72.440002,200,72.489998,300,0.000000,0.000000
1480443788000,72.639999,72.440002,200,72.489998,300,0.000000,0.000000
1480443790000,72.639999,72.440002,200,72.489998,300,0.000000,0.000000
1480443792000,72.639999,72.440002,200,72.489998,300,0.000000,0.000000
1480443794000,72.639999,72.440002,200,72.489998,300,0.000000,0.000000
1480443796000,72.639999,72.440002,200,72.489998,300,0.000000,0.000000
1480443798000,72.639999,72.440002,200,72.489998,300,0.000000,0.000000
1480443800000,72.639999,72.440002,200,72.489998,300,0.000000,0.000000
1480443802000,72.639999,72.440002,200,72.489998,300,0.000000,0.000000
1480443804000,72.639999,72.440002,200,72.489998,300,0.000000,0.000000
1480443806000,72.639999,72.440002,200,72.489998,300,0.000000,0.000000
1480443808000,72.639999,72.440002,200,72.489998,300,0.000000,0.000000
1480443810000,72.639999,72.440002,200,72.489998,300,0.000000,0.000000
1480443812000,72.639999,72.440002,200,72.489998,300,0.000000,0.000000
1480443815000,72.639999,72.440002,200,72.489998,300,0.000000,0.000000
1480443817000,72.639999,72.440002,200,72.489998,300,0.000000,0.000000
1480443819000,72.639999,72.440002,200,72.489998,300,0.000000,0.000000
1480443821000,72.639999,72.440002,200,72.489998,300,0.000000,0.000000
1480443823000,72.639999,72.440002,200,72.489998,300,0.000000,0.000000
1480443825000,72.639999,72.440002,200,72.489998,300,0.000000,0.000000
1480443827000,72.639999,72.440002,200,72.489998,300,0.000000,0.000000
1480443829000,72.720001,72.440002,200,72.489998,300,0.000000,0.000000
1480443831000,72.720001,72.440002,200,72.489998,300,0.000000,0.000000
1480443833000,72.720001,72.440002,200,72.489998,300,0.000000,0.000000
1480443835000,72.720001,72.440002,200,72.489998,300,0.000000,0.000000
1480443837000,72.720001,72.440002,200,72.489998,300,0.000000,0.000000
1480443839000,72.720001,72.440002,200,72.489998,300,0.000000,0.000000
1480443841000,72.720001,72.440002,200,72.489998,300,0.000000,0.000000
1480443843000,72.720001,72.440002,200,72.489998,300,0.000000,0.000000
1480443845000,72.739998,72.440002,200,72.489998,300,0.000000,0.000000
1480443848000,72.739998,72.440002,200,72.489998,300,0.000000,0.000000
1480443850000,72.739998,72.440002,200,72.489998,300,0.000000,0.000000
1480443852000,72.739998,72.440002,200,72.489998,300,0.000000,0.000000
1480443854000,72.739998,72.440002,200,72.489998,300,0.000000,0.000000
1480443856000,72.739998,72.440002,200,72.489998,300,0.000000,0.000000
1480443858000,72.739998,72.440002,200,72.489998,300,0.000000,0.000000
1480443860000,72.739998,72.440002,200,72.489998,300,0.000000,0.000000
1480443862000,72.739998,72.440002,200,72.489998,300,0.000000,0.000000
1480443864000,72.739998,72.440002,200,72.489998,300,0.000000,0.000000
1480443866000,72.739998,72.440002,200,72.489998,300,0.000000,0.000000
1480443868000,72.739998,72.440002,200,72.489998,300,0.000000,0.000000
1480443870000,72.750000,72.440002,200,72.489998,300,0.000000,0.000000
1480443872000,72.750000,72.440002,300,72.489998,300,0.000000,0.000000
1480443874000,72.750000,72.440002,300,72.489998,300,0.000000,0.000000
1480443876000,72.750000,72.440002,300,72.489998,300,0.000000,0.000000
1480443878000,72.669998,72.440002,300,72.489998,300,0.000000,0.000000
1480443880000,72.669998,72.440002,300,72.489998,300,0.000000,0.000000
1480443882000,72.669998,72.440002,300,72.489998,300,0.000000,0.000000
1480443885000,72.669998,72.440002,300,72.489998,300,0.000000,0.000000
1480443887000,72.669998,72.440002,300,72.489998,300,0.000000,0.000000
1480443889000,72.669998,72.440002,300,72.489998,300,0.000000,0.000000
1480443891000,72.669998,72.440002,300,72.489998,300,0.000000,0.000000
1480443893000,72.669998,72.440002,300,72.489998,300,0.000000,0.000000
1480443895000,72.669998,72.440002,300,72.489998,300,0.000000,0.000000
1480443897000,72.669998,72.440002,300,72.489998,300,0.000000,0.000000
1480443899000,72.669998,72.440002,300,72.489998,300,0.000000,0.000000
1480443901000,72.669998,72.440002,300,72.489998,300,0.000000,0.000000
1480443903000,72.669998,72.440002,300,72.489998,300,0.000000,0.000000
1480443905000,72.669998,72.440002,300,72.489998,300,0.000000,0.000000
1480443907000,72.669998,72.440002,300,72.489998,300,0.000000,0.000000
1480443909000,72.669998,72.440002,300,72.489998,300,0.000000,0.000000
1480443911000,72.669998,72.440002,300,72.489998,300,0.000000,0.000000
1480443913000,72.669998,72.440002,300,72.489998,300,0.000000,0.000000
1480443915000,72.669998,72.440002,300,72.489998,300,0.000000,0.000000
1480443918000,72.669998,72.440002,300,72.489998,300,0.000000,0.000000
1480443920000,72.669998,72.440002,300,72.489998,300,0.000000,0.000000
1480443922000,72.669998,72.440002,300,72.489998,300,0.000000,0.000000
1480443924000,72.669998,72.440002,300,72.489998,300,0.000000,0.000000
1480443926000,72.669998,72.440002,300,72.489998,300,0.000000,0.000000
1480443928000,72.669998,72.440002,300,72.489998,300,0.000000,0.000000
1480443930000,72.669998,72.440002,300,72.489998,300,0.000000,0.000000
1480443932000,72.669998,72.449997,500,72.580002,100,0.000000,0.000000
1480443934000,72.669998,72.449997,500,72.580002,100,0.000000,0.000000
1480443936000,72.669998,72.449997,500,72.580002,100,0.000000,0.000000
1480443938000,72.669998,72.449997,500,72.580002,100,0.000000,0.000000
1480443940000,72.669998,72.449997,500,72.580002,100,0.000000,0.000000
1480443942000,72.669998,72.449997,500,72.580002,100,0.000000,0.000000
1480443944000,72.669998,72.449997,500,72.580002,100,0.000000,0.000000
1480443946000,72.669998,72.449997,500,72.580002,100,0.000000,0.000000
1480443948000,72.669998,72.449997,500,72.580002,100,0.000000,0.000000
1480443950000,72.669998,72.449997,500,72.580002,100,0.000000,0.000000
1480443952000,72.764999,72.449997,500,72.580002,100,0.000000,0.000000
1480443955000,72.764999,72.449997,500,72.580002,100,0.000000,0.000000
1480443957000,72.764999,72.449997,500,72.580002,100,0.000000,0.000000
1480443959000,72.764999,72.449997,500,72.580002,100,0.000000,0.000000
1480443961000,72.764999,72.449997,500,72.580002,100,0.000000,0.000000
1480443963000,72.764999,72.449997,500,72.580002,100,0.000000,0.000000
1480443965000,72.764999,72.449997,500,72.580002,100,0.000000,0.000000
1480443967000,72.764999,72.449997,500,72.580002,100,0.000000,0.000000
1480443969000,72.764999,72.449997,500,72.580002,100,0.000000,0.000000
1480443971000,72.764999,72.449997,500,72.580002,100,0.000000,0.000000
1480443973000,72.764999,72.449997,500,72.580002,100,0.000000,0.000000
1480443975000,72.764999,72.449997,500,72.580002,100,0.000000,0.000000
1480443977000,72.764999,72.449997,500,72.580002,100,0.000000,0.000000
1480443979000,72.764999,72.449997,500,72.580002,100,0.000000,0.000000
1480443982000,72.764999,72.449997,500,72.580002,100,0.000000,0.000000
1480443984000,72.764999,72.449997,500,72.580002,100,0.000000,0.000000
1480443986000,72.764999,72.449997,500,72.580002,100,0.000000,0.000000
1480443988000,72.764999,72.449997,500,72.580002,100,0.000000,0.000000
1480443990000,72.764999,72.449997,500,72.580002,100,0.000000,0.000000
1480443992000,72.764999,72.500000,100,72.629997,100,0.000000,0.000000
1480443994000,72.764999,72.500000,100,72.629997,100,0.000000,0.000000
1480443996000,72.764999,72.500000,100,72.629997,100,0.000000,0.000000
1480443998000,72.764999,72.500000,100,72.629997,100,0.000000,0.000000
1480444000000,72.764999,72.500000,100,72.629997,100,0.000000,0.000000
1480444002000,72.764999,72.500000,100,72.629997,100,0.000000,0.000000
1480444004000,72.764999,72.500000,100,72.629997,100,0.000000,0.000000
1480444006000,72.764999,72.500000,100,72.629997,100,0.000000,0.000000
1480444008000,72.764999,72.500000,100,72.629997,100,0.000000,0.000000
1480444010000,72.764999,72.500000,100,72.629997,100,0.000000,0.000000
1480444012000,72.764999,72.500000,100,72.629997,100,0.000000,0.000000
1480444014000,72.764999,72.500000,100,72.629997,100,0.000000,0.000000
1480444017000,72.764999,72.500000,100,72.629997,100,0.000000,0.000000
1480444019000,72.764999,72.500000,100,72.629997,100,0.000000,0.000000
1480444021000,72.764999,72.500000,100,72.629997,100,0.000000,0.000000
1480444023000,72.764999,72.500000,100,72.629997,100,0.000000,0.000000
1480444025000,72.764999,72.500000,100,72.629997,100,0.000000,0.000000
1480444027000,72.764999,72.500000,100,72.629997,100,0.000000,0.000000
1480444029000,72.764999,72.500000,100,72.629997,100,0.000000,0.000000
1480444031000,72.764999,72.500000,100,72.629997,100,0.000000,0.000000
1480444033000,72.764999,72.500000,100,72.629997,100,0.000000,0.000000
1480444035000,72.764999,72.500000,100,72.629997,100,0.000000,0.000000
1480444037000,72.764999,72.500000,100,72.629997,100,0.000000,0.000000
1480444039000,72.764999,72.500000,100,72.629997,100,0.000000,0.000000
1480444041000,72.764999,72.500000,100,72.629997,100,0.000000,0.000000
1480444043000,72.764999,72.500000,100,72.629997,100,0.000000,0.000000
1480444045000,72.764999,72.500000,100,72.629997,100,0.000000,0.000000
1480444047000,72.764999,72.500000,100,72.629997,100,0.000000,0.000000
1480444050000,72.764999,72.500000,100,72.629997,100,0.000000,0.000000
1480444052000,72.764999,72.510002,200,72.629997,100,0.000000,0.000000
1480444054000,72.764999,72.510002,200,72.629997,100,0.000000,0.000000
1480444056000,72.764999,72.510002,200,72.629997,100,0.000000,0.000000
1480444058000,72.764999,72.510002,200,72.629997,100,0.000000,0.000000
1480444060000,72.764999,72.510002,200,72.629997,100,0.000000,0.000000
1480444062000,72.764999,72.510002,200,72.629997,100,0.000000,0.000000
1480444064000,72.764999,72.510002,200,72.629997,100,0.000000,0.000000
1480444066000,72.764999,72.510002,200,72.629997,100,0.000000,0.000000
1480444068000,72.764999,72.510002,200,72.629997,100,0.000000,0.000000
1480444070000,72.764999,72.510002,200,72.629997,100,0.000000,0.000000
1480444072000,72.764999,72.510002,200,72.629997,100,0.000000,0.000000
1480444074000,72.764999,72.510002,200,72.629997,100,0.000000,0.000000
1480444076000,72.764999,72.510002,200,72.629997,100,0.000000,0.000000
1480444078000,72.764999,72.510002,200,72.629997,100,0.000000,0.000000
1480444080000,72.764999,72.510002,200,72.629997,100,0.000000,0.000000
1480444082000,72.764999,72.510002,200,72.629997,100,0.000000,0.000000
1480444084000,72.764999,72.510002,200,72.629997,100,0.000000,0.000000
1480444087000,72.764999,72.510002,200,72.629997,100,0.000000,0.000000
1480444089000,72.764999,72.510002,200,72.629997,100,0.000000,0.000000
1480444091000,72.764999,72.510002,200,72.629997,100,0.000000,0.000000
1480444093000,72.764999,72.510002,200,72.629997,100,0.000000,0.000000
1480444095000,72.764999,72.510002,200,72.629997,100,0.000000,0.000000
1480444097000,72.764999,72.510002,200,72.629997,100,0.000000,0.000000
1480444099000,72.764999,72.510002,200,72.629997,100,0.000000,0.000000
1480444101000,72.764999,72.510002,200,72.629997,100,0.000000,0.000000
1480444103000,72.764999,72.510002,200,72.629997,100,0.000000,0.000000
1480444105000,72.764999,72.510002,200,72.629997,100,0.000000,0.000000
1480444107000,72.764999,72.510002,200,72.629997,100,0.000000,0.000000
1480444109000,72.809998,72.510002,200,72.629997,100,0.000000,0.000000
1480444111000,72.809998,72.510002,200,72.629997,100,0.000000,0.000000
1480444113000,72.809998,72.519997,200,72.629997,100,0.000000,0.000000
1480444115000,72.809998,72.519997,200,72.629997,100,0.000000,0.000000
1480444117000,72.809998,72.519997,200,72.629997,100,0.000000,0.000000
1480444119000,72.809998,72.519997,200,72.629997,100,0.000000,0.000000
1480444121000,72.809998,72.519997,200,72.629997,100,0.000000,0.000000
1480444124000,72.809998,72.519997,200,72.629997,100,0.000000,0.000000
1480444126000,72.809998,72.519997,200,72.629997,100,0.000000,0.000000
1480444128000,72.809998,72.519997,200,72.629997,100,0.000000,0.000000
1480444130000,72.809998,72.519997,200,72.629997,100,0.000000,0.000000
1480444132000,72.809998,72.519997,200,72.629997,100,0.000000,0.000000
1480444134000,72.809998,72.519997,200,72.629997,100,0.000000,0.000000
1480444136000,72.809998,72.519997,200,72.629997,100,0.000000,0.000000
1480444138000,72.809998,72.519997,200,72.629997,100,0.000000,0.000000
1480444140000,72.809998,72.519997,200,72.629997,100,0.000000,0.000000
1480444142000,72.809998,72.519997,200,72.629997,100,0.000000,0.000000
1480444144000,72.809998,72.519997,200,72.629997,100,0.000000,0.000000
1480444146000,72.809998,72.519997,200,72.629997,100,0.000000,0.000000
1480444148000,72.809998,72.519997,200,72.629997,100,0.000000,0.000000
1480444150000,72.809998,72.519997,200,72.629997,100,0.000000,0.000000
1480444152000,72.809998,72.519997,200,72.629997,100,0.000000,0.000000
1480444154000,72.809998,72.519997,200,72.629997,100,0.000000,0.000000
1480444156000,72.809998,72.519997,200,72.629997,100,0.000000,0.000000
1480444158000,72.809998,72.519997,200,72.629997,100,0.000000,0.000000
1480444160000,72.809998,72.519997,200,72.629997,100,0.000000,0.000000
1480444163000,72.809998,72.519997,200,72.629997,100,0.000000,0.000000
1480444165000,72.809998,72.519997,200,72.629997,100,0.000000,0.000000
1480444167000,72.809998,72.519997,200,72.629997,100,0.000000,0.000000
1480444169000,72.809998,72.519997,200,72.629997,100,0.000000,0.000000
1480444171000,72.809998,72.519997,200,72.629997,100,0.000000,0.000000
1480444173000,72.809998,72.519997,200,72.629997,100,0.000000,0.000000
1480444175000,72.809998,72.519997,200,72.629997,100,0.000000,0.000000
1480444177000,72.809998,72.519997,200,72.629997,100,0.000000,0.000000
1480444179000,72.809998,72.519997,200,72.629997,100,0.000000,0.000000
1480444181000,72.809998,72.519997,200,72.629997,100,0.000000,0.000000
1480444183000,72.809998,72.519997,200,72.629997,100,0.000000,0.000000
1480444185000,72.809998,72.519997,200,72.629997,100,0.000000,0.000000
1480444187000,72.809998,72.519997,200,72.629997,100,0.000000,0.000000
1480444189000,72.809998,72.519997,200,72.629997,100,0.000000,0.000000
1480444191000,72.809998,72.519997,200,72.629997,100,0.000000,0.000000
1480444193000,72.809998,72.519997,200,72.629997,100,0.000000,0.000000
1480444196000,72.809998,72.519997,200,72.629997,100,0.000000,0.000000
1480444198000,72.809998,72.519997,200,72.629997,100,0.000000,0.000000
1480444200000,72.809998,72.519997,200,72.629997,100,0.000000,0.000000
1480444202000,72.809998,72.519997,200,72.629997,100,0.000000,0.000000
1480444204000,72.809998,72.519997,200,72.629997,100,0.000000,0.000000
1480444206000,72.809998,72.519997,200,72.629997,100,0.000000,0.000000
1480444208000,72.809998,72.519997,200,72.629997,100,0.000000,0.000000
1480444210000,72.809998,72.519997,200,72.629997,100,0.000000,0.000000
1480444212000,72.809998,72.519997,200,72.629997,100,0.000000,0.000000
1480444214000,72.809998,72.519997,200,72.629997,100,0.000000,0.000000
1480444216000,72.809998,72.519997,200,72.629997,100,0.000000,0.000000
1480444218000,72.809998,72.519997,200,72.629997,100,0.000000,0.000000
1480444220000,72.809998,72.519997,200,72.629997,100,0.000000,0.000000
1480444222000,72.809998,72.519997,200,72.629997,100,0.000000,0.000000
1480444224000,72.809998,72.519997,200,72.629997,100,0.000000,0.000000
1480444226000,72.809998,72.519997,200,72.629997,100,0.000000,0.000000
1480444229000,72.809998,72.519997,200,72.629997,100,0.000000,0.000000
1480444231000,72.809998,72.519997,200,72.629997,100,0.000000,0.000000
1480444233000,72.809998,72.529999,200,72.629997,100,0.000000,0.000000
1480444235000,72.809998,72.529999,200,72.629997,100,0.000000,0.000000
1480444237000,72.809998,72.529999,200,72.629997,100,0.000000,0.000000
1480444239000,72.809998,72.529999,200,72.629997,100,0.000000,0.000000
1480444241000,72.809998,72.529999,200,72.629997,100,0.000000,0.000000
1480444243000,72.809998,72.529999,200,72.629997,100,0.000000,0.000000
1480444245000,72.809998,72.529999,200,72.629997,100,0.000000,0.000000
1480444247000,72.809998,72.529999,200,72.629997,100,0.000000,0.000000
1480444249000,72.809998,72.529999,200,72.629997,100,0.000000,0.000000
1480444251000,72.809998,72.529999,200,72.629997,100,0.000000,0.000000
1480444253000,72.809998,72.529999,200,72.629997,100,0.000000,0.000000
1480444255000,72.809998,72.529999,200,72.629997,100,0.000000,0.000000
1480444257000,72.809998,72.529999,200,72.629997,100,0.000000,0.000000
1480444259000,72.809998,72.529999,200,72.629997,100,0.000000,0.000000
1480444261000,72.809998,72.529999,200,72.629997,100,0.000000,0.000000
1480444263000,72.809998,72.529999,200,72.629997,100,0.000000,0.000000
1480444265000,72.790001,72.529999,200,72.629997,100,0.000000,0.000000
1480444267000,72.790001,72.529999,200,72.629997,100,0.000000,0.000000
1480444270000,72.790001,72.529999,200,72.629997,100,0.000000,0.000000
1480444272000,72.790001,72.529999,200,72.629997,100,0.000000,0.000000
1480444274000,72.790001,72.529999,200,72.629997,100,0.000000,0.000000
1480444276000,72.790001,72.529999,200,72.629997,100,0.000000,0.000000
1480444278000,72.790001,72.529999,200,72.629997,100,0.000000,0.000000
1480444280000,72.790001,72.529999,200,72.629997,100,0.000000,0.000000
1480444282000,72.790001,72.529999,200,72.629997,100,0.000000,0.000000
1480444284000,72.790001,72.529999,200,72.629997,100,0.000000,0.000000
1480444286000,72.790001,72.529999,200,72.629997,100,0.000000,0.000000
1480444288000,72.790001,72.529999,200,72.629997,100,0.000000,0.000000
1480444290000,72.790001,72.529999,200,72.629997,100,0.000000,0.000000
1480444292000,72.790001,72.529999,200,72.629997,100,0.000000,0.000000
1480444294000,72.790001,72.529999,200,72.629997,100,0.000000,0.000000
1480444296000,72.790001,72.529999,200,72.629997,100,0.000000,0.000000
1480444298000,72.790001,72.529999,200,72.629997,100,0.000000,0.000000
1480444300000,72.790001,72.529999,200,72.629997,100,0.000000,0.000000
1480444302000,72.790001,72.529999,200,72.629997,100,0.000000,0.000000
1480444304000,72.790001,72.529999,200,72.629997,100,0.000000,0.000000
1480444306000,72.790001,72.529999,200,72.629997,100,0.000000,0.000000
1480444308000,72.790001,72.529999,200,72.629997,100,0.000000,0.000000
1480444311000,72.790001,72.529999,200,72.629997,100,0.000000,0.000000
1480444313000,72.790001,72.529999,200,72.629997,100,0.000000,0.000000
1480444315000,72.790001,72.529999,200,72.629997,100,0.000000,0.000000
1480444317000,72.790001,72.529999,200,72.629997,100,0.000000,0.000000
1480444319000,72.790001,72.529999,200,72.629997,100,0.000000,0.000000
1480444321000,72.790001,72.529999,200,72.629997,100,0.000000,0.000000
1480444323000,72.790001,72.529999,200,72.629997,100,0.000000,0.000000
1480444325000,72.790001,72.529999,200,72.629997,100,0.000000,0.000000
1480444327000,72.790001,72.529999,200,72.629997,100,0.000000,0.000000
1480444329000,72.790001,72.529999,200,72.629997,100,0.000000,0.000000
1480444331000,72.790001,72.529999,200,72.629997,100,0.000000,0.000000
1480444333000,72.790001,72.529999,200,72.629997,100,0.000000,0.000000
1480444335000,72.790001,72.529999,200,72.629997,100,0.000000,0.000000
1480444337000,72.790001,72.529999,200,72.629997,100,0.000000,0.000000
1480444339000,72.790001,72.529999,200,72.629997,100,0.000000,0.000000
1480444341000,72.790001,72.529999,200,72.629997,100,0.000000,0.000000
1480444343000,72.790001,72.529999,200,72.629997,100,0.000000,0.000000
1480444345000,72.790001,72.529999,200,72.629997,100,0.000000,0.000000
1480444348000,72.790001,72.529999,200,72.629997,100,0.000000,0.000000
1480444350000,72.790001,72.529999,200,72.629997,100,0.000000,0.000000
1480444352000,72.790001,72.529999,300,72.629997,100,0.000000,0.000000
1480444354000,72.790001,72.529999,300,72.629997,100,0.000000,0.000000
1480444356000,72.790001,72.529999,300,72.629997,100,0.000000,0.000000
1480444358000,72.790001,72.529999,300,72.629997,100,0.000000,0.000000
1480444360000,72.790001,72.529999,300,72.629997,100,0.000000,0.000000
1480444362000,72.790001,72.529999,300,72.629997,100,0.000000,0.000000
1480444364000,72.790001,72.529999,300,72.629997,100,0.000000,0.000000
1480444366000,72.790001,72.529999,300,72.629997,100,0.000000,0.000000
1480444368000,72.790001,72.529999,300,72.629997,100,0.000000,0.000000
1480444370000,72.790001,72.529999,300,72.629997,100,0.000000,0.000000
1480444372000,72.790001,72.529999,300,72.629997,100,0.000000,0.000000
1480444374000,72.790001,72.529999,300,72.629997,100,0.000000,0.000000
1480444376000,72.790001,72.529999,300,72.629997,100,0.000000,0.000000
1480444378000,72.790001,72.529999,300,72.629997,100,0.000000,0.000000
1480444380000,72.790001,72.529999,300,72.629997,100,0.000000,0.000000
1480444382000,72.790001,72.529999,300,72.629997,100,0.000000,0.000000
1480444385000,72.790001,72.529999,300,72.629997,100,0.000000,0.000000
1480444387000,72.790001,72.529999,300,72.629997,100,0.000000,0.000000
1480444389000,72.790001,72.529999,300,72.629997,100,0.000000,0.000000
1480444391000,72.790001,72.529999,300,72.629997,100,0.000000,0.000000
1480444393000,72.790001,72.529999,300,72.629997,100,0.000000,0.000000
1480444395000,72.790001,72.529999,300,72.629997,100,0.000000,0.000000
1480444397000,72.790001,72.529999,300,72.629997,100,0.000000,0.000000
1480444399000,72.790001,72.529999,300,72.629997,100,0.000000,0.000000
1480444401000,72.790001,72.529999,300,72.629997,100,0.000000,0.000000
1480444403000,72.790001,72.529999,300,72.629997,100,0.000000,0.000000
1480444405000,72.790001,72.529999,300,72.629997,100,0.000000,0.000000
1480444407000,72.790001,72.529999,300,72.629997,100,0.000000,0.000000
1480444409000,72.790001,72.529999,300,72.629997,100,0.000000,0.000000
1480444411000,72.790001,72.529999,200,72.629997,100,0.000000,0.000000
1480444413000,72.790001,72.529999,200,72.629997,100,0.000000,0.000000
1480444415000,72.790001,72.529999,200,72.629997,100,0.000000,0.000000
1480444417000,72.790001,72.529999,200,72.629997,100,0.000000,0.000000
1480444419000,72.790001,72.529999,200,72.629997,100,0.000000,0.000000
1480444422000,72.790001,72.529999,200,72.629997,100,0.000000,0.000000
1480444424000,72.790001,72.529999,200,72.629997,100,0.000000,0.000000
1480444426000,72.790001,72.529999,200,72.629997,100,0.000000,0.000000
1480444428000,72.790001,72.529999,200,72.629997,100,0.000000,0.000000
1480444430000,72.790001,72.529999,200,72.629997,100,0.000000,0.000000
1480444432000,72.790001,72.529999,200,72.629997,100,0.000000,0.000000
1480444434000,72.790001,72.529999,200,72.629997,100,0.000000,0.000000
1480444436000,72.790001,72.529999,200,72.629997,100,0.000000,0.000000
1480444438000,72.790001,72.529999,200,72.629997,100,0.000000,0.000000
1480444440000,72.790001,72.529999,200,72.629997,100,0.000000,0.000000
1480444442000,72.790001,72.529999,200,72.629997,100,0.000000,0.000000
1480444444000,72.790001,72.529999,200,72.629997,100,0.000000,0.000000
1480444446000,72.790001,72.529999,200,72.629997,100,0.000000,0.000000
1480444448000,72.790001,72.529999,200,72.629997,100,0.000000,0.000000
1480444450000,72.790001,72.529999,200,72.629997,100,0.000000,0.000000
1480444452000,72.790001,72.529999,200,72.629997,100,0.000000,0.000000
1480444454000,72.790001,72.529999,200,72.629997,100,0.000000,0.000000
1480444456000,72.790001,72.529999,200,72.629997,100,0.000000,0.000000
1480444458000,72.790001,72.529999,200,72.629997,100,0.000000,0.000000
1480444460000,72.790001,72.529999,200,72.629997,100,0.000000,0.000000
1480444463000,72.790001,72.529999,200,72.629997,100,0.000000,0.000000
1480444465000,72.790001,72.529999,200,72.629997,100,0.000000,0.000000
1480444467000,72.790001,72.529999,200,72.629997,100,0.000000,0.000000
1480444469000,72.790001,72.529999,200,72.629997,100,0.000000,0.000000
1480444471000,72.790001,72.529999,300,72.629997,100,0.000000,0.000000
1480444473000,72.790001,72.529999,300,72.629997,100,0.000000,0.000000
1480444475000,72.790001,72.529999,300,72.629997,100,0.000000,0.000000
1480444477000,72.790001,72.529999,300,72.629997,100,0.000000,0.000000
1480444479000,72.790001,72.529999,300,72.629997,100,0.000000,0.000000
1480444481000,72.790001,72.529999,300,72.629997,100,0.000000,0.000000
1480444483000,72.790001,72.529999,300,72.629997,100,0.000000,0.000000
1480444485000,72.790001,72.529999,300,72.629997,100,0.000000,0.000000
1480444487000,72.790001,72.529999,300,72.629997,100,0.000000,0.000000
1480444489000,72.790001,72.529999,300,72.629997,100,0.000000,0.000000
1480444492000,72.790001,72.529999,300,72.629997,100,0.000000,0.000000
1480444494000,72.790001,72.529999,300,72.629997,100,0.000000,0.000000
1480444496000,72.790001,72.529999,300,72.629997,100,0.000000,0.000000
1480444498000,72.790001,72.529999,300,72.629997,100,0.000000,0.000000
1480444500000,72.790001,72.529999,300,72.629997,100,0.000000,0.000000
1480444502000,72.860001,72.529999,300,72.629997,100,0.000000,0.000000
1480444504000,72.860001,72.529999,300,72.629997,100,0.000000,0.000000
1480444506000,72.860001,72.529999,300,72.629997,100,0.000000,0.000000
1480444508000,72.860001,72.529999,300,72.629997,100,0.000000,0.000000
1480444510000,72.860001,72.529999,300,72.629997,100,0.000000,0.000000
1480444512000,72.860001,72.529999,300,72.629997,100,0.000000,0.000000
1480444514000,72.860001,72.529999,300,72.629997,100,0.000000,0.000000
1480444516000,72.860001,72.529999,300,72.629997,100,0.000000,0.000000
1480444518000,72.860001,72.529999,300,72.629997,100,0.000000,0.000000
1480444520000,72.860001,72.529999,300,72.629997,100,0.000000,0.000000
1480444523000,72.860001,72.529999,300,72.629997,100,0.000000,0.000000
1480444525000,72.860001,72.529999,300,72.629997,100,0.000000,0.000000
1480444527000,72.860001,72.529999,300,72.629997,100,0.000000,0.000000
1480444529000,72.860001,72.529999,300,72.629997,100,0.000000,0.000000
1480444531000,72.860001,72.529999,300,72.629997,100,0.000000,0.000000
1480444533000,72.860001,72.599998,300,72.730003,300,0.000000,0.000000
1480444535000,72.860001,72.599998,300,72.730003,300,0.000000,0.000000
1480444537000,72.860001,72.599998,300,72.730003,300,0.000000,0.000000
1480444539000,72.860001,72.599998,300,72.730003,300,0.000000,0.000000
1480444541000,72.860001,72.599998,300,72.730003,300,0.000000,0.000000
1480444543000,72.860001,72.599998,300,72.730003,300,0.000000,0.000000
1480444545000,72.860001,72.599998,300,72.730003,300,0.000000,0.000000
1480444547000,72.860001,72.599998,300,72.730003,300,0.000000,0.000000
1480444549000,72.860001,72.599998,300,72.730003,300,0.000000,0.000000
1480444551000,72.860001,72.599998,300,72.730003,300,0.000000,0.000000
1480444553000,72.860001,72.599998,300,72.730003,300,0.000000,0.000000
1480444555000,72.860001,72.599998,300,72.730003,300,0.000000,0.000000
1480444557000,72.860001,72.599998,300,72.730003,300,0.000000,0.000000
1480444559000,72.860001,72.599998,300,72.730003,300,0.000000,0.000000
1480444562000,72.860001,72.599998,300,72.730003,300,0.000000,0.000000
1480444564000,72.860001,72.599998,300,72.730003,300,0.000000,0.000000
1480444566000,72.860001,72.599998,300,72.730003,300,0.000000,0.000000
1480444568000,72.860001,72.599998,300,72.730003,300,0.000000,0.000000
1480444570000,72.860001,72.599998,300,72.730003,300,0.000000,0.000000
1480444572000,72.860001,72.599998,300,72.730003,300,0.000000,0.000000
1480444574000,72.860001,72.599998,300,72.730003,300,0.000000,0.000000
1480444576000,72.860001,72.599998,300,72.730003,300,0.000000,0.000000
1480444578000,72.860001,72.599998,300,72.730003,300,0.000000,0.000000
1480444580000,72.860001,72.599998,300,72.730003,300,0.000000,0.000000
1480444582000,72.860001,72.599998,300,72.730003,300,0.000000,0.000000
1480444584000,72.860001,72.599998,300,72.730003,300,0.000000,0.000000
1480444586000,72.845001,72.599998,300,72.730003,300,0.000000,0.000000
1480444588000,72.845001,72.599998,300,72.730003,300,0.000000,0.000000
1480444590000,72.845001,72.599998,300,72.730003,300,0.000000,0.000000
1480444592000,72.845001,72.610001,200,72.669998,100,0.000000,0.000000
1480444594000,72.845001,72.610001,200,72.669998,100,0.000000,0.000000
1480444596000,72.845001,72.610001,200,72.669998,100,0.000000,0.000000
1480444598000,72.845001,72.610001,200,72.669998,100,0.000000,0.000000
1480444600000,72.845001,72.610001,200,72.669998,100,0.000000,0.000000
1480444603000,72.845001,72.610001,200,72.669998,100,0.000000,0.000000
1480444605000,72.845001,72.610001,200,72.669998,100,0.000000,0.000000
1480444607000,72.845001,72.610001,200,72.669998,100,0.000000,0.000000
1480444609000,72.845001,72.610001,200,72.669998,100,0.000000,0.000000
1480444611000,72.845001,72.610001,200,72.669998,100,0.000000,0.000000
1480444613000,72.845001,72.610001,200,72.669998,100,0.000000,0.000000
1480444615000,72.845001,72.610001,200,72.669998,100,0.000000,0.000000
1480444617000,72.845001,72.610001,200,72.669998,100,0.000000,0.000000
1480444619000,72.845001,72.610001,200,72.669998,100,0.000000,0.000000
1480444621000,72.845001,72.610001,200,72.669998,100,0.000000,0.000000
1480444623000,72.845001,72.610001,200,72.669998,100,0.000000,0.000000
1480444625000,72.845001,72.610001,200,72.669998,100,0.000000,0.000000
1480444627000,72.845001,72.610001,200,72.669998,100,0.000000,0.000000
1480444629000,72.845001,72.610001,200,72.669998,100,0.000000,0.000000
1480444631000,72.845001,72.610001,200,72.669998,100,0.000000,0.000000
1480444633000,72.845001,72.610001,200,72.669998,100,0.000000,0.000000
1480444636000,72.845001,72.610001,200,72.669998,100,0.000000,0.000000
1480444638000,72.845001,72.610001,200,72.669998,100,0.000000,0.000000
1480444640000,72.845001,72.610001,200,72.669998,100,0.000000,0.000000
1480444642000,72.845001,72.610001,200,72.669998,100,0.000000,0.000000
1480444644000,72.845001,72.610001,200,72.669998,100,0.000000,0.000000
1480444646000,72.845001,72.610001,200,72.669998,100,0.000000,0.000000
1480444648000,72.845001,72.610001,200,72.669998,100,0.000000,0.000000
1480444650000,72.845001,72.610001,200,72.669998,100,0.000000,0.000000
1480444652000,72.845001,72.610001,300,72.669998,200,0.000000,0.000000
1480444654000,72.845001,72.610001,300,72.669998,200,0.000000,0.000000
1480444656000,72.845001,72.610001,300,72.669998,200,0.000000,0.000000
1480444658000,72.845001,72.610001,300,72.669998,200,0.000000,0.000000
1480444660000,72.870003,72.610001,300,72.669998,200,0.000000,0.000000
1480444662000,72.870003,72.610001,300,72.669998,200,0.000000,0.000000
1480444664000,72.870003,72.610001,300,72.669998,200,0.000000,0.000000
1480444666000,72.870003,72.610001,300,72.669998,200,0.000000,0.000000
1480444668000,72.870003,72.610001,300,72.669998,200,0.000000,0.000000
1480444670000,72.870003,72.610001,300,72.669998,200,0.000000,0.000000
1480444672000,72.870003,72.610001,300,72.669998,200,0.000000,0.000000
1480444675000,72.870003,72.610001,300,72.669998,200,0.000000,0.000000
1480444677000,72.870003,72.610001,300,72.669998,200,0.000000,0.000000
1480444679000,72.870003,72.610001,300,72.669998,200,0.000000,0.000000
1480444681000,72.870003,72.610001,300,72.669998,200,0.000000,0.000000
1480444683000,72.870003,72.610001,300,72.669998,200,0.000000,0.000000
1480444685000,72.870003,72.610001,300,72.669998,200,0.000000,0.000000
1480444687000,72.870003,72.610001,300,72.669998,200,0.000000,0.000000
1480444689000,72.870003,72.610001,300,72.669998,200,0.000000,0.000000
1480444691000,72.870003,72.610001,300,72.669998,200,0.000000,0.000000
1480444693000,72.870003,72.610001,300,72.669998,200,0.000000,0.000000
1480444695000,72.870003,72.610001,300,72.669998,200,0.000000,0.000000
1480444697000,72.870003,72.610001,300,72.669998,200,0.000000,0.000000
1480444699000,72.870003,72.610001,300,72.669998,200,0.000000,0.000000
1480444701000,72.870003,72.610001,300,72.669998,200,0.000000,0.000000
1480444703000,72.870003,72.610001,300,72.669998,200,0.000000,0.000000
1480444705000,72.860001,72.610001,300,72.669998,200,0.000000,0.000000
1480444707000,72.860001,72.610001,300,72.669998,200,0.000000,0.000000
1480444709000,72.860001,72.610001,300,72.669998,200,0.000000,0.000000
1480444711000,72.860001,72.620003,400,72.690002,100,0.000000,0.000000
1480444714000,72.860001,72.620003,400,72.690002,100,0.000000,0.000000
1480444716000,72.860001,72.620003,400,72.690002,100,0.000000,0.000000
1480444718000,72.860001,72.620003,400,72.690002,100,0.000000,0.000000
1480444720000,72.860001,72.620003,400,72.690002,100,0.000000,0.000000
1480444722000,72.860001,72.620003,400,72.690002,100,0.000000,0.000000
1480444724000,72.860001,72.620003,400,72.690002,100,0.000000,0.000000
1480444726000,72.860001,72.620003,400,72.690002,100,0.000000,0.000000
1480444728000,72.860001,72.620003,400,72.690002,100,0.000000,0.000000
1480444730000,72.860001,72.620003,400,72.690002,100,0.000000,0.000000
1480444732000,72.860001,72.620003,400,72.690002,100,0.000000,0.000000
1480444734000,72.860001,72.620003,400,72.690002,100,0.000000,0.000000
1480444736000,72.860001,72.620003,400,72.690002,100,0.000000,0.000000
1480444738000,72.860001,72.620003,400,72.690002,100,0.000000,0.000000
1480444740000,72.860001,72.620003,400,72.690002,100,0.000000,0.000000
1480444742000,72.860001,72.620003,400,72.690002,100,0.000000,0.000000
1480444744000,72.860001,72.620003,400,72.690002,100,0.000000,0.000000
1480444746000,72.860001,72.620003,400,72.690002,100,0.000000,0.000000
1480444748000,72.860001,72.620003,400,72.690002,100,0.000000,0.000000
1480444750000,72.860001,72.620003,400,72.690002,100,0.000000,0.000000
1480444753000,72.860001,72.620003,400,72.690002,100,0.000000,0.000000
1480444755000,72.860001,72.620003,400,72.690002,100,0.000000,0.000000
1480444757000,72.860001,72.620003,400,72.690002,100,0.000000,0.000000
1480444759000,72.860001,72.620003,400,72.690002,100,0.000000,0.000000
1480444761000,72.860001,72.620003,400,72.690002,100,0.000000,0.000000
1480444763000,72.860001,72.620003,400,72.690002,100,0.000000,0.000000
1480444765000,72.860001,72.620003,400,72.690002,100,0.000000,0.000000
1480444767000,72.860001,72.620003,400,72.690002,100,0.000000,0.000000
1480444769000,72.860001,72.620003,400,72.690002,100,0.000000,0.000000
1480444771000,72.860001,72.660004,300,72.760002,100,0.000000,0.000000
1480444773000,72.860001,72.660004,300,72.760002,100,0.000000,0.000000
1480444775000,72.800003,72.660004,300,72.760002,100,0.000000,0.000000
1480444777000,72.800003,72.660004,300,72.760002,100,0.000000,0.000000
1480444779000,72.800003,72.660004,300,72.760002,100,0.000000,0.000000
1480444781000,72.800003,72.660004,300,72.760002,100,0.000000,0.000000
1480444783000,72.800003,72.660004,300,72.760002,100,0.000000,0.000000
1480444785000,72.800003,72.660004,300,72.760002,100,0.000000,0.000000
1480444787000,72.800003,72.660004,300,72.760002,100,0.000000,0.000000
1480444789000,72.800003,72.660004,300,72.760002,100,0.000000,0.000000
1480444792000,72.800003,72.660004,300,72.760002,100,0.000000,0.000000
1480444794000,72.800003,72.660004,300,72.760002,100,0.000000,0.000000
1480444796000,72.800003,72.660004,300,72.760002,100,0.000000,0.000000
1480444798000,72.800003,72.660004,300,72.760002,100,0.000000,0.000000
1480444800000,72.800003,72.660004,300,72.760002,100,0.000000,0.000000
1480444802000,72.800003,72.660004,300,72.760002,100,0.000000,0.000000
1480444804000,72.800003,72.660004,300,72.760002,100,0.000000,0.000000
1480444806000,72.800003,72.660004,300,72.760002,100,0.000000,0.000000
1480444808000,72.800003,72.660004,300,72.760002,100,0.000000,0.000000
1480444810000,72.800003,72.660004,300,72.760002,100,0.000000,0.000000
1480444812000,72.800003,72.660004,300,72.760002,100,0.000000,0.000000
1480444814000,72.800003,72.660004,300,72.760002,100,0.000000,0.000000
1480444816000,72.800003,72.660004,300,72.760002,100,0.000000,0.000000
1480444818000,72.800003,72.660004,300,72.760002,100,0.000000,0.000000
1480444820000,72.800003,72.660004,300,72.760002,100,0.000000,0.000000
1480444822000,72.800003,72.660004,300,72.760002,100,0.000000,0.000000
1480444824000,72.800003,72.660004,300,72.760002,100,0.000000,0.000000
1480444826000,72.800003,72.660004,300,72.760002,100,0.000000,0.000000
1480444829000,72.800003,72.660004,300,72.760002,100,0.000000,0.000000
1480444831000,72.800003,72.660004,300,72.760002,100,0.000000,0.000000
1480444833000,72.800003,72.669998,400,72.860001,100,0.000000,0.000000
1480444835000,72.800003,72.669998,400,72.860001,100,0.000000,0.000000
1480444837000,72.800003,72.669998,400,72.860001,100,0.000000,0.000000
1480444839000,72.800003,72.669998,400,72.860001,100,0.000000,0.000000
1480444841000,72.800003,72.669998,400,72.860001,100,0.000000,0.000000
1480444843000,72.800003,72.669998,400,72.860001,100,0.000000,0.000000
1480444845000,72.800003,72.669998,400,72.860001,100,0.000000,0.000000
1480444847000,72.800003,72.669998,400,72.860001,100,0.000000,0.000000
1480444849000,72.800003,72.669998,400,72.860001,100,0.000000,0.000000
1480444851000,72.800003,72.669998,400,72.860001,100,0.000000,0.000000
1480444853000,72.800003,72.669998,400,72.860001,100,0.000000,0.000000
1480444855000,72.800003,72.669998,400,72.860001,100,0.000000,0.000000
1480444857000,72.800003,72.669998,400,72.860001,100,0.000000,0.000000
1480444859000,72.800003,72.669998,400,72.860001,100,0.000000,0.000000
1480444861000,72.800003,72.669998,400,72.860001,100,0.000000,0.000000
1480444863000,72.800003,72.669998,400,72.860001,100,0.000000,0.000000
1480444865000,72.800003,72.669998,400,72.860001,100,0.000000,0.000000
1480444867000,72.800003,72.669998,400,72.860001,100,0.000000,0.000000
1480444870000,72.800003,72.669998,400,72.860001,100,0.000000,0.000000
1480444872000,72.800003,72.669998,400,72.860001,100,0.000000,0.000000
1480444874000,72.805298,72.669998,400,72.860001,100,0.000000,0.000000
1480444876000,72.805298,72.669998,400,72.860001,100,0.000000,0.000000
1480444878000,72.805298,72.669998,400,72.860001,100,0.000000,0.000000
1480444880000,72.805298,72.669998,400,72.860001,100,0.000000,0.000000
1480444882000,72.805298,72.669998,400,72.860001,100,0.000000,0.000000
1480444884000,72.805298,72.669998,400,72.860001,100,0.000000,0.000000
1480444886000,72.805298,72.669998,400,72.860001,100,0.000000,0.000000
1480444888000,72.805298,72.669998,400,72.860001,100,0.000000,0.000000
1480444890000,72.805298,72.669998,400,72.860001,100,0.000000,0.000000
1480444892000,72.805298,72.669998,700,72.860001,100,0.000000,0.000000
1480444894000,72.805298,72.669998,700,72.860001,100,0.000000,0.000000
1480444896000,72.805298,72.669998,700,72.860001,100,0.000000,0.000000
1480444898000,72.805298,72.669998,700,72.860001,100,0.000000,0.000000
1480444900000,72.805298,72.669998,700,72.860001,100,0.000000,0.000000
1480444902000,72.805298,72.669998,700,72.860001,100,0.000000,0.000000
1480444905000,72.805298,72.669998,700,72.860001,100,0.000000,0.000000
1480444907000,72.805298,72.669998,700,72.860001,100,0.000000,0.000000
1480444909000,72.805298,72.669998,700,72.860001,100,0.000000,0.000000
1480444911000,72.805298,72.669998,700,72.860001,100,0.000000,0.000000
1480444913000,72.805298,72.669998,700,72.860001,100,0.000000,0.000000
1480444915000,72.805298,72.669998,700,72.860001,100,0.000000,0.000000
1480444917000,72.805298,72.669998,700,72.860001,100,0.000000,0.000000
1480444919000,72.805298,72.669998,700,72.860001,100,0.000000,0.000000
1480444921000,72.805298,72.669998,700,72.860001,100,0.000000,0.000000
1480444923000,72.805298,72.669998,700,72.860001,100,0.000000,0.000000
1480444925000,72.805298,72.669998,700,72.860001,100,0.000000,0.000000
1480444927000,72.805298,72.669998,700,72.860001,100,0.000000,0.000000
1480444929000,72.805298,72.669998,700,72.860001,100,0.000000,0.000000
1480444931000,72.805298,72.669998,700,72.860001,100,0.000000,0.000000
1480444933000,72.805298,72.669998,700,72.860001,100,0.000000,0.000000
1480444935000,72.805298,72.669998,700,72.860001,100,0.000000,0.000000
1480444937000,72.805298,72.669998,700,72.860001,100,0.000000,0.000000
1480444939000,72.805298,72.669998,700,72.860001,100,0.000000,0.000000
1480444942000,72.805298,72.669998,700,72.860001,100,0.000000,0.000000
1480444944000,72.805298,72.669998,700,72.860001,100,0.000000,0.000000
1480444946000,72.805298,72.669998,700,72.860001,100,0.000000,0.000000
1480444948000,72.805298,72.669998,700,72.860001,100,0.000000,0.000000
1480444950000,72.805298,72.669998,700,72.860001,100,0.000000,0.000000
1480444952000,72.805298,72.669998,600,72.860001,100,0.000000,0.000000
1480444954000,72.805298,72.669998,600,72.860001,100,0.000000,0.000000
1480444956000,72.805298,72.669998,600,72.860001,100,0.000000,0.000000
1480444958000,72.805298,72.669998,600,72.860001,100,0.000000,0.000000
1480444960000,72.805298,72.669998,600,72.860001,100,0.000000,0.000000
1480444962000,72.805298,72.669998,600,72.860001,100,0.000000,0.000000
1480444964000,72.805298,72.669998,600,72.860001,100,0.000000,0.000000
1480444966000,72.805298,72.669998,600,72.860001,100,0.000000,0.000000
1480444968000,72.805298,72.669998,600,72.860001,100,0.000000,0.000000
1480444970000,72.805298,72.669998,600,72.860001,100,0.000000,0.000000
1480444972000,72.805298,72.669998,600,72.860001,100,0.000000,0.000000
1480444974000,72.805298,72.669998,600,72.860001,100,0.000000,0.000000
1480444976000,72.805298,72.669998,600,72.860001,100,0.000000,0.000000
1480444978000,72.805298,72.669998,600,72.860001,100,0.000000,0.000000
1480444981000,72.805298,72.669998,600,72.860001,100,0.000000,0.000000
1480444983000,72.805298,72.669998,600,72.860001,100,0.000000,0.000000
1480444985000,72.805298,72.669998,600,72.860001,100,0.000000,0.000000
1480444987000,72.805298,72.669998,600,72.860001,100,0.000000,0.000000
1480444989000,72.805298,72.669998,600,72.860001,100,0.000000,0.000000
1480444991000,72.805298,72.669998,600,72.860001,100,0.000000,0.000000
1480444993000,72.805298,72.669998,600,72.860001,100,0.000000,0.000000
1480444995000,72.805298,72.669998,600,72.860001,100,0.000000,0.000000
1480444997000,72.805298,72.669998,600,72.860001,100,0.000000,0.000000
1480444999000,72.805298,72.669998,600,72.860001,100,0.000000,0.000000
1480445001000,72.805298,72.669998,600,72.860001,100,0.000000,0.000000
1480445003000,72.805298,72.669998,600,72.860001,100,0.000000,0.000000
1480445005000,72.805298,72.669998,600,72.860001,100,0.000000,0.000000
1480445007000,72.805298,72.669998,600,72.860001,100,0.000000,0.000000
1480445009000,72.805298,72.669998,600,72.860001,100,0.000000,0.000000
1480445011000,72.805298,72.669998,700,72.860001,100,0.000000,0.000000
1480445013000,72.805298,72.669998,700,72.860001,100,0.000000,0.000000
1480445015000,72.805298,72.669998,700,72.860001,100,0.000000,0.000000
1480445017000,72.805298,72.669998,700,72.860001,100,0.000000,0.000000
1480445020000,72.805298,72.669998,700,72.860001,100,0.000000,0.000000
1480445022000,72.805298,72.669998,700,72.860001,100,0.000000,0.000000
1480445024000,72.805298,72.669998,700,72.860001,100,0.000000,0.000000
1480445026000,72.805298,72.669998,700,72.860001,100,0.000000,0.000000
1480445028000,72.805298,72.669998,700,72.860001,100,0.000000,0.000000
1480445030000,72.805298,72.669998,700,72.860001,100,0.000000,0.000000
1480445032000,72.805298,72.669998,700,72.860001,100,0.000000,0.000000
1480445034000,72.805298,72.669998,700,72.860001,100,0.000000,0.000000
1480445036000,72.805298,72.669998,700,72.860001,100,0.000000,0.000000
1480445038000,72.805298,72.669998,700,72.860001,100,0.000000,0.000000
1480445040000,72.805298,72.669998,700,72.860001,100,0.000000,0.000000
1480445042000,72.805298,72.669998,700,72.860001,100,0.000000,0.000000
1480445044000,72.805298,72.669998,700,72.860001,100,0.000000,0.000000
1480445046000,72.805298,72.669998,700,72.860001,100,0.000000,0.000000
1480445048000,72.805298,72.669998,700,72.860001,100,0.000000,0.000000
1480445051000,72.805298,72.669998,700,72.860001,100,0.000000,0.000000
1480445053000,72.805298,72.669998,700,72.860001,100,0.000000,0.000000
1480445055000,72.805298,72.669998,700,72.860001,100,0.000000,0.000000
1480445057000,72.805298,72.669998,700,72.860001,100,0.000000,0.000000
1480445059000,72.805298,72.669998,700,72.860001,100,0.000000,0.000000
1480445061000,72.805298,72.669998,700,72.860001,100,0.000000,0.000000
1480445063000,72.805298,72.669998,700,72.860001,100,0.000000,0.000000
1480445065000,72.805298,72.669998,700,72.860001,100,0.000000,0.000000
1480445067000,72.805298,72.669998,700,72.860001,100,0.000000,0.000000
1480445069000,72.805298,72.669998,700,72.860001,100,0.000000,0.000000
1480445071000,72.805298,72.669998,600,72.809998,100,0.000000,0.000000
1480445073000,72.805298,72.669998,600,72.809998,100,0.000000,0.000000
1480445075000,72.805298,72.669998,600,72.809998,100,0.000000,0.000000
1480445077000,72.805298,72.669998,600,72.809998,100,0.000000,0.000000
1480445079000,72.805298,72.669998,600,72.809998,100,0.000000,0.000000
1480445081000,72.805298,72.669998,600,72.809998,100,0.000000,0.000000
1480445083000,72.805298,72.669998,600,72.809998,100,0.000000,0.000000
1480445085000,72.805298,72.669998,600,72.809998,100,0.000000,0.000000
1480445087000,72.805298,72.669998,600,72.809998,100,0.000000,0.000000
1480445089000,72.805298,72.669998,600,72.809998,100,0.000000,0.000000
1480445091000,72.805298,72.669998,600,72.809998,100,0.000000,0.000000
1480445094000,72.805298,72.669998,600,72.809998,100,0.000000,0.000000
1480445096000,72.805298,72.669998,600,72.809998,100,0.000000,0.000000
1480445098000,72.805298,72.669998,600,72.809998,100,0.000000,0.000000
1480445100000,72.790001,72.669998,600,72.809998,100,0.000000,0.000000
1480445102000,72.790001,72.669998,600,72.809998,100,0.000000,0.000000
1480445104000,72.790001,72.669998,600,72.809998,100,0.000000,0.000000
1480445106000,72.790001,72.669998,600,72.809998,100,0.000000,0.000000
1480445108000,72.790001,72.669998,600,72.809998,100,0.000000,0.000000
1480445110000,72.790001,72.669998,600,72.809998,100,0.000000,0.000000
1480445112000,72.790001,72.669998,600,72.809998,100,0.000000,0.000000
1480445114000,72.790001,72.669998,600,72.809998,100,0.000000,0.000000
1480445116000,72.790001,72.669998,600,72.809998,100,0.000000,0.000000
1480445118000,72.790001,72.669998,600,72.809998,100,0.000000,0.000000
1480445120000,72.790001,72.669998,600,72.809998,100,0.000000,0.000000
1480445122000,72.790001,72.669998,600,72.809998,100,0.000000,0.000000
1480445124000,72.790001,72.669998,600,72.809998,100,0.000000,0.000000
1480445126000,72.790001,72.669998,600,72.809998,100,0.000000,0.000000
1480445128000,72.790001,72.669998,600,72.809998,100,0.000000,0.000000
1480445130000,72.790001,72.669998,600,72.809998,100,0.000000,0.000000
1480445132000,72.790001,72.709999,400,72.849998,100,0.000000,0.000000
1480445135000,72.790001,72.709999,400,72.849998,100,0.000000,0.000000
1480445137000,72.790001,72.709999,400,72.849998,100,0.000000,0.000000
1480445139000,72.790001,72.709999,400,72.849998,100,0.000000,0.000000
1480445141000,72.790001,72.709999,400,72.849998,100,0.000000,0.000000
1480445143000,72.790001,72.709999,400,72.849998,100,0.000000,0.000000
1480445145000,72.730003,72.709999,400,72.849998,100,0.000000,0.000000
1480445147000,72.730003,72.709999,400,72.849998,100,0.000000,0.000000
1480445149000,72.730003,72.709999,400,72.849998,100,0.000000,0.000000
1480445151000,72.730003,72.709999,400,72.849998,100,0.000000,0.000000
1480445153000,72.730003,72.709999,400,72.849998,100,0.000000,0.000000
1480445155000,72.730003,72.709999,400,72.849998,100,0.000000,0.000000
1480445157000,72.730003,72.709999,400,72.849998,100,0.000000,0.000000
1480445159000,72.730003,72.709999,400,72.849998,100,0.000000,0.000000
1480445161000,72.730003,72.709999,400,72.849998,100,0.000000,0.000000
1480445163000,72.730003,72.709999,400,72.849998,100,0.000000,0.000000
1480445165000,72.730003,72.709999,400,72.849998,100,0.000000,0.000000
1480445167000,72.730003,72.709999,400,72.849998,100,0.000000,0.000000
1480445169000,72.730003,72.709999,400,72.849998,100,0.000000,0.000000
1480445171000,72.730003,72.709999,400,72.849998,100,0.000000,0.000000
1480445173000,72.730003,72.709999,400,72.849998,100,0.000000,0.000000
1480445176000,72.730003,72.709999,400,72.849998,100,0.000000,0.000000
1480445178000,72.730003,72.709999,400,72.849998,100,0.000000,0.000000
1480445180000,72.730003,72.709999,400,72.849998,100,0.000000,0.000000
1480445182000,72.730003,72.709999,400,72.849998,100,0.000000,0.000000
1480445184000,72.730003,72.709999,400,72.849998,100,0.000000,0.000000
1480445186000,72.730003,72.709999,400,72.849998,100,0.000000,0.000000
1480445188000,72.730003,72.709999,400,72.849998,100,0.000000,0.000000
1480445190000,72.730003,72.709999,400,72.849998,100,0.000000,0.000000
1480445192000,72.730003,72.800003,200,72.980003,200,0.000000,0.000000
1480445194000,72.730003,72.800003,200,72.980003,200,0.000000,0.000000
1480445196000,72.730003,72.800003,200,72.980003,200,0.000000,0.000000
1480445198000,72.730003,72.800003,200,72.980003,200,0.000000,0.000000
1480445200000,72.730003,72.800003,200,72.980003,200,0.000000,0.000000
1480445202000,72.730003,72.800003,200,72.980003,200,0.000000,0.000000
1480445204000,72.730003,72.800003,200,72.980003,200,0.000000,0.000000
1480445206000,72.730003,72.800003,200,72.980003,200,0.000000,0.000000
1480445208000,72.730003,72.800003,200,72.980003,200,0.000000,0.000000
1480445210000,72.730003,72.800003,200,72.980003,200,0.000000,0.000000
1480445213000,72.730003,72.800003,200,72.980003,200,0.000000,0.000000
1480445215000,72.730003,72.800003,200,72.980003,200,0.000000,0.000000
1480445217000,72.730003,72.800003,200,72.980003,200,0.000000,0.000000
1480445219000,72.730003,72.800003,200,72.980003,200,0.000000,0.000000
1480445221000,72.769997,72.800003,200,72.980003,200,0.000000,0.000000
1480445223000,72.769997,72.800003,200,72.980003,200,0.000000,0.000000
1480445225000,72.769997,72.800003,200,72.980003,200,0.000000,0.000000
1480445227000,72.769997,72.800003,200,72.980003,200,0.000000,0.000000
1480445229000,72.769997,72.800003,200,72.980003,200,0.000000,0.000000
1480445231000,72.769997,72.800003,200,72.980003,200,0.000000,0.000000
1480445233000,72.769997,72.800003,200,72.980003,200,0.000000,0.000000
1480445235000,72.769997,72.800003,200,72.980003,200,0.000000,0.000000
1480445237000,72.769997,72.800003,200,72.980003,200,0.000000,0.000000
1480445239000,72.769997,72.800003,200,72.980003,200,0.000000,0.000000
1480445241000,72.769997,72.800003,200,72.980003,200,0.000000,0.000000
1480445243000,72.769997,72.800003,200,72.980003,200,0.000000,0.000000
1480445245000,72.769997,72.800003,200,72.980003,200,0.000000,0.000000
1480445247000,72.769997,72.800003,200,72.980003,200,0.000000,0.000000
1480445250000,72.769997,72.800003,200,72.980003,200,0.000000,0.000000
1480445252000,72.769997,72.800003,200,72.870003,100,0.000000,0.000000
1480445254000,72.769997,72.800003,200,72.870003,100,0.000000,0.000000
1480445256000,72.769997,72.800003,200,72.870003,100,0.000000,0.000000
1480445258000,72.769997,72.800003,200,72.870003,100,0.000000,0.000000
1480445260000,72.769997,72.800003,200,72.870003,100,0.000000,0.000000
1480445262000,72.769997,72.800003,200,72.870003,100,0.000000,0.000000
1480445264000,72.769997,72.800003,200,72.870003,100,0.000000,0.000000
1480445266000,72.769997,72.800003,200,72.870003,100,0.000000,0.000000
1480445268000,72.769997,72.800003,200,72.870003,100,0.000000,0.000000
1480445270000,72.769997,72.800003,200,72.870003,100,0.000000,0.000000
1480445272000,72.769997,72.800003,200,72.870003,100,0.000000,0.000000
1480445274000,72.769997,72.800003,200,72.870003,100,0.000000,0.000000
1480445276000,72.769997,72.800003,200,72.870003,100,0.000000,0.000000
1480445278000,72.769997,72.800003,200,72.870003,100,0.000000,0.000000
1480445280000,72.769997,72.800003,200,72.870003,100,0.000000,0.000000
1480445282000,72.769997,72.800003,200,72.870003,100,0.000000,0.000000
1480445285000,72.769997,72.800003,200,72.870003,100,0.000000,0.000000
1480445287000,72.769997,72.800003,200,72.870003,100,0.000000,0.000000
1480445289000,72.769997,72.800003,200,72.870003,100,0.000000,0.000000
1480445291000,72.769997,72.800003,200,72.870003,100,0.000000,0.000000
1480445293000,72.769997,72.800003,200,72.870003,100,0.000000,0.000000
1480445295000,72.769997,72.800003,200,72.870003,100,0.000000,0.000000
1480445297000,72.769997,72.800003,200,72.870003,100,0.000000,0.000000
1480445299000,72.769997,72.800003,200,72.870003,100,0.000000,0.000000
1480445301000,72.769997,72.800003,200,72.870003,100,0.000000,0.000000
1480445303000,72.769997,72.800003,200,72.870003,100,0.000000,0.000000
1480445305000,72.769997,72.800003,200,72.870003,100,0.000000,0.000000
1480445307000,72.769997,72.800003,200,72.870003,100,0.000000,0.000000
1480445309000,72.769997,72.800003,200,72.870003,100,0.000000,0.000000
1480445311000,72.769997,72.800003,200,72.870003,100,0.000000,0.000000
1480445313000,72.769997,72.800003,200,72.870003,100,0.000000,0.000000
1480445315000,72.769997,72.800003,200,72.870003,100,0.000000,0.000000
1480445317000,72.769997,72.800003,200,72.870003,100,0.000000,0.000000
1480445319000,72.769997,72.800003,200,72.870003,100,0.000000,0.000000
1480445321000,72.769997,72.800003,200,72.870003,100,0.000000,0.000000
1480445324000,72.769997,72.800003,200,72.870003,100,0.000000,0.000000
1480445326000,72.769997,72.800003,200,72.870003,100,0.000000,0.000000
1480445328000,72.769997,72.800003,200,72.870003,100,0.000000,0.000000
1480445330000,72.769997,72.800003,200,72.870003,100,0.000000,0.000000
1480445332000,72.769997,72.800003,200,72.870003,100,0.000000,0.000000
1480445334000,72.769997,72.800003,200,72.870003,100,0.000000,0.000000
1480445336000,72.769997,72.800003,200,72.870003,100,0.000000,0.000000
1480445338000,72.769997,72.800003,200,72.870003,100,0.000000,0.000000
1480445340000,72.769997,72.800003,200,72.870003,100,0.000000,0.000000
1480445342000,72.769997,72.800003,200,72.870003,100,0.000000,0.000000
1480445344000,72.904999,72.800003,200,72.870003,100,0.000000,0.000000
1480445346000,72.904999,72.800003,200,72.870003,100,0.000000,0.000000
1480445348000,72.904999,72.800003,200,72.870003,100,0.000000,0.000000
1480445350000,72.904999,72.800003,200,72.870003,100,0.000000,0.000000
1480445352000,72.904999,72.800003,200,72.870003,100,0.000000,0.000000
1480445354000,72.904999,72.800003,200,72.870003,100,0.000000,0.000000
1480445356000,72.904999,72.800003,200,72.870003,100,0.000000,0.000000
1480445358000,72.904999,72.800003,200,72.870003,100,0.000000,0.000000
1480445361000,72.904999,72.800003,200,72.870003,100,0.000000,0.000000
1480445363000,72.904999,72.800003,200,72.870003,100,0.000000,0.000000
1480445365000,72.904999,72.800003,200,72.870003,100,0.000000,0.000000
1480445367000,72.904999,72.800003,200,72.870003,100,0.000000,0.000000
1480445369000,72.904999,72.800003,200,72.870003,100,0.000000,0.000000
1480445371000,72.904999,72.800003,200,72.870003,100,0.000000,0.000000
1480445373000,72.904999,72.800003,200,72.870003,200,0.000000,0.000000
1480445375000,72.904999,72.800003,200,72.870003,200,0.000000,0.000000
1480445377000,72.904999,72.800003,200,72.870003,200,0.000000,0.000000
1480445379000,72.904999,72.800003,200,72.870003,200,0.000000,0.000000
1480445381000,72.904999,72.800003,200,72.870003,200,0.000000,0.000000
1480445383000,72.904999,72.800003,200,72.870003,200,0.000000,0.000000
1480445385000,72.904999,72.800003,200,72.870003,200,0.000000,0.000000
1480445387000,72.904999,72.800003,200,72.870003,200,0.000000,0.000000
1480445389000,72.904999,72.800003,200,72.870003,200,0.000000,0.000000
1480445391000,72.904999,72.800003,200,72.870003,200,0.000000,0.000000
1480445393000,72.904999,72.800003,200,72.870003,200,0.000000,0.000000
1480445395000,72.904999,72.800003,200,72.870003,200,0.000000,0.000000
1480445397000,72.904999,72.800003,200,72.870003,200,0.000000,0.000000
1480445399000,72.904999,72.800003,200,72.870003,200,0.000000,0.000000
1480445401000,72.904999,72.800003,200,72.870003,200,0.000000,0.000000
1480445404000,72.904999,72.800003,200,72.870003,200,0.000000,0.000000
1480445406000,72.904999,72.800003,200,72.870003,200,0.000000,0.000000
1480445408000,72.904999,72.800003,200,72.870003,200,0.000000,0.000000
1480445410000,72.904999,72.800003,200,72.870003,200,0.000000,0.000000
1480445412000,72.904999,72.800003,200,72.870003,200,0.000000,0.000000
1480445414000,72.904999,72.800003,200,72.870003,200,0.000000,0.000000
1480445416000,72.904999,72.800003,200,72.870003,200,0.000000,0.000000
1480445418000,72.904999,72.800003,200,72.870003,200,0.000000,0.000000
1480445420000,72.860001,72.800003,200,72.870003,200,0.000000,0.000000
1480445422000,72.860001,72.800003,200,72.870003,200,0.000000,0.000000
1480445424000,72.860001,72.800003,200,72.870003,200,0.000000,0.000000
1480445426000,72.860001,72.800003,200,72.870003,200,0.000000,0.000000
1480445428000,72.860001,72.800003,200,72.870003,200,0.000000,0.000000
1480445430000,72.860001,72.800003,200,72.870003,200,0.000000,0.000000
1480445432000,72.860001,72.800003,200,72.870003,300,0.000000,0.000000
1480445434000,72.860001,72.800003,200,72.870003,300,0.000000,0.000000
1480445436000,72.860001,72.800003,200,72.870003,300,0.000000,0.000000
1480445438000,72.860001,72.800003,200,72.870003,300,0.000000,0.000000
1480445440000,72.860001,72.800003,200,72.870003,300,0.000000,0.000000
1480445442000,72.860001,72.800003,200,72.870003,300,0.000000,0.000000
1480445444000,72.860001,72.800003,200,72.870003,300,0.000000,0.000000
1480445447000,72.860001,72.800003,200,72.870003,300,0.000000,0.000000
1480445449000,72.860001,72.800003,200,72.870003,300,0.000000,0.000000
1480445451000,72.940002,72.800003,200,72.870003,300,0.000000,0.000000
1480445453000,72.940002,72.800003,200,72.870003,300,0.000000,0.000000
1480445455000,72.940002,72.800003,200,72.870003,300,0.000000,0.000000
1480445457000,72.940002,72.800003,200,72.870003,300,0.000000,0.000000
1480445459000,72.940002,72.800003,200,72.870003,300,0.000000,0.000000
1480445461000,72.940002,72.800003,200,72.870003,300,0.000000,0.000000
1480445463000,72.940002,72.800003,200,72.870003,300,0.000000,0.000000
1480445465000,72.940002,72.800003,200,72.870003,300,0.000000,0.000000
1480445467000,72.940002,72.800003,200,72.870003,300,0.000000,0.000000
1480445469000,72.940002,72.800003,200,72.870003,300,0.000000,0.000000
1480445471000,72.940002,72.800003,200,72.870003,300,0.000000,0.000000
1480445473000,72.940002,72.800003,200,72.870003,300,0.000000,0.000000
1480445475000,72.940002,72.800003,200,72.870003,300,0.000000,0.000000
1480445477000,72.940002,72.800003,200,72.870003,300,0.000000,0.000000
1480445479000,72.940002,72.800003,200,72.870003,300,0.000000,0.000000
1480445481000,72.940002,72.800003,200,72.870003,300,0.000000,0.000000
1480445483000,72.940002,72.800003,200,72.870003,300,0.000000,0.000000
1480445486000,72.940002,72.800003,200,72.870003,300,0.000000,0.000000
1480445488000,72.940002,72.800003,200,72.870003,300,0.000000,0.000000
1480445490000,72.940002,72.800003,200,72.870003,300,0.000000,0.000000
1480445492000,72.940002,72.820000,400,72.910004,100,0.000000,0.000000
1480445494000,72.940002,72.820000,400,72.870003,100,0.000000,0.000000
1480445496000,72.940002,72.820000,400,72.870003,100,0.000000,0.000000
1480445498000,72.940002,72.820000,400,72.870003,100,0.000000,0.000000
1480445500000,72.940002,72.820000,400,72.870003,100,0.000000,0.000000
1480445502000,72.940002,72.820000,400,72.870003,100,0.000000,0.000000
1480445504000,72.940002,72.820000,400,72.870003,100,0.000000,0.000000
1480445506000,72.940002,72.820000,400,72.870003,100,0.000000,0.000000
1480445508000,72.940002,72.820000,400,72.870003,100,0.000000,0.000000
1480445510000,72.940002,72.820000,400,72.870003,100,0.000000,0.000000
1480445512000,72.940002,72.820000,400,72.870003,100,0.000000,0.000000
1480445514000,72.940002,72.820000,400,72.870003,100,0.000000,0.000000
1480445516000,72.940002,72.820000,400,72.870003,100,0.000000,0.000000
1480445519000,72.940002,72.820000,400,72.870003,100,0.000000,0.000000
1480445521000,72.940002,72.820000,400,72.870003,100,0.000000,0.000000
1480445523000,72.940002,72.820000,400,72.870003,100,0.000000,0.000000
1480445525000,72.940002,72.820000,400,72.870003,100,0.000000,0.000000
1480445527000,72.940002,72.820000,400,72.870003,100,0.000000,0.000000
1480445529000,72.940002,72.820000,400,72.870003,100,0.000000,0.000000
1480445531000,72.940002,72.820000,400,72.870003,100,0.000000,0.000000
1480445533000,72.940002,72.820000,400,72.870003,100,0.000000,0.000000
1480445535000,72.940002,72.820000,400,72.870003,100,0.000000,0.000000
1480445537000,72.940002,72.820000,400,72.870003,100,0.000000,0.000000
1480445539000,72.940002,72.820000,400,72.870003,100,0.000000,0.000000
1480445541000,72.940002,72.820000,400,72.870003,100,0.000000,0.000000
1480445543000,72.940002,72.820000,400,72.870003,100,0.000000,0.000000
1480445545000,72.940002,72.820000,400,72.870003,100,0.000000,0.000000
1480445547000,72.940002,72.820000,400,72.870003,100,0.000000,0.000000
1480445549000,72.940002,72.820000,400,72.870003,100,0.000000,0.000000
1480445551000,72.940002,72.820000,500,72.870003,100,0.000000,0.000000
1480445553000,72.940002,72.820000,500,72.870003,100,0.000000,0.000000
1480445555000,72.940002,72.820000,500,72.870003,100,0.000000,0.000000
1480445557000,72.940002,72.820000,500,72.870003,100,0.000000,0.000000
1480445560000,72.940002,72.820000,500,72.870003,100,0.000000,0.000000
1480445562000,72.940002,72.820000,500,72.870003,100,0.000000,0.000000
1480445564000,72.940002,72.820000,500,72.870003,100,0.000000,0.000000
1480445566000,72.940002,72.820000,500,72.870003,100,0.000000,0.000000
1480445568000,72.940002,72.820000,500,72.870003,100,0.000000,0.000000
1480445570000,72.940002,72.820000,500,72.870003,100,0.000000,0.000000
1480445572000,72.940002,72.820000,500,72.870003,100,0.000000,0.000000
1480445574000,72.940002,72.820000,500,72.870003,100,0.000000,0.000000
1480445576000,72.940002,72.820000,500,72.870003,100,0.000000,0.000000
1480445578000,72.940002,72.820000,500,72.870003,100,0.000000,0.000000
1480445580000,72.940002,72.820000,500,72.870003,100,0.000000,0.000000
1480445582000,72.940002,72.820000,500,72.870003,100,0.000000,0.000000
1480445584000,72.940002,72.820000,500,72.870003,100,0.000000,0.000000
1480445586000,72.940002,72.820000,500,72.870003,100,0.000000,0.000000
1480445588000,72.940002,72.820000,500,72.870003,100,0.000000,0.000000
1480445590000,72.940002,72.820000,500,72.870003,100,0.000000,0.000000
1480445592000,72.940002,72.820000,500,72.870003,100,0.000000,0.000000
1480445594000,72.940002,72.820000,500,72.870003,100,0.000000,0.000000
1480445597000,72.940002,72.820000,500,72.870003,100,0.000000,0.000000
1480445599000,72.940002,72.820000,500,72.870003,100,0.000000,0.000000
1480445601000,72.940002,72.820000,500,72.870003,100,0.000000,0.000000
1480445603000,72.940002,72.820000,500,72.870003,100,0.000000,0.000000
1480445605000,72.940002,72.820000,500,72.870003,100,0.000000,0.000000
1480445607000,72.940002,72.820000,500,72.870003,100,0.000000,0.000000
1480445609000,72.940002,72.820000,500,72.870003,100,0.000000,0.000000
1480445611000,72.940002,72.820000,500,72.870003,100,0.000000,0.000000
1480445613000,72.940002,72.830002,500,72.910004,100,0.000000,0.000000
1480445615000,72.940002,72.830002,500,72.910004,100,0.000000,0.000000
1480445617000,72.940002,72.830002,500,72.910004,100,0.000000,0.000000
1480445619000,72.940002,72.830002,500,72.910004,100,0.000000,0.000000
1480445621000,72.940002,72.830002,500,72.910004,100,0.000000,0.000000
1480445623000,72.940002,72.830002,500,72.910004,100,0.000000,0.000000
1480445625000,72.940002,72.830002,500,72.910004,100,0.000000,0.000000
1480445627000,72.940002,72.830002,500,72.910004,100,0.000000,0.000000
1480445629000,72.940002,72.830002,500,72.910004,100,0.000000,0.000000
1480445631000,72.940002,72.830002,500,72.910004,100,0.000000,0.000000
1480445633000,72.940002,72.830002,500,72.910004,100,0.000000,0.000000
1480445636000,72.940002,72.830002,500,72.910004,100,0.000000,0.000000
1480445638000,72.940002,72.830002,500,72.910004,100,0.000000,0.000000
1480445640000,72.940002,72.830002,500,72.910004,100,0.000000,0.000000
1480445642000,72.940002,72.830002,500,72.910004,100,0.000000,0.000000
1480445644000,72.940002,72.830002,500,72.910004,100,0.000000,0.000000
1480445646000,72.940002,72.830002,500,72.910004,100,0.000000,0.000000
1480445648000,72.940002,72.830002,500,72.910004,100,0.000000,0.000000
1480445650000,72.940002,72.830002,500,72.910004,100,0.000000,0.000000
1480445652000,72.940002,72.830002,500,72.910004,100,0.000000,0.000000
1480445654000,72.940002,72.830002,500,72.910004,100,0.000000,0.000000
1480445656000,72.940002,72.830002,500,72.910004,100,0.000000,0.000000
1480445658000,72.940002,72.830002,500,72.910004,100,0.000000,0.000000
1480445660000,72.940002,72.830002,500,72.910004,100,0.000000,0.000000
1480445662000,72.940002,72.830002,500,72.910004,100,0.000000,0.000000
1480445664000,72.940002,72.830002,500,72.910004,100,0.000000,0.000000
1480445666000,72.940002,72.830002,500,72.910004,100,0.000000,0.000000
1480445668000,72.940002,72.830002,500,72.910004,100,0.000000,0.000000
1480445670000,72.940002,72.830002,500,72.910004,100,0.000000,0.000000
1480445672000,72.940002,72.849998,300,72.900002,200,0.000000,0.000000
1480445675000,72.940002,72.849998,300,72.900002,200,0.000000,0.000000
1480445677000,72.940002,72.849998,300,72.900002,200,0.000000,0.000000
1480445679000,72.940002,72.849998,300,72.900002,200,0.000000,0.000000
1480445681000,72.940002,72.849998,300,72.900002,200,0.000000,0.000000
1480445683000,72.940002,72.849998,300,72.900002,200,0.000000,0.000000
1480445685000,72.940002,72.849998,300,72.900002,200,0.000000,0.000000
1480445687000,72.940002,72.849998,300,72.900002,200,0.000000,0.000000
1480445689000,72.940002,72.849998,300,72.900002,200,0.000000,0.000000
1480445691000,72.940002,72.849998,300,72.900002,200,0.000000,0.000000
1480445693000,72.940002,72.849998,300,72.900002,200,0.000000,0.000000
1480445695000,72.940002,72.849998,300,72.900002,200,0.000000,0.000000
1480445697000,72.940002,72.849998,300,72.900002,200,0.000000,0.000000
1480445699000,72.940002,72.849998,300,72.900002,200,0.000000,0.000000
1480445701000,72.940002,72.849998,300,72.900002,200,0.000000,0.000000
1480445703000,72.940002,72.849998,300,72.900002,200,0.000000,0.000000
1480445705000,72.940002,72.849998,300,72.900002,200,0.000000,0.000000
1480445707000,72.940002,72.849998,300,72.900002,200,0.000000,0.000000
1480445709000,72.940002,72.849998,300,72.900002,200,0.000000,0.000000
1480445712000,72.940002,72.849998,300,72.900002,200,0.000000,0.000000
1480445714000,72.940002,72.849998,300,72.900002,200,0.000000,0.000000
1480445716000,72.940002,72.849998,300,72.900002,200,0.000000,0.000000
1480445718000,72.940002,72.849998,300,72.900002,200,0.000000,0.000000
1480445720000,72.940002,72.849998,300,72.900002,200,0.000000,0.000000
1480445722000,72.940002,72.849998,300,72.900002,200,0.000000,0.000000
1480445724000,72.940002,72.849998,300,72.900002,200,0.000000,0.000000
1480445726000,72.940002,72.849998,300,72.900002,200,0.000000,0.000000
1480445728000,72.940002,72.849998,300,72.900002,200,0.000000,0.000000
1480445730000,72.940002,72.849998,300,72.900002,200,0.000000,0.000000
1480445732000,72.940002,72.750000,100,72.860001,100,0.000000,0.000000
1480445734000,72.940002,72.750000,100,72.860001,100,0.000000,0.000000
1480445736000,72.940002,72.750000,100,72.860001,100,0.000000,0.000000
1480445738000,72.940002,72.750000,100,72.860001,100,0.000000,0.000000
1480445740000,72.940002,72.750000,100,72.860001,100,0.000000,0.000000
1480445742000,72.940002,72.750000,100,72.860001,100,0.000000,0.000000
1480445744000,72.940002,72.750000,100,72.860001,100,0.000000,0.000000
1480445747000,72.940002,72.750000,100,72.860001,100,0.000000,0.000000
1480445749000,72.940002,72.750000,100,72.860001,100,0.000000,0.000000
1480445751000,72.940002,72.750000,100,72.860001,100,0.000000,0.000000
1480445753000,72.940002,72.750000,100,72.860001,100,0.000000,0.000000
1480445755000,72.940002,72.750000,100,72.860001,100,0.000000,0.000000
1480445757000,72.940002,72.750000,100,72.860001,100,0.000000,0.000000
1480445759000,72.940002,72.750000,100,72.860001,100,0.000000,0.000000
1480445761000,72.940002,72.750000,100,72.860001,100,0.000000,0.000000
1480445763000,72.940002,72.750000,100,72.860001,100,0.000000,0.000000
1480445765000,72.940002,72.750000,100,72.860001,100,0.000000,0.000000
1480445767000,72.940002,72.750000,100,72.860001,100,0.000000,0.000000
1480445769000,72.940002,72.750000,100,72.860001,100,0.000000,0.000000
1480445771000,72.940002,72.750000,100,72.860001,100,0.000000,0.000000
1480445773000,72.940002,72.750000,100,72.860001,100,0.000000,0.000000
1480445775000,72.940002,72.750000,100,72.860001,100,0.000000,0.000000
1480445777000,72.940002,72.750000,100,72.860001,100,0.000000,0.000000
1480445779000,72.940002,72.750000,100,72.860001,100,0.000000,0.000000
1480445782000,72.940002,72.750000,100,72.860001,100,0.000000,0.000000
1480445784000,72.940002,72.750000,100,72.860001,100,0.000000,0.000000
1480445786000,72.940002,72.750000,100,72.860001,100,0.000000,0.000000
1480445788000,72.940002,72.750000,100,72.860001,100,0.000000,0.000000
1480445790000,72.940002,72.750000,100,72.860001,100,0.000000,0.000000
1480445792000,72.940002,72.739998,300,72.849998,200,0.000000,0.000000
1480445794000,72.940002,72.739998,300,72.849998,200,0.000000,0.000000
1480445796000,72.940002,72.739998,300,72.849998,200,0.000000,0.000000
1480445798000,72.940002,72.739998,300,72.849998,200,0.000000,0.000000
1480445800000,72.940002,72.739998,300,72.849998,200,0.000000,0.000000
1480445802000,72.940002,72.739998,300,72.849998,200,0.000000,0.000000
1480445804000,72.940002,72.739998,300,72.849998,200,0.000000,0.000000
1480445806000,72.940002,72.739998,300,72.849998,200,0.000000,0.000000
1480445808000,72.940002,72.739998,300,72.849998,200,0.000000,0.000000
1480445810000,72.940002,72.739998,300,72.849998,200,0.000000,0.000000
1480445812000,72.940002,72.739998,300,72.849998,200,0.000000,0.000000
1480445814000,72.940002,72.739998,300,72.849998,200,0.000000,0.000000
1480445816000,72.940002,72.739998,300,72.849998,200,0.000000,0.000000
1480445818000,72.940002,72.739998,300,72.849998,200,0.000000,0.000000
1480445821000,72.940002,72.739998,300,72.849998,200,0.000000,0.000000
1480445823000,72.940002,72.739998,300,72.849998,200,0.000000,0.000000
1480445825000,72.940002,72.739998,300,72.849998,200,0.000000,0.000000
1480445827000,72.940002,72.739998,300,72.849998,200,0.000000,0.000000
1480445829000,72.940002,72.739998,300,72.849998,200,0.000000,0.000000
1480445831000,72.940002,72.739998,300,72.849998,200,0.000000,0.000000
1480445833000,72.940002,72.739998,300,72.849998,200,0.000000,0.000000
1480445835000,72.940002,72.739998,300,72.849998,200,0.000000,0.000000
1480445837000,72.940002,72.739998,300,72.849998,200,0.000000,0.000000
1480445839000,72.940002,72.739998,300,72.849998,200,0.000000,0.000000
1480445841000,72.940002,72.739998,300,72.849998,200,0.000000,0.000000
1480445843000,72.940002,72.739998,300,72.849998,200,0.000000,0.000000
1480445845000,72.940002,72.739998,300,72.849998,200,0.000000,0.000000
1480445847000,72.940002,72.739998,300,72.849998,200,0.000000,0.000000
1480445849000,72.940002,72.739998,300,72.849998,200,0.000000,0.000000
1480445851000,72.940002,72.739998,300,72.849998,200,0.000000,0.000000
1480445853000,72.940002,72.699997,400,72.790001,100,0.000000,0.000000
1480445855000,72.940002,72.699997,400,72.790001,100,0.000000,0.000000
1480445857000,72.940002,72.699997,400,72.790001,100,0.000000,0.000000
1480445860000,72.940002,72.699997,400,72.790001,100,0.000000,0.000000
1480445862000,72.940002,72.699997,400,72.790001,100,0.000000,0.000000
1480445864000,72.940002,72.699997,400,72.790001,100,0.000000,0.000000
1480445866000,72.940002,72.699997,400,72.790001,100,0.000000,0.000000
1480445868000,72.940002,72.699997,400,72.790001,100,0.000000,0.000000
1480445870000,72.940002,72.699997,400,72.790001,100,0.000000,0.000000
1480445872000,72.940002,72.699997,400,72.790001,100,0.000000,0.000000
1480445874000,72.940002,72.699997,400,72.790001,100,0.000000,0.000000
1480445876000,72.940002,72.699997,400,72.790001,100,0.000000,0.000000
1480445878000,72.940002,72.699997,400,72.790001,100,0.000000,0.000000
1480445880000,72.940002,72.699997,400,72.790001,100,0.000000,0.000000
1480445882000,72.940002,72.699997,400,72.790001,100,0.000000,0.000000
1480445884000,72.940002,72.699997,400,72.790001,100,0.000000,0.000000
1480445886000,72.940002,72.699997,400,72.790001,100,0.000000,0.000000
1480445888000,72.940002,72.699997,400,72.790001,100,0.000000,0.000000
1480445890000,72.940002,72.699997,400,72.790001,100,0.000000,0.000000
1480445892000,72.940002,72.699997,400,72.790001,100,0.000000,0.000000
1480445894000,72.940002,72.699997,400,72.790001,100,0.000000,0.000000
1480445897000,72.940002,72.699997,400,72.790001,100,0.000000,0.000000
1480445899000,72.940002,72.699997,400,72.790001,100,0.000000,0.000000
1480445901000,72.940002,72.699997,400,72.790001,100,0.000000,0.000000
1480445903000,72.940002,72.699997,400,72.790001,100,0.000000,0.000000
1480445905000,72.940002,72.699997,400,72.790001,100,0.000000,0.000000
1480445907000,72.940002,72.699997,400,72.790001,100,0.000000,0.000000
1480445909000,72.940002,72.699997,400,72.790001,100,0.000000,0.000000
1480445911000,72.940002,72.699997,400,72.790001,100,0.000000,0.000000
1480445913000,72.940002,72.699997,200,72.769997,200,0.000000,0.000000
1480445915000,72.940002,72.699997,200,72.769997,200,0.000000,0.000000
1480445917000,72.940002,72.699997,200,72.769997,200,0.000000,0.000000
1480445919000,72.904999,72.699997,200,72.769997,200,0.000000,0.000000
1480445921000,72.904999,72.699997,200,72.769997,200,0.000000,0.000000
1480445923000,72.904999,72.699997,200,72.769997,200,0.000000,0.000000
1480445925000,72.904999,72.699997,200,72.769997,200,0.000000,0.000000
1480445927000,72.904999,72.699997,200,72.769997,200,0.000000,0.000000
1480445929000,72.904999,72.699997,200,72.769997,200,0.000000,0.000000
1480445931000,72.904999,72.699997,200,72.769997,200,0.000000,0.000000
1480445933000,72.904999,72.699997,200,72.769997,200,0.000000,0.000000
1480445935000,72.904999,72.699997,200,72.769997,200,0.000000,0.000000
1480445938000,72.904999,72.699997,200,72.769997,200,0.000000,0.000000
1480445940000,72.904999,72.699997,200,72.769997,200,0.000000,0.000000
1480445942000,72.904999,72.699997,200,72.769997,200,0.000000,0.000000
1480445944000,72.904999,72.699997,200,72.769997,200,0.000000,0.000000
1480445946000,72.904999,72.699997,200,72.769997,200,0.000000,0.000000
1480445948000,72.904999,72.699997,200,72.769997,200,0.000000,0.000000
1480445950000,72.904999,72.699997,200,72.769997,200,0.000000,0.000000
1480445952000,72.904999,72.699997,200,72.769997,200,0.000000,0.000000
1480445954000,72.904999,72.699997,200,72.769997,200,0.000000,0.000000
1480445956000,72.904999,72.699997,200,72.769997,200,0.000000,0.000000
1480445958000,72.904999,72.699997,200,72.769997,200,0.000000,0.000000
1480445960000,72.904999,72.699997,200,72.769997,200,0.000000,0.000000
1480445962000,72.904999,72.699997,200,72.769997,200,0.000000,0.000000
1480445964000,72.904999,72.699997,200,72.769997,200,0.000000,0.000000
1480445966000,72.904999,72.699997,200,72.769997,200,0.000000,0.000000
1480445968000,72.904999,72.699997,200,72.769997,200,0.000000,0.000000
1480445970000,72.904999,72.699997,200,72.769997,200,0.000000,0.000000
1480445972000,72.904999,72.680000,100,72.730003,100,0.000000,0.000000
1480445974000,72.904999,72.680000,100,72.730003,100,0.000000,0.000000
1480445977000,72.904999,72.680000,100,72.730003,100,0.000000,0.000000
1480445979000,72.904999,72.680000,100,72.730003,100,0.000000,0.000000
1480445981000,72.904999,72.680000,100,72.730003,100,0.000000,0.000000
1480445983000,72.904999,72.680000,100,72.730003,100,0.000000,0.000000
1480445985000,72.904999,72.680000,100,72.730003,100,0.000000,0.000000
1480445987000,72.904999,72.680000,100,72.730003,100,0.000000,0.000000
1480445989000,72.904999,72.680000,100,72.730003,100,0.000000,0.000000
1480445991000,72.904999,72.680000,100,72.730003,100,0.000000,0.000000
1480445993000,72.904999,72.680000,100,72.730003,100,0.000000,0.000000
1480445995000,72.904999,72.680000,100,72.730003,100,0.000000,0.000000
1480445997000,72.959999,72.680000,100,72.730003,100,0.000000,0.000000
1480445999000,72.959999,72.680000,100,72.730003,100,0.000000,0.000000
1480446001000,72.959999,72.680000,100,72.730003,100,0.000000,0.000000
1480446003000,72.959999,72.680000,100,72.730003,100,0.000000,0.000000
1480446005000,72.959999,72.680000,100,72.730003,100,0.000000,0.000000
1480446007000,72.959999,72.680000,100,72.730003,100,0.000000,0.000000
1480446009000,72.959999,72.680000,100,72.730003,100,0.000000,0.000000
1480446011000,72.959999,72.680000,100,72.730003,100,0.000000,0.000000
1480446013000,72.959999,72.680000,100,72.730003,100,0.000000,0.000000
1480446016000,72.959999,72.680000,100,72.730003,100,0.000000,0.000000
1480446018000,72.959999,72.680000,100,72.730003,100,0.000000,0.000000
1480446020000,72.959999,72.680000,100,72.730003,100,0.000000,0.000000
1480446022000,72.959999,72.680000,100,72.730003,100,0.000000,0.000000
1480446024000,72.959999,72.680000,100,72.730003,100,0.000000,0.000000
1480446026000,72.959999,72.680000,100,72.730003,100,0.000000,0.000000
1480446028000,72.959999,72.680000,100,72.730003,100,0.000000,0.000000
1480446030000,72.959999,72.680000,100,72.730003,100,0.000000,0.000000
1480446032000,72.959999,72.690002,200,72.839996,100,0.000000,0.000000
1480446034000,72.959999,72.690002,200,72.839996,100,0.000000,0.000000
1480446036000,72.959999,72.690002,200,72.839996,100,0.000000,0.000000
1480446038000,72.959999,72.690002,200,72.839996,100,0.000000,0.000000
1480446040000,72.959999,72.690002,200,72.839996,100,0.000000,0.000000
1480446042000,72.959999,72.690002,200,72.839996,100,0.000000,0.000000
1480446044000,72.959999,72.690002,200,72.839996,100,0.000000,0.000000
1480446046000,72.959999,72.690002,200,72.839996,100,0.000000,0.000000
1480446049000,72.959999,72.690002,200,72.839996,100,0.000000,0.000000
1480446051000,72.959999,72.690002,200,72.839996,100,0.000000,0.000000
1480446053000,72.959999,72.690002,200,72.839996,100,0.000000,0.000000
1480446055000,72.959999,72.690002,200,72.839996,100,0.000000,0.000000
1480446057000,72.959999,72.690002,200,72.839996,100,0.000000,0.000000
1480446059000,72.959999,72.690002,200,72.839996,100,0.000000,0.000000
1480446061000,72.959999,72.690002,200,72.839996,100,0.000000,0.000000
1480446063000,72.959999,72.690002,200,72.839996,100,0.000000,0.000000
1480446065000,72.959999,72.690002,200,72.839996,100,0.000000,0.000000
1480446067000,72.959999,72.690002,200,72.839996,100,0.000000,0.000000
1480446069000,72.959999,72.690002,200,72.839996,100,0.000000,0.000000
1480446071000,72.959999,72.690002,200,72.839996,100,0.000000,0.000000
1480446073000,72.959999,72.690002,200,72.839996,100,0.000000,0.000000
1480446075000,72.959999,72.690002,200,72.839996,100,0.000000,0.000000
1480446077000,72.959999,72.690002,200,72.839996,100,0.000000,0.000000
1480446079000,72.959999,72.690002,200,72.839996,100,0.000000,0.000000
1480446081000,72.959999,72.690002,200,72.839996,100,0.000000,0.000000
1480446083000,72.959999,72.690002,200,72.839996,100,0.000000,0.000000
1480446086000,72.959999,72.690002,200,72.839996,100,0.000000,0.000000
1480446088000,72.959999,72.690002,200,72.839996,100,0.000000,0.000000
1480446090000,72.959999,72.690002,200,72.839996,100,0.000000,0.000000
1480446092000,72.959999,72.690002,100,72.769997,100,0.000000,0.000000
1480446094000,72.959999,72.690002,100,72.769997,100,0.000000,0.000000
1480446096000,72.959999,72.690002,100,72.769997,100,0.000000,0.000000
1480446098000,72.959999,72.690002,100,72.769997,100,0.000000,0.000000
1480446100000,72.959999,72.690002,100,72.769997,100,0.000000,0.000000
1480446102000,72.959999,72.690002,100,72.769997,100,0.000000,0.000000
1480446104000,72.959999,72.690002,100,72.769997,100,0.000000,0.000000
1480446106000,72.959999,72.690002,100,72.769997,100,0.000000,0.000000
1480446108000,72.959999,72.690002,100,72.769997,100,0.000000,0.000000
1480446110000,72.959999,72.690002,100,72.769997,100,0.000000,0.000000
1480446112000,72.959999,72.690002,100,72.769997,100,0.000000,0.000000
1480446114000,72.959999,72.690002,100,72.769997,100,0.000000,0.000000
1480446117000,72.959999,72.690002,100,72.769997,100,0.000000,0.000000
1480446119000,72.959999,72.690002,100,72.769997,100,0.000000,0.000000
1480446121000,72.959999,72.690002,100,72.769997,100,0.000000,0.000000
1480446123000,72.959999,72.690002,100,72.769997,100,0.000000,0.000000
1480446125000,72.959999,72.690002,100,72.769997,100,0.000000,0.000000
1480446127000,72.959999,72.690002,100,72.769997,100,0.000000,0.000000
1480446129000,72.959999,72.690002,100,72.769997,100,0.000000,0.000000
1480446131000,72.959999,72.690002,100,72.769997,100,0.000000,0.000000
1480446133000,72.959999,72.690002,100,72.769997,100,0.000000,0.000000
1480446135000,72.959999,72.690002,100,72.769997,100,0.000000,0.000000
1480446137000,72.959999,72.690002,100,72.769997,100,0.000000,0.000000
1480446139000,72.959999,72.690002,100,72.769997,100,0.000000,0.000000
1480446141000,72.959999,72.690002,100,72.769997,100,0.000000,0.000000
1480446143000,72.959999,72.690002,100,72.769997,100,0.000000,0.000000
1480446145000,72.959999,72.690002,100,72.769997,100,0.000000,0.000000
1480446147000,72.959999,72.690002,100,72.769997,100,0.000000,0.000000
1480446150000,72.959999,72.690002,100,72.769997,100,0.000000,0.000000
1480446152000,72.959999,72.699997,300,72.839996,100,0.000000,0.000000
1480446154000,72.959999,72.699997,300,72.839996,100,0.000000,0.000000
1480446156000,72.974998,72.699997,300,72.839996,100,0.000000,0.000000
1480446158000,72.974998,72.699997,300,72.839996,100,0.000000,0.000000
1480446160000,72.974998,72.699997,300,72.839996,100,0.000000,0.000000
1480446162000,72.974998,72.699997,300,72.839996,100,0.000000,0.000000
1480446164000,72.974998,72.699997,300,72.839996,100,0.000000,0.000000
1480446166000,72.974998,72.699997,300,72.839996,100,0.000000,0.000000
1480446168000,72.974998,72.699997,300,72.839996,100,0.000000,0.000000
1480446170000,72.974998,72.699997,300,72.839996,100,0.000000,0.000000
1480446172000,72.974998,72.699997,300,72.839996,100,0.000000,0.000000
1480446174000,72.974998,72.699997,300,72.839996,100,0.000000,0.000000
1480446176000,72.974998,72.699997,300,72.839996,100,0.000000,0.000000
1480446178000,72.974998,72.699997,300,72.839996,100,0.000000,0.000000
1480446180000,72.974998,72.699997,300,72.839996,100,0.000000,0.000000
1480446182000,72.974998,72.699997,300,72.839996,100,0.000000,0.000000
1480446184000,72.974998,72.699997,300,72.839996,100,0.000000,0.000000
1480446186000,72.974998,72.699997,300,72.839996,100,0.000000,0.000000
1480446189000,72.974998,72.699997,300,72.839996,100,0.000000,0.000000
1480446191000,72.974998,72.699997,300,72.839996,100,0.000000,0.000000
1480446193000,72.974998,72.699997,300,72.839996,100,0.000000,0.000000
1480446195000,72.974998,72.699997,300,72.839996,100,0.000000,0.000000
1480446197000,72.974998,72.699997,300,72.839996,100,0.000000,0.000000
1480446199000,72.974998,72.699997,300,72.839996,100,0.000000,0.000000
1480446201000,72.974998,72.699997,300,72.839996,100,0.000000,0.000000
1480446203000,72.974998,72.699997,300,72.839996,100,0.000000,0.000000
1480446205000,72.974998,72.699997,300,72.839996,100,0.000000,0.000000
1480446207000,72.974998,72.699997,300,72.839996,100,0.000000,0.000000
1480446209000,72.974998,72.699997,300,72.839996,100,0.000000,0.000000
1480446211000,72.974998,72.699997,300,72.839996,100,0.000000,0.000000
1480446213000,72.974998,72.760002,300,72.870003,100,0.000000,0.000000
1480446215000,72.974998,72.760002,300,72.870003,100,0.000000,0.000000
1480446217000,72.974998,72.760002,300,72.870003,100,0.000000,0.000000
1480446219000,72.974998,72.760002,300,72.870003,100,0.000000,0.000000
1480446221000,72.974998,72.760002,300,72.870003,100,0.000000,0.000000
1480446223000,72.974998,72.760002,300,72.870003,100,0.000000,0.000000
1480446225000,72.974998,72.760002,300,72.870003,100,0.000000,0.000000
1480446227000,72.974998,72.760002,300,72.870003,100,0.000000,0.000000
1480446230000,72.974998,72.760002,300,72.870003,100,0.000000,0.000000
1480446232000,72.974998,72.760002,300,72.870003,100,0.000000,0.000000
1480446234000,72.974998,72.760002,300,72.870003,100,0.000000,0.000000
1480446236000,72.974998,72.760002,300,72.870003,100,0.000000,0.000000
1480446238000,72.974998,72.760002,300,72.870003,100,0.000000,0.000000
1480446240000,72.974998,72.760002,300,72.870003,100,0.000000,0.000000
1480446242000,72.974998,72.760002,300,72.870003,100,0.000000,0.000000
1480446244000,72.974998,72.760002,300,72.870003,100,0.000000,0.000000
1480446246000,72.974998,72.760002,300,72.870003,100,0.000000,0.000000
1480446248000,72.974998,72.760002,300,72.870003,100,0.000000,0.000000
1480446250000,72.974998,72.760002,300,72.870003,100,0.000000,0.000000
1480446252000,72.974998,72.760002,300,72.870003,100,0.000000,0.000000
1480446254000,72.974998,72.760002,300,72.870003,100,0.000000,0.000000
1480446256000,72.974998,72.760002,300,72.870003,100,0.000000,0.000000
1480446258000,72.974998,72.760002,300,72.870003,100,0.000000,0.000000
1480446260000,72.974998,72.760002,300,72.870003,100,0.000000,0.000000
1480446262000,72.974998,72.760002,300,72.870003,100,0.000000,0.000000
1480446264000,72.974998,72.760002,300,72.870003,100,0.000000,0.000000
1480446266000,72.974998,72.760002,300,72.870003,100,0.000000,0.000000
1480446268000,72.974998,72.760002,300,72.870003,100,0.000000,0.000000
1480446271000,72.974998,72.760002,300,72.870003,100,0.000000,0.000000
1480446273000,72.974998,72.790001,100,73.029999,200,0.000000,0.000000
1480446275000,72.974998,72.790001,100,73.029999,200,0.000000,0.000000
1480446277000,72.974998,72.790001,100,73.029999,200,0.000000,0.000000
1480446279000,72.974998,72.790001,100,73.029999,200,0.000000,0.000000
1480446281000,72.974998,72.790001,100,73.029999,200,0.000000,0.000000
1480446283000,72.974998,72.790001,100,73.029999,200,0.000000,0.000000
1480446285000,72.974998,72.790001,100,73.029999,200,0.000000,0.000000
1480446287000,72.974998,72.790001,100,73.029999,200,0.000000,0.000000
1480446289000,72.974998,72.790001,100,73.029999,200,0.000000,0.000000
1480446291000,72.974998,72.790001,100,73.029999,200,0.000000,0.000000
1480446293000,72.974998,72.790001,100,73.029999,200,0.000000,0.000000
1480446295000,72.974998,72.790001,100,73.029999,200,0.000000,0.000000
1480446297000,72.974998,72.790001,100,73.029999,200,0.000000,0.000000
1480446299000,72.974998,72.790001,100,73.029999,200,0.000000,0.000000
1480446301000,72.974998,72.790001,100,73.029999,200,0.000000,0.000000
1480446303000,72.974998,72.790001,100,73.029999,200,0.000000,0.000000
1480446305000,72.974998,72.790001,100,73.029999,200,0.000000,0.000000
1480446308000,72.974998,72.790001,100,73.029999,200,0.000000,0.000000
1480446310000,72.974998,72.790001,100,73.029999,200,0.000000,0.000000
1480446312000,72.974998,72.790001,100,73.029999,200,0.000000,0.000000
1480446314000,72.974998,72.790001,100,73.029999,200,0.000000,0.000000
1480446316000,72.974998,72.790001,100,73.029999,200,0.000000,0.000000
1480446318000,72.974998,72.790001,100,73.029999,200,0.000000,0.000000
1480446320000,72.974998,72.790001,100,73.029999,200,0.000000,0.000000
1480446322000,72.974998,72.790001,100,73.029999,200,0.000000,0.000000
1480446324000,72.974998,72.790001,100,73.029999,200,0.000000,0.000000
1480446326000,72.974998,72.790001,100,73.029999,200,0.000000,0.000000
1480446328000,72.974998,72.790001,100,73.029999,200,0.000000,0.000000
1480446330000,72.974998,72.790001,100,73.029999,200,0.000000,0.000000
1480446332000,72.974998,72.849998,100,72.940002,200,0.000000,0.000000
1480446334000,72.974998,72.809998,100,72.910004,100,0.000000,0.000000
1480446336000,72.974998,72.809998,100,72.910004,100,0.000000,0.000000
1480446338000,72.974998,72.809998,100,72.910004,100,0.000000,0.000000
1480446340000,72.974998,72.809998,100,72.910004,100,0.000000,0.000000
1480446342000,72.974998,72.809998,100,72.910004,100,0.000000,0.000000
1480446344000,72.974998,72.809998,100,72.910004,100,0.000000,0.000000
1480446346000,72.974998,72.809998,100,72.910004,100,0.000000,0.000000
1480446349000,72.974998,72.809998,100,72.910004,100,0.000000,0.000000
1480446351000,72.974998,72.809998,100,72.910004,100,0.000000,0.000000
1480446353000,72.974998,72.809998,100,72.910004,100,0.000000,0.000000
1480446355000,72.974998,72.809998,100,72.910004,100,0.000000,0.000000
1480446357000,72.974998,72.809998,100,72.910004,100,0.000000,0.000000
1480446359000,73.065002,72.809998,100,72.910004,100,0.000000,0.000000
1480446361000,73.065002,72.809998,100,72.910004,100,0.000000,0.000000
1480446363000,73.065002,72.809998,100,72.910004,100,0.000000,0.000000
1480446365000,73.065002,72.809998,100,72.910004,100,0.000000,0.000000
1480446367000,73.065002,72.809998,100,72.910004,100,0.000000,0.000000
1480446369000,73.065002,72.809998,100,72.910004,100,0.000000,0.000000
1480446371000,73.065002,72.809998,100,72.910004,100,0.000000,0.000000
1480446373000,73.065002,72.809998,100,72.910004,100,0.000000,0.000000
1480446375000,73.065002,72.809998,100,72.910004,100,0.000000,0.000000
1480446377000,73.065002,72.809998,100,72.910004,100,0.000000,0.000000
1480446379000,73.065002,72.809998,100,72.910004,100,0.000000,0.000000
1480446382000,73.065002,72.809998,100,72.910004,100,0.000000,0.000000
1480446384000,73.065002,72.809998,100,72.910004,100,0.000000,0.000000
1480446386000,73.065002,72.809998,100,72.910004,100,0.000000,0.000000
1480446388000,73.000000,72.809998,100,72.910004,100,0.000000,0.000000
1480446390000,73.000000,72.809998,100,72.910004,100,0.000000,0.000000
1480446392000,73.000000,72.809998,200,72.940002,200,0.000000,0.000000
1480446394000,73.000000,72.809998,200,72.940002,200,0.000000,0.000000
1480446396000,73.000000,72.809998,200,72.940002,200,0.000000,0.000000
1480446398000,73.000000,72.809998,200,72.940002,200,0.000000,0.000000
1480446400000,73.000000,72.809998,200,72.940002,200,0.000000,0.000000
1480446402000,73.000000,72.809998,200,72.940002,200,0.000000,0.000000
1480446404000,73.000000,72.809998,200,72.940002,200,0.000000,0.000000
1480446406000,73.000000,72.809998,200,72.940002,200,0.000000,0.000000
1480446408000,73.000000,72.809998,200,72.940002,200,0.000000,0.000000
1480446410000,73.000000,72.809998,200,72.940002,200,0.000000,0.000000
1480446412000,73.000000,72.809998,200,72.940002,200,0.000000,0.000000
1480446415000,73.000000,72.809998,200,72.940002,200,0.000000,0.000000
1480446417000,73.000000,72.809998,200,72.940002,200,0.000000,0.000000
1480446419000,73.000000,72.809998,200,72.940002,200,0.000000,0.000000
1480446421000,73.000000,72.809998,200,72.940002,200,0.000000,0.000000
1480446423000,73.000000,72.809998,200,72.940002,200,0.000000,0.000000
1480446425000,73.000000,72.809998,200,72.940002,200,0.000000,0.000000
1480446427000,73.000000,72.809998,200,72.940002,200,0.000000,0.000000
1480446429000,73.000000,72.809998,200,72.940002,200,0.000000,0.000000
1480446431000,73.000000,72.809998,200,72.940002,200,0.000000,0.000000
1480446433000,73.000000,72.809998,200,72.940002,200,0.000000,0.000000
1480446435000,73.000000,72.809998,200,72.940002,200,0.000000,0.000000
1480446437000,73.000000,72.809998,200,72.940002,200,0.000000,0.000000
1480446439000,73.000000,72.809998,200,72.940002,200,0.000000,0.000000
1480446441000,73.000000,72.809998,200,72.940002,200,0.000000,0.000000
1480446443000,73.000000,72.809998,200,72.940002,200,0.000000,0.000000
1480446445000,73.000000,72.809998,200,72.940002,200,0.000000,0.000000
1480446447000,73.000000,72.809998,200,72.940002,200,0.000000,0.000000
1480446450000,73.000000,72.809998,200,72.940002,200,0.000000,0.000000
1480446452000,73.000000,72.809998,200,72.940002,200,0.000000,0.000000
1480446454000,73.000000,72.809998,200,72.940002,200,0.000000,0.000000
1480446456000,73.000000,72.809998,200,72.940002,200,0.000000,0.000000
1480446458000,73.000000,72.809998,200,72.940002,200,0.000000,0.000000
1480446460000,73.000000,72.809998,200,72.940002,200,0.000000,0.000000
1480446462000,73.000000,72.809998,200,72.940002,200,0.000000,0.000000
1480446464000,73.000000,72.809998,200,72.940002,200,0.000000,0.000000
1480446466000,73.000000,72.809998,200,72.940002,200,0.000000,0.000000
1480446468000,73.000000,72.809998,200,72.940002,200,0.000000,0.000000
1480446470000,73.000000,72.809998,200,72.940002,200,0.000000,0.000000
1480446472000,73.000000,72.809998,200,72.940002,200,0.000000,0.000000
1480446474000,73.000000,72.809998,200,72.940002,200,0.000000,0.000000
1480446476000,73.000000,72.809998,200,72.940002,200,0.000000,0.000000
1480446478000,73.000000,72.809998,200,72.940002,200,0.000000,0.000000
1480446481000,73.000000,72.809998,200,72.940002,200,0.000000,0.000000
1480446483000,73.000000,72.809998,200,72.940002,200,0.000000,0.000000
1480446485000,73.000000,72.809998,200,72.940002,200,0.000000,0.000000
1480446487000,73.000000,72.809998,200,72.940002,200,0.000000,0.000000
1480446489000,73.010002,72.809998,200,72.940002,200,0.000000,0.000000
1480446491000,73.010002,72.809998,200,72.940002,200,0.000000,0.000000
1480446493000,73.010002,72.809998,200,72.940002,200,0.000000,0.000000
1480446495000,73.010002,72.809998,200,72.940002,200,0.000000,0.000000
1480446497000,73.010002,72.809998,200,72.940002,200,0.000000,0.000000
1480446499000,73.010002,72.809998,200,72.940002,200,0.000000,0.000000
1480446501000,73.010002,72.809998,200,72.940002,200,0.000000,0.000000
1480446503000,73.010002,72.809998,200,72.940002,200,0.000000,0.000000
1480446505000,73.010002,72.809998,200,72.940002,200,0.000000,0.000000
1480446507000,73.010002,72.809998,200,72.940002,200,0.000000,0.000000
1480446509000,73.010002,72.809998,200,72.940002,200,0.000000,0.000000
1480446511000,73.010002,72.809998,200,72.940002,200,0.000000,0.000000
1480446513000,73.010002,72.820000,400,72.959999,200,0.000000,0.000000
1480446516000,73.010002,72.820000,400,72.959999,200,0.000000,0.000000
1480446518000,73.010002,72.820000,400,72.959999,200,0.000000,0.000000
1480446520000,73.049896,72.820000,400,72.959999,200,0.000000,0.000000
1480446522000,73.049896,72.820000,400,72.959999,200,0.000000,0.000000
1480446524000,73.049896,72.820000,400,72.959999,200,0.000000,0.000000
1480446526000,73.049896,72.820000,400,72.959999,200,0.000000,0.000000
1480446528000,73.049896,72.820000,400,72.959999,200,0.000000,0.000000
1480446530000,73.049896,72.820000,400,72.959999,200,0.000000,0.000000
1480446532000,73.049896,72.820000,400,72.959999,200,0.000000,0.000000
1480446534000,73.049896,72.820000,400,72.959999,200,0.000000,0.000000
1480446536000,73.049896,72.820000,400,72.959999,200,0.000000,0.000000
1480446538000,73.049896,72.820000,400,72.959999,200,0.000000,0.000000
1480446540000,73.049896,72.820000,400,72.959999,200,0.000000,0.000000
1480446542000,73.049896,72.820000,400,72.959999,200,0.000000,0.000000
1480446545000,73.049896,72.820000,400,72.959999,200,0.000000,0.000000
1480446547000,73.049896,72.820000,400,72.959999,200,0.000000,0.000000
1480446549000,73.049896,72.820000,400,72.959999,200,0.000000,0.000000
1480446551000,73.000000,72.820000,400,72.959999,200,0.000000,0.000000
1480446553000,73.000000,72.820000,400,72.959999,200,0.000000,0.000000
1480446555000,73.000000,72.820000,400,72.959999,200,0.000000,0.000000
1480446557000,73.000000,72.820000,400,72.959999,200,0.000000,0.000000
1480446559000,73.000000,72.820000,400,72.959999,200,0.000000,0.000000
1480446561000,73.000000,72.820000,400,72.959999,200,0.000000,0.000000
1480446563000,73.000000,72.820000,400,72.959999,200,0.000000,0.000000
1480446565000,73.000000,72.820000,400,72.959999,200,0.000000,0.000000
1480446567000,73.000000,72.820000,400,72.959999,200,0.000000,0.000000
1480446569000,73.000000,72.820000,400,72.959999,200,0.000000,0.000000
1480446571000,73.000000,72.820000,400,72.959999,200,0.000000,0.000000
1480446573000,73.000000,72.820000,400,72.959999,100,0.000000,0.000000
1480446575000,73.000000,72.820000,400,72.959999,100,0.000000,0.000000
1480446578000,73.000000,72.820000,400,72.959999,100,0.000000,0.000000
1480446580000,73.010002,72.820000,400,72.959999,100,0.000000,0.000000
1480446582000,73.010002,72.820000,400,72.959999,100,0.000000,0.000000
1480446584000,73.010002,72.820000,400,72.959999,100,0.000000,0.000000
1480446586000,73.010002,72.820000,400,72.959999,100,0.000000,0.000000
1480446588000,73.010002,72.820000,400,72.959999,100,0.000000,0.000000
1480446590000,73.010002,72.820000,400,72.959999,100,0.000000,0.000000
1480446592000,73.029999,72.820000,400,72.959999,100,0.000000,0.000000
1480446594000,73.029999,72.820000,400,72.959999,100,0.000000,0.000000
1480446596000,73.029999,72.820000,400,72.959999,100,0.000000,0.000000
1480446598000,73.029999,72.820000,400,72.959999,100,0.000000,0.000000
1480446600000,73.029999,72.820000,400,72.959999,100,0.000000,0.000000
1480446602000,73.029999,72.820000,400,72.959999,100,0.000000,0.000000
1480446604000,73.029999,72.820000,400,72.959999,100,0.000000,0.000000
1480446606000,73.029999,72.820000,400,72.959999,100,0.000000,0.000000
1480446608000,73.029999,72.820000,400,72.959999,100,0.000000,0.000000
1480446610000,73.029999,72.820000,400,72.959999,100,0.000000,0.000000
1480446613000,73.029999,72.820000,400,72.959999,100,0.000000,0.000000
1480446615000,73.029999,72.820000,400,72.959999,100,0.000000,0.000000
1480446617000,73.029999,72.820000,400,72.959999,100,0.000000,0.000000
1480446619000,73.029999,72.820000,400,72.959999,100,0.000000,0.000000
1480446621000,73.029999,72.820000,400,72.959999,100,0.000000,0.000000
1480446623000,73.029999,72.820000,400,72.959999,100,0.000000,0.000000
1480446625000,73.029999,72.820000,400,72.959999,100,0.000000,0.000000
1480446627000,73.029999,72.820000,400,72.959999,100,0.000000,0.000000
1480446629000,73.029999,72.820000,400,72.959999,100,0.000000,0.000000
1480446631000,73.029999,72.820000,400,72.959999,100,0.000000,0.000000
1480446633000,73.029999,72.830002,300,72.959999,100,0.000000,0.000000
1480446635000,73.029999,72.830002,300,72.959999,100,0.000000,0.000000
1480446637000,73.029999,72.830002,300,72.959999,100,0.000000,0.000000
1480446639000,73.029999,72.830002,300,72.959999,100,0.000000,0.000000
1480446641000,73.029999,72.830002,300,72.959999,100,0.000000,0.000000
1480446644000,73.029999,72.830002,300,72.959999,100,0.000000,0.000000
1480446646000,73.029999,72.830002,300,72.959999,100,0.000000,0.000000
1480446648000,73.029999,72.830002,300,72.959999,100,0.000000,0.000000
1480446650000,73.029999,72.830002,300,72.959999,100,0.000000,0.000000
1480446652000,73.029999,72.830002,300,72.959999,100,0.000000,0.000000
1480446654000,73.029999,72.830002,300,72.959999,100,0.000000,0.000000
1480446656000,73.029999,72.830002,300,72.959999,100,0.000000,0.000000
1480446658000,73.029999,72.830002,300,72.959999,100,0.000000,0.000000
1480446660000,73.029999,72.830002,300,72.959999,100,0.000000,0.000000
1480446662000,73.029999,72.830002,300,72.959999,100,0.000000,0.000000
1480446664000,73.029999,72.830002,300,72.959999,100,0.000000,0.000000
1480446666000,73.029999,72.830002,300,72.959999,100,0.000000,0.000000
1480446668000,73.029999,72.830002,300,72.959999,100,0.000000,0.000000
1480446671000,73.029999,72.830002,300,72.959999,100,0.000000,0.000000
1480446673000,73.029999,72.830002,300,72.959999,100,0.000000,0.000000
1480446675000,73.029999,72.830002,300,72.959999,100,0.000000,0.000000
1480446677000,73.029999,72.830002,300,72.959999,100,0.000000,0.000000
1480446679000,73.029999,72.830002,300,72.959999,100,0.000000,0.000000
1480446681000,73.029999,72.830002,300,72.959999,100,0.000000,0.000000
1480446683000,73.029999,72.830002,300,72.959999,100,0.000000,0.000000
1480446685000,73.029999,72.830002,300,72.959999,100,0.000000,0.000000
1480446687000,73.029999,72.830002,300,72.959999,100,0.000000,0.000000
1480446689000,73.029999,72.830002,300,72.959999,100,0.000000,0.000000
1480446691000,73.029999,72.830002,300,72.959999,100,0.000000,0.000000
1480446693000,73.029999,72.830002,400,72.959999,100,0.000000,0.000000
1480446695000,73.029999,72.830002,400,72.959999,100,0.000000,0.000000
1480446697000,73.029999,72.830002,400,72.959999,100,0.000000,0.000000
1480446699000,73.029999,72.830002,400,72.959999,100,0.000000,0.000000
1480446702000,73.029999,72.830002,400,72.959999,100,0.000000,0.000000
1480446704000,73.029999,72.830002,400,72.959999,100,0.000000,0.000000
1480446706000,73.029999,72.830002,400,72.959999,100,0.000000,0.000000
1480446708000,73.029999,72.830002,400,72.959999,100,0.000000,0.000000
1480446710000,73.029999,72.830002,400,72.959999,100,0.000000,0.000000
1480446712000,73.029999,72.830002,400,72.959999,100,0.000000,0.000000
1480446714000,73.029999,72.830002,400,72.959999,100,0.000000,0.000000
1480446716000,73.029999,72.830002,400,72.959999,100,0.000000,0.000000
1480446718000,73.029999,72.830002,400,72.959999,100,0.000000,0.000000
1480446720000,73.029999,72.830002,400,72.959999,100,0.000000,0.000000
1480446722000,73.029999,72.830002,400,72.959999,100,0.000000,0.000000
1480446724000,73.029999,72.830002,400,72.959999,100,0.000000,0.000000
1480446726000,73.029999,72.830002,400,72.959999,100,0.000000,0.000000
1480446728000,73.029999,72.830002,400,72.959999,100,0.000000,0.000000
1480446730000,73.029999,72.830002,400,72.959999,100,0.000000,0.000000
1480446732000,73.029999,72.830002,400,72.959999,100,0.000000,0.000000
1480446734000,73.029999,72.830002,400,72.959999,100,0.000000,0.000000
1480446737000,73.029999,72.830002,400,72.959999,100,0.000000,0.000000
1480446739000,73.029999,72.830002,400,72.959999,100,0.000000,0.000000
1480446741000,73.029999,72.830002,400,72.959999,100,0.000000,0.000000
1480446743000,73.029999,72.830002,400,72.959999,100,0.000000,0.000000
1480446745000,73.029999,72.830002,400,72.959999,100,0.000000,0.000000
1480446747000,73.029999,72.830002,400,72.959999,100,0.000000,0.000000
1480446749000,73.029999,72.830002,400,72.959999,100,0.000000,0.000000
1480446751000,73.029999,72.830002,400,72.959999,100,0.000000,0.000000
1480446753000,73.029999,72.849998,200,72.959999,100,0.000000,0.000000
1480446755000,73.029999,72.849998,200,72.959999,100,0.000000,0.000000
1480446757000,73.029999,72.849998,200,72.959999,100,0.000000,0.000000
1480446759000,73.029999,72.849998,200,72.959999,100,0.000000,0.000000
1480446761000,73.029999,72.849998,200,72.959999,100,0.000000,0.000000
1480446763000,73.029999,72.849998,200,72.959999,100,0.000000,0.000000
1480446765000,73.029999,72.849998,200,72.959999,100,0.000000,0.000000
1480446767000,73.029999,72.849998,200,72.959999,100,0.000000,0.000000
1480446769000,73.029999,72.849998,200,72.959999,100,0.000000,0.000000
1480446772000,73.029999,72.849998,200,72.959999,100,0.000000,0.000000
1480446774000,73.029999,72.849998,200,72.959999,100,0.000000,0.000000
1480446776000,73.029999,72.849998,200,72.959999,100,0.000000,0.000000
1480446778000,73.029999,72.849998,200,72.959999,100,0.000000,0.000000
1480446780000,73.029999,72.849998,200,72.959999,100,0.000000,0.000000
1480446782000,73.029999,72.849998,200,72.959999,100,0.000000,0.000000
1480446784000,73.029999,72.849998,200,72.959999,100,0.000000,0.000000
1480446786000,73.029999,72.849998,200,72.959999,100,0.000000,0.000000
1480446788000,73.029999,72.849998,200,72.959999,100,0.000000,0.000000
1480446790000,73.029999,72.849998,200,72.959999,100,0.000000,0.000000
1480446792000,73.029999,72.849998,200,72.959999,100,0.000000,0.000000
1480446794000,73.029999,72.849998,200,72.959999,100,0.000000,0.000000
1480446796000,73.029999,72.849998,200,72.959999,100,0.000000,0.000000
1480446798000,73.029999,72.849998,200,72.959999,100,0.000000,0.000000
1480446800000,73.029999,72.849998,200,72.959999,100,0.000000,0.000000
1480446802000,73.029999,72.849998,200,72.959999,100,0.000000,0.000000
1480446804000,73.029999,72.849998,200,72.959999,100,0.000000,0.000000
1480446806000,73.029999,72.849998,200,72.959999,100,0.000000,0.000000
1480446808000,73.029999,72.849998,200,72.959999,100,0.000000,0.000000
1480446811000,73.029999,72.849998,200,72.959999,100,0.000000,0.000000
1480446813000,73.029999,72.849998,200,72.959999,100,0.000000,0.000000
1480446815000,73.029999,72.849998,200,72.959999,100,0.000000,0.000000
1480446817000,73.029999,72.849998,200,72.959999,100,0.000000,0.000000
1480446819000,73.029999,72.849998,200,72.959999,100,0.000000,0.000000
1480446821000,73.029999,72.849998,200,72.959999,100,0.000000,0.000000
1480446823000,73.029999,72.849998,200,72.959999,100,0.000000,0.000000
1480446825000,73.029999,72.849998,200,72.959999,100,0.000000,0.000000
1480446827000,73.029999,72.849998,200,72.959999,100,0.000000,0.000000
1480446829000,73.029999,72.849998,200,72.959999,100,0.000000,0.000000
1480446831000,73.029999,72.849998,200,72.959999,100,0.000000,0.000000
1480446833000,73.029999,72.849998,200,72.959999,100,0.000000,0.000000
1480446835000,73.029999,72.849998,200,72.959999,100,0.000000,0.000000
1480446837000,73.029999,72.849998,200,72.959999,100,0.000000,0.000000
1480446839000,73.029999,72.849998,200,72.959999,100,0.000000,0.000000
1480446841000,73.029999,72.849998,200,72.959999,100,0.000000,0.000000
1480446843000,73.029999,72.849998,200,72.959999,100,0.000000,0.000000
1480446846000,73.029999,72.849998,200,72.959999,100,0.000000,0.000000
1480446848000,73.029999,72.849998,200,72.959999,100,0.000000,0.000000
1480446850000,73.029999,72.849998,200,72.959999,100,0.000000,0.000000
1480446852000,73.029999,72.849998,200,72.959999,100,0.000000,0.000000
1480446854000,73.029999,72.849998,200,72.959999,100,0.000000,0.000000
1480446856000,73.029999,72.849998,200,72.959999,100,0.000000,0.000000
1480446858000,73.029999,72.849998,200,72.959999,100,0.000000,0.000000
1480446860000,73.029999,72.849998,200,72.959999,100,0.000000,0.000000
1480446862000,73.029999,72.849998,200,72.959999,100,0.000000,0.000000
1480446864000,73.029999,72.849998,200,72.959999,100,0.000000,0.000000
1480446866000,73.029999,72.849998,200,72.959999,100,0.000000,0.000000
1480446868000,73.029999,72.849998,200,72.959999,100,0.000000,0.000000
1480446870000,73.029999,72.849998,200,72.959999,100,0.000000,0.000000
1480446872000,73.029999,72.870003,400,72.959999,100,0.000000,0.000000
1480446874000,73.029999,72.870003,400,72.959999,100,0.000000,0.000000
1480446876000,73.029999,72.870003,400,72.959999,100,0.000000,0.000000
1480446878000,73.029999,72.870003,400,72.959999,100,0.000000,0.000000
1480446880000,73.029999,72.870003,400,72.959999,100,0.000000,0.000000
1480446882000,73.029999,72.870003,400,72.959999,100,0.000000,0.000000
1480446884000,73.029999,72.870003,400,72.959999,100,0.000000,0.000000
1480446887000,73.029999,72.870003,400,72.959999,100,0.000000,0.000000
1480446889000,73.029999,72.870003,400,72.959999,100,0.000000,0.000000
1480446891000,73.029999,72.870003,400,72.959999,100,0.000000,0.000000
1480446893000,73.029999,72.870003,400,72.959999,100,0.000000,0.000000
1480446895000,73.029999,72.870003,400,72.959999,100,0.000000,0.000000
1480446897000,73.029999,72.870003,400,72.959999,100,0.000000,0.000000
1480446899000,73.029999,72.870003,400,72.959999,100,0.000000,0.000000
1480446901000,73.029999,72.870003,400,72.959999,100,0.000000,0.000000
1480446903000,73.010002,72.870003,400,72.959999,100,0.000000,0.000000
1480446905000,73.000000,72.870003,400,72.959999,100,0.000000,0.000000
1480446907000,73.000000,72.870003,400,72.959999,100,0.000000,0.000000
1480446909000,73.000000,72.870003,400,72.959999,100,0.000000,0.000000
1480446911000,73.000000,72.870003,400,72.959999,100,0.000000,0.000000
1480446913000,73.000000,72.870003,400,72.959999,100,0.000000,0.000000
1480446915000,73.000000,72.870003,400,72.959999,100,0.000000,0.000000
1480446917000,73.000000,72.870003,400,72.959999,100,0.000000,0.000000
1480446919000,73.000000,72.870003,400,72.959999,100,0.000000,0.000000
1480446921000,73.000000,72.870003,400,72.959999,100,0.000000,0.000000
1480446923000,73.000000,72.870003,400,72.959999,100,0.000000,0.000000
1480446926000,73.000000,72.870003,400,72.959999,100,0.000000,0.000000
1480446928000,73.000000,72.870003,400,72.959999,100,0.000000,0.000000
1480446930000,73.000000,72.870003,400,72.959999,100,0.000000,0.000000
1480446932000,73.000000,72.870003,400,72.959999,100,0.000000,0.000000
1480446934000,73.000000,72.900002,200,72.989998,100,0.000000,0.000000
1480446936000,73.000000,72.900002,200,72.989998,100,0.000000,0.000000
1480446938000,73.000000,72.900002,200,72.989998,100,0.000000,0.000000
1480446940000,73.000000,72.900002,200,72.989998,100,0.000000,0.000000
1480446942000,73.000000,72.900002,200,72.989998,100,0.000000,0.000000
1480446944000,73.000000,72.900002,200,72.989998,100,0.000000,0.000000
1480446946000,73.000000,72.900002,200,72.989998,100,0.000000,0.000000
1480446948000,73.000000,72.900002,200,72.989998,100,0.000000,0.000000
1480446950000,73.000000,72.900002,200,72.989998,100,0.000000,0.000000
1480446952000,73.000000,72.900002,200,72.989998,100,0.000000,0.000000
1480446954000,72.989998,72.900002,200,72.989998,100,0.000000,0.000000
1480446956000,72.989998,72.900002,200,72.989998,100,0.000000,0.000000
1480446959000,72.989998,72.900002,200,72.989998,100,0.000000,0.000000
1480446961000,72.989998,72.900002,200,72.989998,100,0.000000,0.000000
1480446963000,72.989998,72.900002,200,72.989998,100,0.000000,0.000000
1480446965000,72.989998,72.900002,200,72.989998,100,0.000000,0.000000
1480446967000,72.989998,72.900002,200,72.989998,100,0.000000,0.000000
1480446969000,72.989998,72.900002,200,72.989998,100,0.000000,0.000000
1480446971000,72.989998,72.900002,200,72.989998,100,0.000000,0.000000
1480446973000,72.989998,72.900002,200,72.989998,100,0.000000,0.000000
1480446975000,72.989998,72.900002,200,72.989998,100,0.000000,0.000000
1480446977000,72.989998,72.900002,200,72.989998,100,0.000000,0.000000
1480446979000,72.989998,72.900002,200,72.989998,100,0.000000,0.000000
1480446981000,72.989998,72.900002,200,72.989998,100,0.000000,0.000000
1480446983000,72.989998,72.900002,200,72.989998,100,0.000000,0.000000
1480446985000,72.989998,72.900002,200,72.989998,100,0.000000,0.000000
1480446987000,72.989998,72.900002,200,72.989998,100,0.000000,0.000000
1480446990000,72.989998,72.900002,200,72.989998,100,0.000000,0.000000
1480446992000,72.989998,72.900002,200,72.989998,100,0.000000,0.000000
1480446994000,72.989998,72.900002,200,73.040001,100,0.000000,0.000000
1480446996000,72.989998,72.900002,200,73.040001,100,0.000000,0.000000
1480446998000,72.989998,72.900002,200,73.040001,100,0.000000,0.000000
1480447000000,72.989998,72.900002,200,73.040001,100,0.000000,0.000000
1480447002000,72.989998,72.900002,200,73.040001,100,0.000000,0.000000
1480447004000,72.989998,72.900002,200,73.040001,100,0.000000,0.000000
1480447006000,72.989998,72.900002,200,73.040001,100,0.000000,0.000000
1480447008000,72.989998,72.900002,200,73.040001,100,0.000000,0.000000
1480447010000,72.989998,72.900002,200,73.040001,100,0.000000,0.000000
1480447012000,72.989998,72.900002,200,73.040001,100,0.000000,0.000000
1480447014000,72.989998,72.900002,200,73.040001,100,0.000000,0.000000
1480447016000,72.989998,72.900002,200,73.040001,100,0.000000,0.000000
1480447018000,72.989998,72.900002,200,73.040001,100,0.000000,0.000000
1480447020000,72.989998,72.900002,200,73.040001,100,0.000000,0.000000
1480447023000,72.989998,72.900002,200,73.040001,100,0.000000,0.000000
1480447025000,72.989998,72.900002,200,73.040001,100,0.000000,0.000000
1480447027000,72.989998,72.900002,200,73.040001,100,0.000000,0.000000
1480447029000,72.989998,72.900002,200,73.040001,100,0.000000,0.000000
1480447031000,72.989998,72.900002,200,73.040001,100,0.000000,0.000000
1480447033000,72.989998,72.900002,200,73.040001,100,0.000000,0.000000
1480447035000,72.989998,72.900002,200,73.040001,100,0.000000,0.000000
1480447037000,72.989998,72.900002,200,73.040001,100,0.000000,0.000000
1480447039000,72.989998,72.900002,200,73.040001,100,0.000000,0.000000
1480447041000,72.989998,72.900002,200,73.040001,100,0.000000,0.000000
1480447044000,72.989998,72.900002,200,73.040001,100,0.000000,0.000000
1480447046000,72.989998,72.900002,200,73.040001,100,0.000000,0.000000
1480447048000,72.989998,72.900002,200,73.040001,100,0.000000,0.000000
1480447050000,72.989998,72.900002,200,73.040001,100,0.000000,0.000000
1480447052000,72.989998,72.900002,200,73.040001,100,0.000000,0.000000
1480447055000,72.989998,72.910004,300,73.040001,100,0.000000,0.000000
1480447057000,72.989998,72.910004,300,73.040001,100,0.000000,0.000000
1480447059000,72.989998,72.910004,300,73.040001,100,0.000000,0.000000
1480447061000,72.989998,72.910004,300,73.040001,100,0.000000,0.000000
1480447063000,72.989998,72.910004,300,73.040001,100,0.000000,0.000000
1480447065000,72.989998,72.910004,300,73.040001,100,0.000000,0.000000
1480447067000,72.989998,72.910004,300,73.040001,100,0.000000,0.000000
1480447069000,72.989998,72.910004,300,73.040001,100,0.000000,0.000000
1480447072000,72.989998,72.910004,300,73.040001,100,0.000000,0.000000
1480447074000,72.989998,72.910004,300,73.040001,100,0.000000,0.000000
1480447076000,72.989998,72.910004,300,73.040001,100,0.000000,0.000000
1480447078000,72.989998,72.910004,300,73.040001,100,0.000000,0.000000
1480447081000,72.989998,72.910004,300,73.040001,100,0.000000,0.000000
1480447083000,72.989998,72.910004,300,73.040001,100,0.000000,0.000000
1480447085000,72.989998,72.910004,300,73.040001,100,0.000000,0.000000
1480447087000,72.989998,72.910004,300,73.040001,100,0.000000,0.000000
1480447089000,72.989998,72.910004,300,73.040001,100,0.000000,0.000000
1480447091000,72.989998,72.910004,300,73.040001,100,0.000000,0.000000
1480447093000,72.989998,72.910004,300,73.040001,100,0.000000,0.000000
1480447095000,72.989998,72.910004,300,73.040001,100,0.000000,0.000000
1480447098000,72.989998,72.910004,300,73.040001,100,0.000000,0.000000
1480447100000,72.989998,72.910004,300,73.040001,100,0.000000,0.000000
1480447102000,72.989998,72.910004,300,73.040001,100,0.000000,0.000000
1480447104000,72.989998,72.910004,300,73.040001,100,0.000000,0.000000
1480447106000,72.989998,72.910004,300,73.040001,100,0.000000,0.000000
1480447108000,72.989998,72.910004,300,73.040001,100,0.000000,0.000000
1480447110000,72.989998,72.910004,300,73.040001,100,0.000000,0.000000
1480447112000,72.989998,72.910004,200,73.040001,100,0.000000,0.000000
1480447114000,72.989998,72.910004,200,73.040001,100,0.000000,0.000000
1480447116000,72.989998,72.910004,200,73.040001,100,0.000000,0.000000
1480447119000,72.989998,72.910004,200,73.040001,100,0.000000,0.000000
1480447121000,72.989998,72.910004,200,73.040001,100,0.000000,0.000000
1480447123000,72.989998,72.910004,200,73.040001,100,0.000000,0.000000
1480447125000,72.989998,72.910004,200,73.040001,100,0.000000,0.000000
1480447127000,72.989998,72.910004,200,73.040001,100,0.000000,0.000000
1480447129000,72.989998,72.910004,200,73.040001,100,0.000000,0.000000
1480447131000,72.989998,72.910004,200,73.040001,100,0.000000,0.000000
1480447133000,72.989998,72.910004,200,73.040001,100,0.000000,0.000000
1480447135000,72.989998,72.910004,200,73.040001,100,0.000000,0.000000
1480447137000,72.989998,72.910004,200,73.040001,100,0.000000,0.000000
1480447139000,72.989998,72.910004,200,73.040001,100,0.000000,0.000000
1480447141000,72.989998,72.910004,200,73.040001,100,0.000000,0.000000
1480447143000,72.989998,72.910004,200,73.040001,100,0.000000,0.000000
1480447145000,72.989998,72.910004,200,73.040001,100,0.000000,0.000000
1480447147000,72.989998,72.910004,200,73.040001,100,0.000000,0.000000
1480447150000,72.989998,72.910004,200,73.040001,100,0.000000,0.000000
1480447152000,72.989998,72.910004,200,73.040001,100,0.000000,0.000000
1480447154000,72.989998,72.910004,200,73.040001,100,0.000000,0.000000
1480447156000,72.989998,72.910004,200,73.040001,100,0.000000,0.000000
1480447158000,72.989998,72.910004,200,73.040001,100,0.000000,0.000000
1480447160000,72.989998,72.910004,200,73.040001,100,0.000000,0.000000
1480447162000,72.989998,72.910004,200,73.040001,100,0.000000,0.000000
1480447164000,72.989998,72.910004,200,73.040001,100,0.000000,0.000000
1480447166000,72.989998,72.910004,200,73.040001,100,0.000000,0.000000
1480447168000,72.989998,72.910004,200,73.040001,100,0.000000,0.000000
1480447170000,72.989998,72.910004,200,73.040001,100,0.000000,0.000000
1480447172000,72.989998,72.930000,200,73.040001,100,0.000000,0.000000
1480447174000,72.989998,72.930000,200,73.040001,100,0.000000,0.000000
1480447176000,72.989998,72.930000,200,73.040001,100,0.000000,0.000000
1480447178000,72.989998,72.930000,200,73.040001,100,0.000000,0.000000
1480447181000,72.989998,72.930000,200,73.040001,100,0.000000,0.000000
1480447183000,72.989998,72.930000,200,73.040001,100,0.000000,0.000000
1480447185000,72.989998,72.930000,200,73.040001,100,0.000000,0.000000
1480447187000,72.989998,72.930000,200,73.040001,100,0.000000,0.000000
1480447189000,72.989998,72.930000,200,73.040001,100,0.000000,0.000000
1480447191000,72.989998,72.930000,200,73.040001,100,0.000000,0.000000
1480447193000,72.989998,72.930000,200,73.040001,100,0.000000,0.000000
1480447195000,72.989998,72.930000,200,73.040001,100,0.000000,0.000000
1480447197000,72.989998,72.930000,200,73.040001,100,0.000000,0.000000
1480447199000,72.989998,72.930000,200,73.040001,100,0.000000,0.000000
1480447201000,72.989998,72.930000,200,73.040001,100,0.000000,0.000000
1480447203000,72.989998,72.930000,200,73.040001,100,0.000000,0.000000
1480447205000,72.989998,72.930000,200,73.040001,100,0.000000,0.000000
1480447207000,72.989998,72.930000,200,73.040001,100,0.000000,0.000000
1480447209000,72.989998,72.930000,200,73.040001,100,0.000000,0.000000
1480447211000,72.989998,72.930000,200,73.040001,100,0.000000,0.000000
1480447213000,72.989998,72.930000,200,73.040001,100,0.000000,0.000000
1480447215000,72.989998,72.930000,200,73.040001,100,0.000000,0.000000
1480447217000,72.989998,72.930000,200,73.040001,100,0.000000,0.000000
1480447220000,72.989998,72.930000,200,73.040001,100,0.000000,0.000000
1480447222000,72.989998,72.930000,200,73.040001,100,0.000000,0.000000
1480447224000,72.989998,72.930000,200,73.040001,100,0.000000,0.000000
1480447226000,72.989998,72.930000,200,73.040001,100,0.000000,0.000000
1480447228000,72.989998,72.930000,200,73.040001,100,0.000000,0.000000
1480447230000,72.989998,72.930000,200,73.040001,100,0.000000,0.000000
1480447232000,72.989998,72.930000,200,73.040001,100,0.000000,0.000000
1480447234000,72.989998,72.930000,200,73.040001,100,0.000000,0.000000
1480447236000,72.989998,72.930000,200,73.040001,100,0.000000,0.000000
1480447238000,72.989998,72.930000,200,73.040001,100,0.000000,0.000000
1480447240000,72.989998,72.930000,200,73.040001,100,0.000000,0.000000
1480447242000,72.989998,72.930000,200,73.040001,100,0.000000,0.000000
1480447244000,72.989998,72.930000,200,73.040001,100,0.000000,0.000000
1480447246000,72.989998,72.930000,200,73.040001,100,0.000000,0.000000
1480447248000,72.989998,72.930000,200,73.040001,100,0.000000,0.000000
1480447250000,72.989998,72.930000,200,73.040001,100,0.000000,0.000000
1480447253000,72.989998,72.930000,200,73.040001,100,0.000000,0.000000
1480447255000,72.989998,72.930000,200,73.040001,100,0.000000,0.000000
1480447257000,72.989998,72.930000,200,73.040001,100,0.000000,0.000000
1480447259000,72.989998,72.930000,200,73.040001,100,0.000000,0.000000
1480447261000,72.989998,72.930000,200,73.040001,100,0.000000,0.000000
1480447263000,72.989998,72.930000,200,73.040001,100,0.000000,0.000000
1480447265000,72.989998,72.930000,200,73.040001,100,0.000000,0.000000
1480447267000,72.989998,72.930000,200,73.040001,100,0.000000,0.000000
1480447269000,72.989998,72.930000,200,73.040001,100,0.000000,0.000000
1480447271000,72.989998,72.930000,200,73.040001,100,0.000000,0.000000
1480447273000,72.989998,72.930000,200,73.040001,100,0.000000,0.000000
1480447275000,72.989998,72.930000,200,73.040001,100,0.000000,0.000000
1480447277000,72.989998,72.930000,200,73.040001,100,0.000000,0.000000
1480447279000,72.989998,72.930000,200,73.040001,100,0.000000,0.000000
1480447281000,72.989998,72.930000,200,73.040001,100,0.000000,0.000000
1480447283000,72.989998,72.930000,200,73.040001,100,0.000000,0.000000
1480447285000,72.989998,72.930000,200,73.040001,100,0.000000,0.000000
1480447287000,72.989998,72.930000,200,73.040001,100,0.000000,0.000000
1480447290000,72.989998,72.930000,200,73.040001,100,0.000000,0.000000
1480447292000,72.989998,72.930000,200,73.040001,100,0.000000,0.000000
1480447294000,72.989998,72.959999,100,73.059998,200,0.000000,0.000000
1480447296000,72.989998,72.959999,100,73.059998,200,0.000000,0.000000
1480447298000,72.989998,72.959999,100,73.059998,200,0.000000,0.000000
1480447300000,72.989998,72.959999,100,73.059998,200,0.000000,0.000000
1480447302000,72.989998,72.959999,100,73.059998,200,0.000000,0.000000
1480447304000,72.989998,72.959999,100,73.059998,200,0.000000,0.000000
1480447306000,72.989998,72.959999,100,73.059998,200,0.000000,0.000000
1480447308000,73.010002,72.959999,100,73.059998,200,0.000000,0.000000
1480447310000,73.010002,72.959999,100,73.059998,200,0.000000,0.000000
1480447312000,73.010002,72.959999,100,73.059998,200,0.000000,0.000000
1480447314000,73.010002,72.959999,100,73.059998,200,0.000000,0.000000
1480447316000,73.010002,72.959999,100,73.059998,200,0.000000,0.000000
1480447318000,73.010002,72.959999,100,73.059998,200,0.000000,0.000000
1480447320000,73.010002,72.959999,100,73.059998,200,0.000000,0.000000
1480447322000,73.010002,72.959999,100,73.059998,200,0.000000,0.000000
1480447324000,73.010002,72.959999,100,73.059998,200,0.000000,0.000000
1480447326000,73.010002,72.959999,100,73.059998,200,0.000000,0.000000
1480447329000,73.010002,72.959999,100,73.059998,200,0.000000,0.000000
1480447331000,73.010002,72.959999,100,73.059998,200,0.000000,0.000000
1480447333000,73.010002,72.959999,100,73.059998,200,0.000000,0.000000
1480447335000,73.010002,72.959999,100,73.059998,200,0.000000,0.000000
1480447337000,73.010002,72.959999,100,73.059998,200,0.000000,0.000000
1480447339000,73.010002,72.959999,100,73.059998,200,0.000000,0.000000
1480447341000,73.010002,72.959999,100,73.059998,200,0.000000,0.000000
1480447343000,73.010002,72.959999,100,73.059998,200,0.000000,0.000000
1480447345000,73.010002,72.959999,100,73.059998,200,0.000000,0.000000
1480447347000,73.010002,72.959999,100,73.059998,200,0.000000,0.000000
1480447349000,73.010002,72.959999,100,73.059998,200,0.000000,0.000000
1480447351000,73.010002,72.959999,100,73.059998,200,0.000000,0.000000
1480447353000,73.010002,72.959999,200,73.059998,200,0.000000,0.000000
1480447355000,73.010002,72.959999,100,73.059998,200,0.000000,0.000000
1480447357000,73.010002,72.959999,100,73.059998,200,0.000000,0.000000
1480447359000,73.010002,72.959999,100,73.059998,200,0.000000,0.000000
1480447361000,73.010002,72.959999,100,73.059998,200,0.000000,0.000000
1480447363000,73.010002,72.959999,100,73.059998,200,0.000000,0.000000
1480447365000,73.010002,72.959999,100,73.059998,200,0.000000,0.000000
1480447368000,73.010002,72.959999,100,73.059998,200,0.000000,0.000000
1480447370000,73.010002,72.959999,100,73.059998,200,0.000000,0.000000
1480447372000,73.010002,72.959999,100,73.059998,200,0.000000,0.000000
1480447374000,73.010002,72.959999,100,73.059998,200,0.000000,0.000000
1480447376000,73.010002,72.959999,100,73.059998,200,0.000000,0.000000
1480447378000,73.010002,72.959999,100,73.059998,200,0.000000,0.000000
1480447380000,73.010002,72.959999,100,73.059998,200,0.000000,0.000000
1480447382000,73.010002,72.959999,100,73.059998,200,0.000000,0.000000
1480447384000,73.010002,72.959999,100,73.059998,200,0.000000,0.000000
1480447386000,73.010002,72.959999,100,73.059998,200,0.000000,0.000000
1480447388000,73.010002,72.959999,100,73.059998,200,0.000000,0.000000
1480447390000,73.010002,72.959999,100,73.059998,200,0.000000,0.000000
1480447392000,73.010002,72.959999,100,73.059998,200,0.000000,0.000000
1480447394000,73.010002,72.959999,100,73.059998,200,0.000000,0.000000
1480447396000,73.010002,72.959999,100,73.059998,200,0.000000,0.000000
1480447398000,73.010002,72.959999,100,73.059998,200,0.000000,0.000000
1480447400000,73.010002,72.959999,100,73.059998,200,0.000000,0.000000
1480447402000,73.010002,72.959999,100,73.059998,200,0.000000,0.000000
1480447405000,73.010002,72.959999,100,73.059998,200,0.000000,0.000000
1480447407000,73.010002,72.959999,100,73.059998,200,0.000000,0.000000
1480447409000,73.010002,72.959999,100,73.059998,200,0.000000,0.000000
1480447411000,73.010002,72.959999,100,73.059998,200,0.000000,0.000000
1480447413000,73.010002,72.959999,300,73.050003,100,0.000000,0.000000
1480447415000,73.010002,72.959999,300,73.050003,100,0.000000,0.000000
1480447417000,73.010002,72.959999,300,73.050003,100,0.000000,0.000000
1480447419000,73.010002,72.959999,300,73.050003,100,0.000000,0.000000
1480447421000,73.010002,72.959999,300,73.050003,100,0.000000,0.000000
1480447423000,73.010002,72.959999,300,73.050003,100,0.000000,0.000000
1480447425000,73.010002,72.959999,300,73.050003,100,0.000000,0.000000
1480447427000,73.010002,72.959999,300,73.050003,100,0.000000,0.000000
1480447429000,73.010002,72.959999,300,73.050003,100,0.000000,0.000000
1480447431000,73.010002,72.959999,300,73.050003,100,0.000000,0.000000
1480447433000,73.010002,72.959999,300,73.050003,100,0.000000,0.000000
1480447435000,73.010002,72.959999,300,73.050003,100,0.000000,0.000000
1480447437000,73.050003,72.959999,300,73.050003,100,0.000000,0.000000
1480447439000,73.050003,72.959999,300,73.050003,100,0.000000,0.000000
1480447442000,73.050003,72.959999,300,73.050003,100,0.000000,0.000000
1480447444000,73.050003,72.959999,300,73.050003,100,0.000000,0.000000
1480447446000,73.050003,72.959999,300,73.050003,100,0.000000,0.000000
1480447448000,73.050003,72.959999,300,73.050003,100,0.000000,0.000000
1480447450000,73.050003,72.959999,300,73.050003,100,0.000000,0.000000
1480447452000,73.050003,72.959999,300,73.050003,100,0.000000,0.000000
1480447454000,73.050003,72.959999,300,73.050003,100,0.000000,0.000000
1480447456000,73.050003,72.959999,300,73.050003,100,0.000000,0.000000
1480447458000,73.050003,72.959999,300,73.050003,100,0.000000,0.000000
1480447460000,73.050003,72.959999,300,73.050003,100,0.000000,0.000000
1480447462000,73.080002,72.959999,300,73.050003,100,0.000000,0.000000
1480447464000,73.080002,72.959999,300,73.050003,100,0.000000,0.000000
1480447466000,73.080002,72.959999,300,73.050003,100,0.000000,0.000000
1480447468000,73.080002,72.959999,300,73.050003,100,0.000000,0.000000
1480447470000,73.080002,72.959999,300,73.050003,100,0.000000,0.000000
1480447472000,73.080002,72.970001,100,73.050003,300,0.000000,0.000000
1480447474000,73.080002,72.970001,100,73.050003,300,0.000000,0.000000
1480447476000,73.080002,72.970001,100,73.050003,300,0.000000,0.000000
1480447478000,73.080002,72.970001,100,73.050003,300,0.000000,0.000000
1480447481000,73.080002,72.970001,100,73.050003,300,0.000000,0.000000
1480447483000,73.080002,72.970001,100,73.050003,300,0.000000,0.000000
1480447485000,73.080002,72.970001,100,73.050003,300,0.000000,0.000000
1480447487000,73.080002,72.970001,100,73.050003,300,0.000000,0.000000
1480447489000,73.080002,72.970001,100,73.050003,300,0.000000,0.000000
1480447491000,73.080002,72.970001,100,73.050003,300,0.000000,0.000000
1480447493000,73.080002,72.970001,100,73.050003,300,0.000000,0.000000
1480447495000,73.050003,72.970001,100,73.050003,300,0.000000,0.000000
1480447497000,73.050003,72.970001,100,73.050003,300,0.000000,0.000000
1480447499000,73.080002,72.970001,100,73.050003,300,0.000000,0.000000
1480447501000,73.080002,72.970001,100,73.050003,300,0.000000,0.000000
1480447503000,73.080002,72.970001,100,73.050003,300,0.000000,0.000000
1480447505000,73.080002,72.970001,100,73.050003,300,0.000000,0.000000
1480447507000,73.120003,72.970001,100,73.050003,300,0.000000,0.000000
1480447509000,73.120003,72.970001,100,73.050003,300,0.000000,0.000000
1480447511000,73.120003,72.970001,100,73.050003,300,0.000000,0.000000
1480447513000,73.120003,72.970001,100,73.050003,300,0.000000,0.000000
1480447515000,73.120003,72.970001,100,73.050003,300,0.000000,0.000000
1480447517000,73.120003,72.970001,100,73.050003,300,0.000000,0.000000
1480447520000,73.120003,72.970001,100,73.050003,300,0.000000,0.000000
1480447522000,73.120003,72.970001,100,73.050003,300,0.000000,0.000000
1480447524000,73.120003,72.970001,100,73.050003,300,0.000000,0.000000
1480447526000,73.120003,72.970001,100,73.050003,300,0.000000,0.000000
1480447528000,73.120003,72.970001,100,73.050003,300,0.000000,0.000000
1480447530000,73.120003,72.970001,100,73.050003,300,0.000000,0.000000
1480447532000,73.120003,72.970001,100,73.050003,300,0.000000,0.000000
1480447534000,73.120003,72.980003,100,73.040001,100,0.000000,0.000000
1480447536000,73.120003,72.980003,100,73.040001,100,0.000000,0.000000
1480447538000,73.120003,72.980003,100,73.040001,100,0.000000,0.000000
1480447540000,73.120003,72.980003,100,73.040001,100,0.000000,0.000000
1480447542000,73.120003,72.980003,100,73.040001,100,0.000000,0.000000
1480447544000,73.120003,72.980003,100,73.040001,100,0.000000,0.000000
1480447546000,73.120003,72.980003,100,73.040001,100,0.000000,0.000000
1480447548000,73.120003,72.980003,100,73.040001,100,0.000000,0.000000
1480447550000,73.120003,72.980003,100,73.040001,100,0.000000,0.000000
1480447553000,73.120003,72.980003,100,73.040001,100,0.000000,0.000000
1480447555000,73.120003,72.980003,100,73.040001,100,0.000000,0.000000
1480447557000,73.120003,72.980003,100,73.040001,100,0.000000,0.000000
1480447559000,73.120003,72.980003,100,73.040001,100,0.000000,0.000000
1480447561000,73.120003,72.980003,100,73.040001,100,0.000000,0.000000
1480447563000,73.120003,72.980003,100,73.040001,100,0.000000,0.000000
1480447565000,73.120003,72.980003,100,73.040001,100,0.000000,0.000000
1480447567000,73.120003,72.980003,100,73.040001,100,0.000000,0.000000
1480447569000,73.120003,72.980003,100,73.040001,100,0.000000,0.000000
1480447571000,73.120003,72.980003,100,73.040001,100,0.000000,0.000000
1480447573000,73.120003,72.980003,100,73.040001,100,0.000000,0.000000
1480447575000,73.120003,72.980003,100,73.040001,100,0.000000,0.000000
1480447577000,73.120003,72.980003,100,73.040001,100,0.000000,0.000000
1480447579000,73.120003,72.980003,100,73.040001,100,0.000000,0.000000
1480447581000,73.120003,72.980003,100,73.040001,100,0.000000,0.000000
1480447583000,73.120003,72.980003,100,73.040001,100,0.000000,0.000000
1480447585000,73.120003,72.980003,100,73.040001,100,0.000000,0.000000
1480447588000,73.120003,72.980003,100,73.040001,100,0.000000,0.000000
1480447590000,73.120003,72.980003,100,73.040001,100,0.000000,0.000000
1480447592000,73.120003,72.980003,100,73.040001,100,0.000000,0.000000
1480447594000,73.120003,72.980003,200,73.050003,300,0.000000,0.000000
1480447596000,73.120003,72.980003,200,73.050003,300,0.000000,0.000000
1480447598000,73.120003,72.980003,200,73.050003,300,0.000000,0.000000
1480447600000,73.120003,72.980003,200,73.050003,300,0.000000,0.000000
1480447602000,73.120003,72.980003,200,73.050003,300,0.000000,0.000000
1480447604000,73.120003,72.980003,200,73.050003,300,0.000000,0.000000
1480447606000,73.120003,72.980003,200,73.050003,300,0.000000,0.000000
1480447608000,73.120003,72.980003,200,73.050003,300,0.000000,0.000000
1480447610000,73.120003,72.980003,200,73.050003,300,0.000000,0.000000
1480447612000,73.120003,72.980003,200,73.050003,300,0.000000,0.000000
1480447614000,73.120003,72.980003,200,73.050003,300,0.000000,0.000000
1480447616000,73.120003,72.980003,200,73.050003,300,0.000000,0.000000
1480447618000,73.120003,72.980003,200,73.050003,300,0.000000,0.000000
1480447620000,73.120003,72.980003,200,73.050003,300,0.000000,0.000000
1480447623000,73.120003,72.980003,200,73.050003,300,0.000000,0.000000
1480447625000,73.120003,72.980003,200,73.050003,300,0.000000,0.000000
1480447627000,73.120003,72.980003,200,73.050003,300,0.000000,0.000000
1480447629000,73.120003,72.980003,200,73.050003,300,0.000000,0.000000
1480447631000,73.120003,72.980003,200,73.050003,300,0.000000,0.000000
1480447633000,73.120003,72.980003,200,73.050003,300,0.000000,0.000000
1480447635000,73.120003,72.980003,200,73.050003,300,0.000000,0.000000
1480447637000,73.120003,72.980003,200,73.050003,300,0.000000,0.000000
1480447639000,73.120003,72.980003,200,73.050003,300,0.000000,0.000000
1480447641000,73.120003,72.980003,200,73.050003,300,0.000000,0.000000
1480447643000,73.120003,72.980003,200,73.050003,300,0.000000,0.000000
1480447645000,73.120003,72.980003,200,73.050003,300,0.000000,0.000000
1480447647000,73.120003,72.980003,200,73.050003,300,0.000000,0.000000
1480447649000,73.120003,72.980003,200,73.050003,300,0.000000,0.000000
1480447651000,73.120003,72.980003,200,73.050003,300,0.000000,0.000000
1480447653000,73.120003,72.980003,300,73.050003,400,0.000000,0.000000
1480447655000,73.120003,72.980003,300,73.040001,100,0.000000,0.000000
1480447657000,73.120003,72.980003,300,73.040001,100,0.000000,0.000000
1480447660000,73.120003,72.980003,300,73.040001,100,0.000000,0.000000
1480447662000,73.120003,72.980003,300,73.040001,100,0.000000,0.000000
1480447664000,73.120003,72.980003,300,73.040001,100,0.000000,0.000000
1480447666000,73.120003,72.980003,300,73.040001,100,0.000000,0.000000
1480447668000,73.120003,72.980003,300,73.040001,100,0.000000,0.000000
1480447670000,73.120003,72.980003,300,73.040001,100,0.000000,0.000000
1480447672000,73.120003,72.980003,300,73.040001,100,0.000000,0.000000
1480447674000,73.120003,72.980003,300,73.040001,100,0.000000,0.000000
1480447676000,73.120003,72.980003,300,73.040001,100,0.000000,0.000000
1480447678000,73.120003,72.980003,300,73.040001,100,0.000000,0.000000
1480447680000,73.120003,72.980003,300,73.040001,100,0.000000,0.000000
1480447682000,73.120003,72.980003,300,73.040001,100,0.000000,0.000000
1480447684000,73.120003,72.980003,300,73.040001,100,0.000000,0.000000
1480447686000,73.120003,72.980003,300,73.040001,100,0.000000,0.000000
1480447688000,73.120003,72.980003,300,73.040001,100,0.000000,0.000000
1480447690000,73.120003,72.980003,300,73.040001,100,0.000000,0.000000
1480447692000,73.120003,72.980003,300,73.040001,100,0.000000,0.000000
1480447694000,73.120003,72.980003,300,73.040001,100,0.000000,0.000000
1480447696000,73.120003,72.980003,300,73.040001,100,0.000000,0.000000
1480447698000,73.120003,72.980003,300,73.040001,100,0.000000,0.000000
1480447701000,73.120003,72.980003,300,73.040001,100,0.000000,0.000000
1480447703000,73.120003,72.980003,300,73.040001,100,0.000000,0.000000
1480447705000,73.120003,72.980003,300,73.040001,100,0.000000,0.000000
1480447707000,73.120003,72.980003,300,73.040001,100,0.000000,0.000000
1480447709000,73.120003,72.980003,300,73.040001,100,0.000000,0.000000
1480447711000,73.120003,72.980003,300,73.040001,100,0.000000,0.000000
1480447714000,73.120003,72.980003,100,73.040001,100,0.000000,0.000000
1480447716000,73.120003,72.980003,100,73.040001,100,0.000000,0.000000
1480447718000,73.120003,72.980003,100,73.040001,100,0.000000,0.000000
1480447720000,73.120003,72.980003,100,73.040001,100,0.000000,0.000000
1480447722000,73.120003,72.980003,100,73.040001,100,0.000000,0.000000
1480447724000,73.120003,72.980003,100,73.040001,100,0.000000,0.000000
1480447726000,73.120003,72.980003,100,73.040001,100,0.000000,0.000000
1480447728000,73.120003,72.980003,100,73.040001,100,0.000000,0.000000
1480447730000,73.120003,72.980003,100,73.040001,100,0.000000,0.000000
1480447732000,73.120003,72.980003,100,73.040001,100,0.000000,0.000000
1480447734000,73.120003,72.980003,100,73.040001,100,0.000000,0.000000
1480447736000,73.120003,72.980003,100,73.040001,100,0.000000,0.000000
1480447738000,73.120003,72.980003,100,73.040001,100,0.000000,0.000000
1480447740000,73.120003,72.980003,100,73.040001,100,0.000000,0.000000
1480447742000,73.120003,72.980003,100,73.040001,100,0.000000,0.000000
1480447744000,73.120003,72.980003,100,73.040001,100,0.000000,0.000000
1480447747000,73.120003,72.980003,100,73.040001,100,0.000000,0.000000
1480447749000,73.120003,72.980003,100,73.040001,100,0.000000,0.000000
1480447751000,73.120003,72.980003,100,73.040001,100,0.000000,0.000000
1480447753000,73.120003,72.980003,100,73.040001,100,0.000000,0.000000
1480447755000,73.120003,72.980003,100,73.040001,100,0.000000,0.000000
1480447757000,73.120003,72.980003,100,73.040001,100,0.000000,0.000000
1480447759000,73.120003,72.980003,100,73.040001,100,0.000000,0.000000
1480447761000,73.120003,72.980003,100,73.040001,100,0.000000,0.000000
1480447763000,73.120003,72.980003,100,73.040001,100,0.000000,0.000000
1480447765000,73.120003,72.980003,100,73.040001,100,0.000000,0.000000
1480447767000,73.120003,72.980003,100,73.040001,100,0.000000,0.000000
1480447769000,73.120003,72.980003,100,73.040001,100,0.000000,0.000000
1480447771000,73.120003,72.980003,100,73.040001,100,0.000000,0.000000
1480447773000,73.120003,72.980003,300,73.040001,200,0.000000,0.000000
1480447775000,73.120003,72.980003,300,73.040001,200,0.000000,0.000000
1480447777000,73.120003,72.980003,300,73.040001,200,0.000000,0.000000
1480447779000,73.120003,72.980003,300,73.040001,200,0.000000,0.000000
1480447782000,73.120003,72.980003,300,73.040001,200,0.000000,0.000000
1480447784000,73.120003,72.980003,300,73.040001,200,0.000000,0.000000
1480447786000,73.120003,72.980003,300,73.040001,200,0.000000,0.000000
1480447788000,73.120003,72.980003,300,73.040001,200,0.000000,0.000000
1480447790000,73.120003,72.980003,300,73.040001,200,0.000000,0.000000
1480447792000,73.120003,72.980003,300,73.040001,200,0.000000,0.000000
1480447794000,73.120003,72.980003,300,73.040001,200,0.000000,0.000000
1480447796000,73.120003,72.980003,300,73.040001,200,0.000000,0.000000
1480447798000,73.120003,72.980003,300,73.040001,200,0.000000,0.000000
1480447800000,73.120003,72.980003,300,73.040001,200,0.000000,0.000000
1480447802000,73.120003,72.980003,300,73.040001,200,0.000000,0.000000
1480447804000,73.120003,72.980003,300,73.040001,200,0.000000,0.000000
1480447806000,73.120003,72.980003,300,73.040001,200,0.000000,0.000000
1480447808000,73.120003,72.980003,300,73.040001,200,0.000000,0.000000
1480447810000,73.120003,72.980003,300,73.040001,200,0.000000,0.000000
1480447812000,73.120003,72.980003,300,73.040001,200,0.000000,0.000000
1480447814000,73.120003,72.980003,300,73.040001,200,0.000000,0.000000
1480447816000,73.120003,72.980003,300,73.040001,200,0.000000,0.000000
1480447819000,73.120003,72.980003,300,73.040001,200,0.000000,0.000000
1480447821000,73.050003,72.980003,300,73.040001,200,0.000000,0.000000
1480447823000,73.050003,72.980003,300,73.040001,200,0.000000,0.000000
1480447825000,73.050003,72.980003,300,73.040001,200,0.000000,0.000000
1480447827000,73.050003,72.980003,300,73.040001,200,0.000000,0.000000
1480447829000,73.050003,72.980003,300,73.040001,200,0.000000,0.000000
1480447831000,73.099998,72.980003,300,73.040001,200,0.000000,0.000000
1480447833000,73.099998,72.970001,200,73.029999,100,0.000000,0.000000
1480447835000,73.099998,72.970001,200,73.029999,200,0.000000,0.000000
1480447837000,73.099998,72.970001,200,73.029999,200,0.000000,0.000000
1480447839000,73.099998,72.970001,200,73.029999,200,0.000000,0.000000
1480447841000,73.099998,72.970001,200,73.029999,200,0.000000,0.000000
1480447843000,73.099998,72.970001,200,73.029999,200,0.000000,0.000000
1480447845000,73.099998,72.970001,200,73.029999,200,0.000000,0.000000
1480447847000,73.099998,72.970001,200,73.029999,200,0.000000,0.000000
1480447850000,73.099998,72.970001,200,73.029999,200,0.000000,0.000000
1480447852000,73.120003,72.970001,200,73.029999,200,0.000000,0.000000
1480447854000,73.120003,72.970001,200,73.029999,200,0.000000,0.000000
1480447856000,73.120003,72.970001,200,73.029999,200,0.000000,0.000000
1480447858000,73.120003,72.970001,200,73.029999,200,0.000000,0.000000
1480447860000,73.120003,72.970001,200,73.029999,200,0.000000,0.000000
1480447862000,73.120003,72.970001,200,73.029999,200,0.000000,0.000000
1480447864000,73.120003,72.970001,200,73.029999,200,0.000000,0.000000
1480447866000,73.120003,72.970001,200,73.029999,200,0.000000,0.000000
1480447868000,73.120003,72.970001,200,73.029999,200,0.000000,0.000000
1480447870000,73.120003,72.970001,200,73.029999,200,0.000000,0.000000
1480447872000,73.120003,72.970001,200,73.029999,200,0.000000,0.000000
1480447874000,73.120003,72.970001,200,73.029999,200,0.000000,0.000000
1480447876000,73.120003,72.970001,200,73.029999,200,0.000000,0.000000
1480447878000,73.120003,72.970001,200,73.029999,200,0.000000,0.000000
1480447880000,73.089996,72.970001,200,73.029999,200,0.000000,0.000000
1480447882000,73.089996,72.970001,200,73.029999,200,0.000000,0.000000
1480447884000,73.089996,72.970001,200,73.029999,200,0.000000,0.000000
1480447886000,73.089996,72.970001,200,73.029999,200,0.000000,0.000000
1480447889000,73.089996,72.970001,200,73.029999,200,0.000000,0.000000
1480447891000,73.089996,72.970001,200,73.029999,200,0.000000,0.000000
1480447893000,73.089996,72.940002,300,73.019997,100,0.000000,0.000000
1480447895000,73.089996,72.940002,300,73.019997,100,0.000000,0.000000
1480447897000,73.089996,72.940002,300,73.019997,100,0.000000,0.000000
1480447899000,73.089996,72.940002,300,73.019997,100,0.000000,0.000000
1480447901000,73.089996,72.940002,300,73.019997,100,0.000000,0.000000
1480447903000,73.089996,72.940002,300,73.019997,100,0.000000,0.000000
1480447905000,73.089996,72.940002,300,73.019997,100,0.000000,0.000000
1480447907000,73.089996,72.940002,300,73.019997,100,0.000000,0.000000
1480447909000,73.089996,72.940002,300,73.019997,100,0.000000,0.000000
1480447911000,73.089996,72.940002,300,73.019997,100,0.000000,0.000000
1480447913000,73.089996,72.940002,300,73.019997,100,0.000000,0.000000
1480447915000,73.089996,72.940002,300,73.019997,100,0.000000,0.000000
1480447917000,73.089996,72.940002,300,73.019997,100,0.000000,0.000000
1480447919000,73.089996,72.940002,300,73.019997,100,0.000000,0.000000
1480447921000,73.089996,72.940002,300,73.019997,100,0.000000,0.000000
1480447924000,73.089996,72.940002,300,73.019997,100,0.000000,0.000000
1480447926000,73.089996,72.940002,300,73.019997,100,0.000000,0.000000
1480447928000,73.089996,72.940002,300,73.019997,100,0.000000,0.000000
1480447930000,73.089996,72.940002,300,73.019997,100,0.000000,0.000000
1480447932000,73.089996,72.940002,300,73.019997,100,0.000000,0.000000
1480447934000,73.089996,72.940002,300,73.019997,100,0.000000,0.000000
1480447936000,73.089996,72.940002,300,73.019997,100,0.000000,0.000000
1480447938000,73.089996,72.940002,300,73.019997,100,0.000000,0.000000
1480447940000,73.089996,72.940002,300,73.019997,100,0.000000,0.000000
1480447942000,73.089996,72.940002,300,73.019997,100,0.000000,0.000000
1480447944000,73.089996,72.940002,300,73.019997,100,0.000000,0.000000
1480447946000,73.089996,72.940002,300,73.019997,100,0.000000,0.000000
1480447948000,73.089996,72.940002,300,73.019997,100,0.000000,0.000000
1480447950000,73.089996,72.940002,300,73.019997,100,0.000000,0.000000
1480447952000,73.089996,72.949997,300,73.019997,200,0.000000,0.000000
1480447954000,73.089996,72.949997,300,73.019997,200,0.000000,0.000000
1480447956000,73.089996,72.949997,300,73.019997,200,0.000000,0.000000
1480447958000,73.089996,72.949997,300,73.019997,200,0.000000,0.000000
1480447961000,73.089996,72.949997,300,73.019997,200,0.000000,0.000000
1480447963000,73.089996,72.949997,300,73.019997,200,0.000000,0.000000
1480447965000,73.089996,72.949997,300,73.019997,200,0.000000,0.000000
1480447967000,73.065002,72.949997,300,73.019997,200,0.000000,0.000000
1480447969000,73.065002,72.949997,300,73.019997,200,0.000000,0.000000
1480447971000,73.065002,72.949997,300,73.019997,200,0.000000,0.000000
1480447973000,73.065002,72.949997,300,73.019997,200,0.000000,0.000000
1480447975000,73.065002,72.949997,300,73.019997,200,0.000000,0.000000
1480447977000,73.065002,72.949997,300,73.019997,200,0.000000,0.000000
1480447979000,73.065002,72.949997,300,73.019997,200,0.000000,0.000000
1480447981000,73.065002,72.949997,300,73.019997,200,0.000000,0.000000
1480447983000,73.065002,72.949997,300,73.019997,200,0.000000,0.000000
1480447985000,73.065002,72.949997,300,73.019997,200,0.000000,0.000000
1480447987000,73.065002,72.949997,300,73.019997,200,0.000000,0.000000
1480447989000,73.065002,72.949997,300,73.019997,200,0.000000,0.000000
1480447991000,73.065002,72.949997,300,73.019997,200,0.000000,0.000000
1480447993000,73.065002,72.949997,300,73.019997,200,0.000000,0.000000
1480447996000,73.065002,72.949997,300,73.019997,200,0.000000,0.000000
1480447998000,73.065002,72.949997,300,73.019997,200,0.000000,0.000000
1480448000000,73.089996,72.949997,300,73.019997,200,0.000000,0.000000
1480448002000,73.089996,72.949997,300,73.019997,200,0.000000,0.000000
1480448004000,73.089996,72.949997,300,73.019997,200,0.000000,0.000000
1480448006000,73.089996,72.949997,300,73.019997,200,0.000000,0.000000
1480448008000,73.089996,72.949997,300,73.019997,200,0.000000,0.000000
1480448010000,73.089996,72.949997,300,73.019997,200,0.000000,0.000000
1480448012000,73.089996,72.949997,300,73.019997,200,0.000000,0.000000
1480448014000,73.089996,72.949997,400,73.019997,300,0.000000,0.000000
1480448017000,73.089996,72.949997,400,73.019997,300,0.000000,0.000000
1480448019000,73.089996,72.949997,400,73.019997,300,0.000000,0.000000
1480448021000,73.089996,72.949997,400,73.019997,300,0.000000,0.000000
1480448023000,73.089996,72.949997,400,73.019997,300,0.000000,0.000000
1480448025000,73.089996,72.949997,400,73.019997,300,0.000000,0.000000
1480448027000,73.089996,72.949997,400,73.019997,300,0.000000,0.000000
1480448029000,73.089996,72.949997,400,73.019997,300,0.000000,0.000000
1480448031000,73.089996,72.949997,400,73.019997,300,0.000000,0.000000
1480448033000,73.089996,72.949997,400,73.019997,300,0.000000,0.000000
1480448035000,73.089996,72.949997,400,73.019997,300,0.000000,0.000000
1480448037000,73.089996,72.949997,400,73.019997,300,0.000000,0.000000
1480448039000,73.040001,72.949997,400,73.019997,300,0.000000,0.000000
1480448041000,73.019997,72.949997,400,73.019997,300,0.000000,0.000000
1480448043000,73.000000,72.949997,400,73.019997,300,0.000000,0.000000
1480448045000,73.000000,72.949997,400,73.019997,300,0.000000,0.000000
1480448048000,73.000000,72.949997,400,73.019997,300,0.000000,0.000000
1480448050000,73.000000,72.949997,400,73.019997,300,0.000000,0.000000
1480448052000,73.000000,72.949997,400,73.019997,300,0.000000,0.000000
1480448054000,73.000000,72.949997,400,73.019997,300,0.000000,0.000000
1480448056000,73.000000,72.949997,400,73.019997,300,0.000000,0.000000
1480448058000,73.000000,72.949997,400,73.019997,300,0.000000,0.000000
1480448060000,73.000000,72.949997,400,73.019997,300,0.000000,0.000000
1480448062000,73.000000,72.949997,400,73.019997,300,0.000000,0.000000
1480448064000,73.000000,72.949997,400,73.019997,300,0.000000,0.000000
1480448066000,73.000000,72.949997,400,73.019997,300,0.000000,0.000000
1480448068000,73.000000,72.949997,400,73.019997,300,0.000000,0.000000
1480448070000,73.000000,72.949997,400,73.019997,300,0.000000,0.000000
1480448072000,73.000000,72.949997,400,73.019997,300,0.000000,0.000000
1480448074000,73.000000,72.949997,300,73.019997,400,0.000000,0.000000
1480448076000,73.000000,72.949997,300,73.019997,400,0.000000,0.000000
1480448078000,73.000000,72.949997,300,73.019997,400,0.000000,0.000000
1480448080000,73.000000,72.949997,300,73.019997,400,0.000000,0.000000
1480448082000,73.000000,72.949997,300,73.019997,400,0.000000,0.000000
1480448084000,73.000000,72.949997,300,73.019997,400,0.000000,0.000000
1480448087000,73.000000,72.949997,300,73.019997,400,0.000000,0.000000
1480448089000,73.000000,72.949997,300,73.019997,400,0.000000,0.000000
1480448091000,73.000000,72.949997,300,73.019997,400,0.000000,0.000000
1480448093000,73.000000,72.949997,300,73.019997,400,0.000000,0.000000
1480448095000,73.000000,72.949997,300,73.019997,400,0.000000,0.000000
1480448097000,73.000000,72.949997,300,73.019997,400,0.000000,0.000000
1480448099000,73.000000,72.949997,300,73.019997,400,0.000000,0.000000
1480448101000,73.000000,72.949997,300,73.019997,400,0.000000,0.000000
1480448104000,73.000000,72.949997,300,73.019997,400,0.000000,0.000000
1480448106000,73.000000,72.949997,300,73.019997,400,0.000000,0.000000
1480448108000,73.000000,72.949997,300,73.019997,400,0.000000,0.000000
1480448110000,73.000000,72.949997,300,73.019997,400,0.000000,0.000000
1480448112000,73.000000,72.949997,300,73.019997,400,0.000000,0.000000
1480448114000,73.000000,72.949997,300,73.019997,400,0.000000,0.000000
1480448116000,73.000000,72.949997,300,73.019997,400,0.000000,0.000000
1480448118000,73.000000,72.949997,300,73.019997,400,0.000000,0.000000
1480448120000,73.000000,72.949997,300,73.019997,400,0.000000,0.000000
1480448122000,73.000000,72.949997,300,73.019997,400,0.000000,0.000000
1480448124000,73.000000,72.949997,300,73.019997,400,0.000000,0.000000
1480448126000,73.000000,72.949997,300,73.019997,400,0.000000,0.000000
1480448128000,73.000000,72.949997,300,73.019997,400,0.000000,0.000000
1480448130000,73.000000,72.949997,300,73.019997,400,0.000000,0.000000
1480448132000,73.000000,72.949997,300,73.019997,400,0.000000,0.000000
1480448134000,73.000000,72.949997,200,73.010002,300,0.000000,0.000000
1480448137000,73.000000,72.949997,200,73.010002,300,0.000000,0.000000
1480448139000,73.000000,72.949997,200,73.010002,300,0.000000,0.000000
1480448141000,73.000000,72.949997,200,73.010002,300,0.000000,0.000000
1480448143000,73.000000,72.949997,200,73.010002,300,0.000000,0.000000
1480448145000,73.000000,72.949997,200,73.010002,300,0.000000,0.000000
1480448147000,73.000000,72.949997,200,73.010002,300,0.000000,0.000000
1480448149000,73.000000,72.949997,200,73.010002,300,0.000000,0.000000
1480448151000,73.000000,72.949997,200,73.010002,300,0.000000,0.000000
1480448153000,73.000000,72.949997,200,73.010002,300,0.000000,0.000000
1480448155000,73.000000,72.949997,200,73.010002,300,0.000000,0.000000
1480448157000,73.019997,72.949997,200,73.010002,300,0.000000,0.000000
1480448159000,73.019997,72.949997,200,73.010002,300,0.000000,0.000000
1480448161000,73.019997,72.949997,200,73.010002,300,0.000000,0.000000
1480448163000,73.019997,72.949997,200,73.010002,300,0.000000,0.000000
1480448165000,73.019997,72.949997,200,73.010002,300,0.000000,0.000000
1480448167000,73.019997,72.949997,200,73.010002,300,0.000000,0.000000
1480448169000,73.019997,72.949997,200,73.010002,300,0.000000,0.000000
1480448171000,73.019997,72.949997,200,73.010002,300,0.000000,0.000000
1480448174000,73.019997,72.949997,200,73.010002,300,0.000000,0.000000
1480448176000,73.019997,72.949997,200,73.010002,300,0.000000,0.000000
1480448178000,73.019997,72.949997,200,73.010002,300,0.000000,0.000000
1480448180000,73.019997,72.949997,200,73.010002,300,0.000000,0.000000
1480448182000,73.019997,72.949997,200,73.010002,300,0.000000,0.000000
1480448184000,73.019997,72.949997,200,73.010002,300,0.000000,0.000000
1480448186000,73.019997,72.949997,200,73.010002,300,0.000000,0.000000
1480448188000,73.019997,72.949997,200,73.010002,300,0.000000,0.000000
1480448190000,73.019997,72.949997,200,73.010002,300,0.000000,0.000000
1480448192000,73.019997,72.949997,200,73.010002,300,0.000000,0.000000
1480448194000,73.019997,72.949997,300,73.010002,200,0.000000,0.000000
1480448196000,73.019997,72.949997,300,73.010002,200,0.000000,0.000000
1480448198000,73.019997,72.949997,300,73.010002,200,0.000000,0.000000
1480448200000,73.019997,72.949997,300,73.010002,200,0.000000,0.000000
1480448202000,73.019997,72.949997,300,73.010002,200,0.000000,0.000000
1480448204000,73.019997,72.949997,300,73.010002,200,0.000000,0.000000
1480448206000,73.019997,72.949997,300,73.010002,200,0.000000,0.000000
1480448209000,73.019997,72.949997,300,73.010002,200,0.000000,0.000000
1480448211000,73.019997,72.949997,300,73.010002,200,0.000000,0.000000
1480448213000,73.019997,72.949997,300,73.010002,200,0.000000,0.000000
1480448215000,73.019997,72.949997,300,73.010002,200,0.000000,0.000000
1480448217000,73.019997,72.949997,300,73.010002,200,0.000000,0.000000
1480448219000,73.019997,72.949997,300,73.010002,200,0.000000,0.000000
1480448221000,73.019997,72.949997,300,73.010002,200,0.000000,0.000000
1480448223000,73.019997,72.949997,300,73.010002,200,0.000000,0.000000
1480448225000,73.019997,72.949997,300,73.010002,200,0.000000,0.000000
1480448227000,73.019997,72.949997,300,73.010002,200,0.000000,0.000000
1480448229000,73.019997,72.949997,300,73.010002,200,0.000000,0.000000
1480448231000,73.019997,72.949997,300,73.010002,200,0.000000,0.000000
1480448233000,73.019997,72.949997,300,73.010002,200,0.000000,0.000000
1480448235000,73.019997,72.949997,300,73.010002,200,0.000000,0.000000
1480448237000,73.019997,72.949997,300,73.010002,200,0.000000,0.000000
1480448239000,73.019997,72.949997,300,73.010002,200,0.000000,0.000000
1480448241000,73.019997,72.949997,300,73.010002,200,0.000000,0.000000
1480448243000,73.019997,72.949997,300,73.010002,200,0.000000,0.000000
1480448245000,73.019997,72.949997,300,73.010002,200,0.000000,0.000000
1480448248000,73.019997,72.949997,300,73.010002,200,0.000000,0.000000
1480448250000,73.019997,72.949997,300,73.010002,200,0.000000,0.000000
1480448252000,73.019997,72.949997,300,73.010002,200,0.000000,0.000000
1480448254000,73.019997,72.959999,300,73.019997,200,0.000000,0.000000
1480448256000,73.019997,72.959999,300,73.019997,200,0.000000,0.000000
1480448258000,73.019997,72.959999,300,73.019997,200,0.000000,0.000000
1480448260000,73.019997,72.959999,300,73.019997,200,0.000000,0.000000
1480448262000,73.019997,72.959999,300,73.019997,200,0.000000,0.000000
1480448264000,73.019997,72.959999,300,73.019997,200,0.000000,0.000000
1480448266000,73.019997,72.959999,300,73.019997,200,0.000000,0.000000
1480448268000,73.019997,72.959999,300,73.019997,200,0.000000,0.000000
1480448270000,73.019997,72.959999,300,73.019997,200,0.000000,0.000000
1480448272000,73.019997,72.959999,300,73.019997,200,0.000000,0.000000
1480448274000,73.019997,72.959999,300,73.019997,200,0.000000,0.000000
1480448276000,73.019997,72.959999,300,73.019997,200,0.000000,0.000000
1480448278000,73.019997,72.959999,300,73.019997,200,0.000000,0.000000
1480448280000,73.019997,72.959999,300,73.019997,200,0.000000,0.000000
1480448283000,73.019997,72.959999,300,73.019997,200,0.000000,0.000000
1480448285000,73.019997,72.959999,300,73.019997,200,0.000000,0.000000
1480448287000,73.019997,72.959999,300,73.019997,200,0.000000,0.000000
1480448289000,73.019997,72.959999,300,73.019997,200,0.000000,0.000000
1480448291000,73.019997,72.959999,300,73.019997,200,0.000000,0.000000
1480448293000,73.019997,72.959999,300,73.019997,200,0.000000,0.000000
1480448295000,73.019997,72.959999,300,73.019997,200,0.000000,0.000000
1480448297000,73.019997,72.959999,300,73.019997,200,0.000000,0.000000
1480448299000,73.019997,72.959999,300,73.019997,200,0.000000,0.000000
1480448301000,73.019997,72.959999,300,73.019997,200,0.000000,0.000000
1480448303000,73.019997,72.959999,300,73.019997,200,0.000000,0.000000
1480448305000,73.019997,72.959999,300,73.019997,200,0.000000,0.000000
1480448307000,73.019997,72.959999,300,73.019997,200,0.000000,0.000000
1480448309000,73.019997,72.959999,300,73.019997,200,0.000000,0.000000
1480448311000,73.019997,72.959999,300,73.019997,200,0.000000,0.000000
1480448313000,73.019997,72.959999,300,73.019997,200,0.000000,0.000000
1480448315000,73.019997,72.959999,300,73.019997,200,0.000000,0.000000
1480448317000,73.019997,72.959999,300,73.019997,200,0.000000,0.000000
1480448320000,73.019997,72.959999,300,73.019997,200,0.000000,0.000000
1480448322000,73.019997,72.959999,300,73.019997,200,0.000000,0.000000
1480448324000,73.019997,72.959999,300,73.019997,200,0.000000,0.000000
1480448326000,73.025002,72.959999,300,73.019997,200,0.000000,0.000000
1480448328000,73.025002,72.959999,300,73.019997,200,0.000000,0.000000
1480448330000,73.025002,72.959999,300,73.019997,200,0.000000,0.000000
1480448332000,73.025002,72.959999,300,73.019997,200,0.000000,0.000000
1480448334000,73.025002,72.959999,300,73.019997,200,0.000000,0.000000
1480448336000,73.025002,72.959999,300,73.019997,200,0.000000,0.000000
1480448338000,73.025002,72.959999,300,73.019997,200,0.000000,0.000000
1480448340000,73.025002,72.959999,300,73.019997,200,0.000000,0.000000
1480448342000,73.025002,72.959999,300,73.019997,200,0.000000,0.000000
1480448344000,73.025002,72.959999,300,73.019997,200,0.000000,0.000000
1480448346000,73.025002,72.959999,300,73.019997,200,0.000000,0.000000
1480448348000,73.025002,72.959999,300,73.019997,200,0.000000,0.000000
1480448350000,73.025002,72.959999,300,73.019997,200,0.000000,0.000000
1480448352000,73.025002,72.959999,300,73.019997,200,0.000000,0.000000
1480448354000,73.025002,72.959999,300,73.019997,200,0.000000,0.000000
1480448357000,73.025002,72.959999,300,73.019997,200,0.000000,0.000000
1480448359000,73.025002,72.959999,300,73.019997,200,0.000000,0.000000
1480448361000,73.025002,72.959999,300,73.019997,200,0.000000,0.000000
1480448363000,73.025002,72.959999,300,73.019997,200,0.000000,0.000000
1480448365000,73.025002,72.959999,300,73.019997,200,0.000000,0.000000
1480448367000,73.025002,72.959999,300,73.019997,200,0.000000,0.000000
1480448369000,73.025002,72.959999,300,73.019997,200,0.000000,0.000000
1480448371000,73.025002,72.959999,300,73.019997,200,0.000000,0.000000
1480448373000,73.025002,72.959999,300,73.019997,200,0.000000,0.000000
1480448375000,73.025002,73.010002,200,73.199997,300,0.000000,0.000000
1480448377000,73.025002,73.010002,200,73.199997,300,0.000000,0.000000
1480448379000,73.099998,73.010002,200,73.199997,300,0.000000,0.000000
1480448381000,73.099998,73.010002,200,73.199997,300,0.000000,0.000000
1480448383000,73.099998,73.010002,200,73.199997,300,0.000000,0.000000
1480448385000,73.099998,73.010002,200,73.199997,300,0.000000,0.000000
1480448387000,73.099998,73.010002,200,73.199997,300,0.000000,0.000000
1480448389000,73.099998,73.010002,200,73.199997,300,0.000000,0.000000
1480448391000,73.099998,73.010002,200,73.199997,300,0.000000,0.000000
1480448393000,73.099998,73.010002,200,73.199997,300,0.000000,0.000000
1480448396000,73.099998,73.010002,200,73.199997,300,0.000000,0.000000
1480448398000,73.099998,73.010002,200,73.199997,300,0.000000,0.000000
1480448400000,73.099998,73.010002,200,73.199997,300,0.000000,0.000000
1480448402000,73.099998,73.010002,200,73.199997,300,0.000000,0.000000
1480448404000,73.099998,73.010002,200,73.199997,300,0.000000,0.000000
1480448406000,73.099998,73.010002,200,73.199997,300,0.000000,0.000000
1480448408000,73.099998,73.010002,200,73.199997,300,0.000000,0.000000
1480448410000,73.099998,73.010002,200,73.199997,300,0.000000,0.000000
1480448412000,73.099998,73.010002,200,73.199997,300,0.000000,0.000000
1480448414000,73.099998,73.010002,200,73.199997,300,0.000000,0.000000
1480448416000,73.099998,73.010002,200,73.199997,300,0.000000,0.000000
1480448418000,73.099998,73.010002,200,73.199997,300,0.000000,0.000000
1480448420000,73.099998,73.010002,200,73.199997,300,0.000000,0.000000
1480448422000,73.099998,73.010002,200,73.199997,300,0.000000,0.000000
1480448424000,73.099998,73.010002,200,73.199997,300,0.000000,0.000000
1480448426000,73.099998,73.010002,200,73.199997,300,0.000000,0.000000
1480448429000,73.099998,73.010002,200,73.199997,300,0.000000,0.000000
1480448431000,73.099998,73.010002,200,73.199997,300,0.000000,0.000000
1480448433000,73.099998,73.010002,200,73.199997,300,0.000000,0.000000
1480448435000,73.099998,73.019997,100,73.129997,200,0.000000,0.000000
1480448437000,73.099998,73.019997,100,73.129997,200,0.000000,0.000000
1480448439000,73.099998,73.019997,100,73.129997,200,0.000000,0.000000
1480448441000,73.099998,73.019997,100,73.129997,200,0.000000,0.000000
1480448443000,73.099998,73.019997,100,73.129997,200,0.000000,0.000000
1480448445000,73.099998,73.019997,100,73.129997,200,0.000000,0.000000
1480448447000,73.099998,73.019997,100,73.129997,200,0.000000,0.000000
1480448449000,73.099998,73.019997,100,73.129997,200,0.000000,0.000000
1480448451000,73.099998,73.019997,100,73.129997,200,0.000000,0.000000
1480448453000,73.099998,73.019997,100,73.129997,200,0.000000,0.000000
1480448455000,73.099998,73.019997,100,73.129997,200,0.000000,0.000000
1480448457000,73.099998,73.019997,100,73.129997,200,0.000000,0.000000
1480448459000,73.099998,73.019997,100,73.129997,200,0.000000,0.000000
1480448461000,73.099998,73.019997,100,73.129997,200,0.000000,0.000000
1480448464000,73.099998,73.019997,100,73.129997,200,0.000000,0.000000
1480448466000,73.099998,73.019997,100,73.129997,200,0.000000,0.000000
1480448468000,73.099998,73.019997,100,73.129997,200,0.000000,0.000000
1480448470000,73.099998,73.019997,100,73.129997,200,0.000000,0.000000
1480448472000,73.099998,73.019997,100,73.129997,200,0.000000,0.000000
1480448474000,73.099998,73.019997,100,73.129997,200,0.000000,0.000000
1480448476000,73.099998,73.019997,100,73.129997,200,0.000000,0.000000
1480448478000,73.099998,73.019997,100,73.129997,200,0.000000,0.000000
1480448480000,73.099998,73.019997,100,73.129997,200,0.000000,0.000000
1480448482000,73.099998,73.019997,100,73.129997,200,0.000000,0.000000
1480448484000,73.099998,73.019997,100,73.129997,200,0.000000,0.000000
1480448486000,73.099998,73.019997,100,73.129997,200,0.000000,0.000000
1480448488000,73.099998,73.019997,100,73.129997,200,0.000000,0.000000
1480448490000,73.099998,73.019997,100,73.129997,200,0.000000,0.000000
1480448492000,73.099998,73.019997,100,73.129997,200,0.000000,0.000000
1480448494000,73.099998,73.019997,200,73.129997,300,0.000000,0.000000
1480448496000,73.099998,73.019997,200,73.129997,300,0.000000,0.000000
1480448498000,73.099998,73.019997,200,73.129997,300,0.000000,0.000000
1480448500000,73.099998,73.019997,200,73.129997,300,0.000000,0.000000
1480448503000,73.099998,73.019997,200,73.129997,300,0.000000,0.000000
1480448505000,73.099998,73.019997,200,73.129997,300,0.000000,0.000000
1480448507000,73.099998,73.019997,200,73.129997,300,0.000000,0.000000
1480448509000,73.099998,73.019997,200,73.129997,300,0.000000,0.000000
1480448511000,73.099998,73.019997,200,73.129997,300,0.000000,0.000000
1480448513000,73.099998,73.019997,200,73.129997,300,0.000000,0.000000
1480448515000,73.099998,73.019997,200,73.129997,300,0.000000,0.000000
1480448517000,73.099998,73.019997,200,73.129997,300,0.000000,0.000000
1480448519000,73.099998,73.019997,200,73.129997,300,0.000000,0.000000
1480448521000,73.099998,73.019997,200,73.129997,300,0.000000,0.000000
1480448523000,73.099998,73.019997,200,73.129997,300,0.000000,0.000000
1480448525000,73.099998,73.019997,200,73.129997,300,0.000000,0.000000
1480448527000,73.099998,73.019997,200,73.129997,300,0.000000,0.000000
1480448529000,73.099998,73.019997,200,73.129997,300,0.000000,0.000000
1480448531000,73.099998,73.019997,200,73.129997,300,0.000000,0.000000
1480448533000,73.099998,73.019997,200,73.129997,300,0.000000,0.000000
1480448535000,73.099998,73.019997,200,73.129997,300,0.000000,0.000000
1480448537000,73.099998,73.019997,200,73.129997,300,0.000000,0.000000
1480448539000,73.099998,73.019997,200,73.129997,300,0.000000,0.000000
1480448542000,73.099998,73.019997,200,73.129997,300,0.000000,0.000000
1480448544000,73.099998,73.019997,200,73.129997,300,0.000000,0.000000
1480448546000,73.099998,73.019997,200,73.129997,300,0.000000,0.000000
1480448548000,73.099998,73.019997,200,73.129997,300,0.000000,0.000000
1480448550000,73.099998,73.019997,200,73.129997,300,0.000000,0.000000
1480448552000,73.099998,73.019997,200,73.129997,300,0.000000,0.000000
1480448554000,73.099998,73.019997,300,73.129997,300,0.000000,0.000000
1480448556000,73.099998,73.019997,300,73.129997,300,0.000000,0.000000
1480448558000,73.099998,73.019997,300,73.129997,300,0.000000,0.000000
1480448560000,73.099998,73.019997,300,73.129997,300,0.000000,0.000000
1480448562000,73.099998,73.019997,300,73.129997,300,0.000000,0.000000
1480448564000,73.099998,73.019997,300,73.129997,300,0.000000,0.000000
1480448566000,73.099998,73.019997,300,73.129997,300,0.000000,0.000000
1480448568000,73.099998,73.019997,300,73.129997,300,0.000000,0.000000
1480448571000,73.099998,73.019997,300,73.129997,300,0.000000,0.000000
1480448573000,73.099998,73.019997,300,73.129997,300,0.000000,0.000000
1480448575000,73.099998,73.019997,300,73.129997,300,0.000000,0.000000
1480448577000,73.099998,73.019997,300,73.129997,300,0.000000,0.000000
1480448579000,73.099998,73.019997,300,73.129997,300,0.000000,0.000000
1480448581000,73.099998,73.019997,300,73.129997,300,0.000000,0.000000
1480448583000,73.099998,73.019997,300,73.129997,300,0.000000,0.000000
1480448585000,73.099998,73.019997,300,73.129997,300,0.000000,0.000000
1480448587000,73.099998,73.019997,300,73.129997,300,0.000000,0.000000
1480448589000,73.099998,73.019997,300,73.129997,300,0.000000,0.000000
1480448591000,73.099998,73.019997,300,73.129997,300,0.000000,0.000000
1480448594000,73.099998,73.019997,300,73.129997,300,0.000000,0.000000
1480448596000,73.099998,73.019997,300,73.129997,300,0.000000,0.000000
1480448598000,73.099998,73.019997,300,73.129997,300,0.000000,0.000000
1480448600000,73.099998,73.019997,300,73.129997,300,0.000000,0.000000
1480448602000,73.099998,73.019997,300,73.129997,300,0.000000,0.000000
1480448604000,73.099998,73.019997,300,73.129997,300,0.000000,0.000000
1480448606000,73.099998,73.019997,300,73.129997,300,0.000000,0.000000
1480448608000,73.099998,73.019997,300,73.129997,300,0.000000,0.000000
1480448610000,73.169998,73.019997,300,73.129997,300,0.000000,0.000000
1480448612000,73.169998,73.019997,300,73.129997,300,0.000000,0.000000
1480448614000,73.169998,73.019997,300,73.129997,400,0.000000,0.000000
1480448616000,73.160004,73.019997,300,73.129997,400,0.000000,0.000000
1480448618000,73.160004,73.019997,300,73.129997,400,0.000000,0.000000
1480448620000,73.160004,73.019997,300,73.129997,400,0.000000,0.000000
1480448622000,73.160004,73.019997,300,73.129997,400,0.000000,0.000000
1480448624000,73.160004,73.019997,300,73.129997,400,0.000000,0.000000
1480448626000,73.160004,73.019997,300,73.129997,400,0.000000,0.000000
1480448628000,73.160004,73.019997,300,73.129997,400,0.000000,0.000000
1480448630000,73.160004,73.019997,300,73.129997,400,0.000000,0.000000
1480448633000,73.160004,73.019997,300,73.129997,400,0.000000,0.000000
1480448635000,73.160004,73.019997,300,73.129997,400,0.000000,0.000000
1480448637000,73.160004,73.019997,300,73.129997,400,0.000000,0.000000
1480448639000,73.160004,73.019997,300,73.129997,400,0.000000,0.000000
1480448641000,73.160004,73.019997,300,73.129997,400,0.000000,0.000000
1480448643000,73.160004,73.019997,300,73.129997,400,0.000000,0.000000
1480448645000,73.160004,73.019997,300,73.129997,400,0.000000,0.000000
1480448647000,73.160004,73.019997,300,73.129997,400,0.000000,0.000000
1480448649000,73.160004,73.019997,300,73.129997,400,0.000000,0.000000
1480448651000,73.160004,73.019997,300,73.129997,400,0.000000,0.000000
1480448653000,73.160004,73.019997,300,73.129997,400,0.000000,0.000000
1480448655000,73.160004,73.019997,300,73.129997,400,0.000000,0.000000
1480448657000,73.160004,73.019997,300,73.129997,400,0.000000,0.000000
1480448659000,73.160004,73.019997,300,73.129997,400,0.000000,0.000000
1480448661000,73.160004,73.019997,300,73.129997,400,0.000000,0.000000
1480448663000,73.160004,73.019997,300,73.129997,400,0.000000,0.000000
1480448665000,73.160004,73.019997,300,73.129997,400,0.000000,0.000000
1480448667000,73.160004,73.019997,300,73.129997,400,0.000000,0.000000
1480448669000,73.160004,73.019997,300,73.129997,400,0.000000,0.000000
1480448671000,73.160004,73.019997,300,73.129997,400,0.000000,0.000000
1480448673000,73.160004,73.019997,500,73.129997,400,0.000000,0.000000
1480448676000,73.160004,73.019997,500,73.129997,400,0.000000,0.000000
1480448678000,73.160004,73.019997,500,73.129997,400,0.000000,0.000000
1480448680000,73.160004,73.019997,500,73.129997,400,0.000000,0.000000
1480448682000,73.160004,73.019997,500,73.129997,400,0.000000,0.000000
1480448684000,73.160004,73.019997,500,73.129997,400,0.000000,0.000000
1480448686000,73.160004,73.019997,500,73.129997,400,0.000000,0.000000
1480448688000,73.160004,73.019997,500,73.129997,400,0.000000,0.000000
1480448690000,73.160004,73.019997,500,73.129997,400,0.000000,0.000000
1480448692000,73.160004,73.019997,500,73.129997,400,0.000000,0.000000
1480448694000,73.160004,73.019997,500,73.129997,400,0.000000,0.000000
1480448696000,73.160004,73.019997,500,73.129997,400,0.000000,0.000000
1480448698000,73.160004,73.019997,500,73.129997,400,0.000000,0.000000
1480448700000,73.160004,73.019997,500,73.129997,400,0.000000,0.000000
1480448702000,73.160004,73.019997,500,73.129997,400,0.000000,0.000000
1480448704000,73.160004,73.019997,500,73.129997,400,0.000000,0.000000
1480448706000,73.160004,73.019997,500,73.129997,400,0.000000,0.000000
1480448708000,73.160004,73.019997,500,73.129997,400,0.000000,0.000000
1480448710000,73.160004,73.019997,500,73.129997,400,0.000000,0.000000
1480448713000,73.160004,73.019997,500,73.129997,400,0.000000,0.000000
1480448715000,73.160004,73.019997,500,73.129997,400,0.000000,0.000000
1480448717000,73.160004,73.019997,500,73.129997,400,0.000000,0.000000
1480448719000,73.160004,73.019997,500,73.129997,400,0.000000,0.000000
1480448721000,73.160004,73.019997,500,73.129997,400,0.000000,0.000000
1480448723000,73.160004,73.019997,500,73.129997,400,0.000000,0.000000
1480448725000,73.160004,73.019997,500,73.129997,400,0.000000,0.000000
1480448727000,73.160004,73.019997,500,73.129997,400,0.000000,0.000000
1480448729000,73.160004,73.019997,500,73.129997,400,0.000000,0.000000
1480448731000,73.160004,73.019997,500,73.129997,400,0.000000,0.000000
1480448733000,73.160004,73.029999,200,73.120003,200,0.000000,0.000000
1480448735000,73.160004,73.029999,200,73.120003,200,0.000000,0.000000
1480448737000,73.160004,73.029999,200,73.120003,200,0.000000,0.000000
1480448739000,73.160004,73.029999,200,73.120003,200,0.000000,0.000000
1480448741000,73.160004,73.029999,200,73.120003,200,0.000000,0.000000
1480448743000,73.160004,73.029999,200,73.120003,200,0.000000,0.000000
1480448745000,73.160004,73.029999,200,73.120003,200,0.000000,0.000000
1480448747000,73.160004,73.029999,200,73.120003,200,0.000000,0.000000
1480448749000,73.160004,73.029999,200,73.120003,200,0.000000,0.000000
1480448752000,73.160004,73.029999,200,73.120003,200,0.000000,0.000000
1480448754000,73.160004,73.029999,200,73.120003,200,0.000000,0.000000
1480448756000,73.160004,73.029999,200,73.120003,200,0.000000,0.000000
1480448758000,73.160004,73.029999,200,73.120003,200,0.000000,0.000000
1480448760000,73.160004,73.029999,200,73.120003,200,0.000000,0.000000
1480448762000,73.160004,73.029999,200,73.120003,200,0.000000,0.000000
1480448764000,73.160004,73.029999,200,73.120003,200,0.000000,0.000000
1480448766000,73.160004,73.029999,200,73.120003,200,0.000000,0.000000
1480448768000,73.160004,73.029999,200,73.120003,200,0.000000,0.000000
1480448770000,73.160004,73.029999,200,73.120003,200,0.000000,0.000000
1480448772000,73.160004,73.029999,200,73.120003,200,0.000000,0.000000
1480448774000,73.160004,73.029999,200,73.120003,200,0.000000,0.000000
1480448776000,73.160004,73.029999,200,73.120003,200,0.000000,0.000000
1480448778000,73.160004,73.029999,200,73.120003,200,0.000000,0.000000
1480448780000,73.160004,73.029999,200,73.120003,200,0.000000,0.000000
1480448782000,73.160004,73.029999,200,73.120003,200,0.000000,0.000000
1480448785000,73.160004,73.029999,200,73.120003,200,0.000000,0.000000
1480448787000,73.160004,73.029999,200,73.120003,200,0.000000,0.000000
1480448789000,73.160004,73.029999,200,73.120003,200,0.000000,0.000000
1480448791000,73.160004,73.029999,200,73.120003,200,0.000000,0.000000
1480448793000,73.160004,73.029999,200,73.120003,200,0.000000,0.000000
1480448795000,73.160004,73.040001,100,73.089996,100,0.000000,0.000000
1480448797000,73.160004,73.040001,100,73.089996,100,0.000000,0.000000
1480448799000,73.160004,73.040001,100,73.089996,100,0.000000,0.000000
1480448801000,73.160004,73.040001,100,73.089996,100,0.000000,0.000000
1480448803000,73.160004,73.040001,100,73.089996,100,0.000000,0.000000
1480448805000,73.160004,73.040001,100,73.089996,100,0.000000,0.000000
1480448807000,73.160004,73.040001,100,73.089996,100,0.000000,0.000000
1480448809000,73.160004,73.040001,100,73.089996,100,0.000000,0.000000
1480448811000,73.160004,73.040001,100,73.089996,100,0.000000,0.000000
1480448813000,73.160004,73.040001,100,73.089996,100,0.000000,0.000000
1480448815000,73.160004,73.040001,100,73.089996,100,0.000000,0.000000
1480448817000,73.160004,73.040001,100,73.089996,100,0.000000,0.000000
1480448819000,73.160004,73.040001,100,73.089996,100,0.000000,0.000000
1480448821000,73.160004,73.040001,100,73.089996,100,0.000000,0.000000
1480448823000,73.160004,73.040001,100,73.089996,100,0.000000,0.000000
1480448826000,73.160004,73.040001,100,73.089996,100,0.000000,0.000000
1480448828000,73.160004,73.040001,100,73.089996,100,0.000000,0.000000
1480448830000,73.160004,73.040001,100,73.089996,100,0.000000,0.000000
1480448832000,73.160004,73.040001,100,73.089996,100,0.000000,0.000000
1480448834000,73.160004,73.040001,100,73.089996,100,0.000000,0.000000
1480448836000,73.089996,73.040001,100,73.089996,100,0.000000,0.000000
1480448838000,73.089996,73.040001,100,73.089996,100,0.000000,0.000000
1480448840000,73.089996,73.040001,100,73.089996,100,0.000000,0.000000
1480448842000,73.089996,73.040001,100,73.089996,100,0.000000,0.000000
1480448844000,73.089996,73.040001,100,73.089996,100,0.000000,0.000000
1480448846000,73.089996,73.040001,100,73.089996,100,0.000000,0.000000
1480448848000,73.089996,73.040001,100,73.089996,100,0.000000,0.000000
1480448850000,73.089996,73.040001,100,73.089996,100,0.000000,0.000000
1480448852000,73.089996,73.040001,100,73.089996,100,0.000000,0.000000
1480448854000,73.089996,73.040001,100,73.089996,100,0.000000,0.000000
1480448856000,73.089996,73.040001,100,73.089996,100,0.000000,0.000000
1480448858000,73.089996,73.040001,100,73.089996,100,0.000000,0.000000
1480448860000,73.089996,73.040001,100,73.089996,100,0.000000,0.000000
1480448862000,73.089996,73.040001,100,73.089996,100,0.000000,0.000000
1480448864000,73.089996,73.040001,100,73.089996,100,0.000000,0.000000
1480448867000,73.089996,73.040001,100,73.089996,100,0.000000,0.000000
1480448869000,73.089996,73.040001,100,73.089996,100,0.000000,0.000000
1480448871000,73.089996,73.040001,100,73.089996,100,0.000000,0.000000
1480448873000,73.089996,73.040001,100,73.089996,100,0.000000,0.000000
1480448875000,73.089996,73.040001,100,73.089996,100,0.000000,0.000000
1480448877000,73.089996,73.040001,100,73.089996,100,0.000000,0.000000
1480448879000,73.089996,73.040001,100,73.089996,100,0.000000,0.000000
1480448881000,73.195000,73.040001,100,73.089996,100,0.000000,0.000000
1480448883000,73.195000,73.040001,100,73.089996,100,0.000000,0.000000
1480448885000,73.195000,73.040001,100,73.089996,100,0.000000,0.000000
1480448887000,73.195000,73.040001,100,73.089996,100,0.000000,0.000000
1480448889000,73.195000,73.040001,100,73.089996,100,0.000000,0.000000
1480448891000,73.195000,73.040001,100,73.089996,100,0.000000,0.000000
1480448893000,73.195000,73.040001,100,73.089996,100,0.000000,0.000000
1480448895000,73.195000,73.040001,100,73.089996,100,0.000000,0.000000
1480448897000,73.195000,73.040001,100,73.089996,100,0.000000,0.000000
1480448899000,73.195000,73.040001,100,73.089996,100,0.000000,0.000000
1480448901000,73.195000,73.040001,100,73.089996,100,0.000000,0.000000
1480448903000,73.195000,73.040001,100,73.089996,100,0.000000,0.000000
1480448905000,73.195000,73.040001,100,73.089996,100,0.000000,0.000000
1480448907000,73.195000,73.040001,100,73.089996,100,0.000000,0.000000
1480448910000,73.195000,73.040001,100,73.089996,100,0.000000,0.000000
1480448912000,73.195000,73.040001,100,73.089996,100,0.000000,0.000000
1480448914000,73.195000,73.050003,100,73.129997,200,0.000000,0.000000
1480448916000,73.195000,73.050003,100,73.129997,200,0.000000,0.000000
1480448918000,73.195000,73.050003,100,73.129997,200,0.000000,0.000000
1480448920000,73.195000,73.050003,100,73.129997,200,0.000000,0.000000
1480448922000,73.195000,73.050003,100,73.129997,200,0.000000,0.000000
1480448924000,73.195000,73.050003,100,73.129997,200,0.000000,0.000000
1480448926000,73.195000,73.050003,100,73.129997,200,0.000000,0.000000
1480448928000,73.195000,73.050003,100,73.129997,200,0.000000,0.000000
1480448930000,73.195000,73.050003,100,73.129997,200,0.000000,0.000000
1480448932000,73.195000,73.050003,100,73.129997,200,0.000000,0.000000
1480448934000,73.195000,73.050003,100,73.129997,200,0.000000,0.000000
1480448936000,73.195000,73.050003,100,73.129997,200,0.000000,0.000000
1480448938000,73.195000,73.050003,100,73.129997,200,0.000000,0.000000
1480448940000,73.195000,73.050003,100,73.129997,200,0.000000,0.000000
1480448942000,73.195000,73.050003,100,73.129997,200,0.000000,0.000000
1480448944000,73.195000,73.050003,100,73.129997,200,0.000000,0.000000
1480448946000,73.195000,73.050003,100,73.129997,200,0.000000,0.000000
1480448949000,73.195000,73.050003,100,73.129997,200,0.000000,0.000000
1480448951000,73.195000,73.050003,100,73.129997,200,0.000000,0.000000
1480448953000,73.195000,73.050003,100,73.129997,200,0.000000,0.000000
1480448955000,73.195000,73.050003,100,73.129997,200,0.000000,0.000000
1480448957000,73.195000,73.050003,100,73.129997,200,0.000000,0.000000
1480448959000,73.195000,73.050003,100,73.129997,200,0.000000,0.000000
1480448961000,73.195000,73.050003,100,73.129997,200,0.000000,0.000000
1480448963000,73.195000,73.050003,100,73.129997,200,0.000000,0.000000
1480448965000,73.195000,73.050003,100,73.129997,200,0.000000,0.000000
1480448967000,73.195000,73.050003,100,73.129997,200,0.000000,0.000000
1480448969000,73.195000,73.050003,100,73.129997,200,0.000000,0.000000
1480448971000,73.195000,73.050003,100,73.129997,200,0.000000,0.000000
1480448973000,73.195000,73.050003,100,73.129997,200,0.000000,0.000000
1480448975000,73.195000,72.919998,300,73.059998,100,0.000000,0.000000
1480448977000,73.195000,72.919998,300,73.059998,100,0.000000,0.000000
1480448979000,73.195000,72.919998,300,73.059998,100,0.000000,0.000000
1480448981000,73.195000,72.919998,300,73.059998,100,0.000000,0.000000
1480448983000,73.099998,72.919998,300,73.059998,100,0.000000,0.000000
1480448985000,73.099998,72.919998,300,73.059998,100,0.000000,0.000000
1480448987000,73.190002,72.919998,300,73.059998,100,0.000000,0.000000
1480448990000,73.190002,72.919998,300,73.059998,100,0.000000,0.000000
1480448992000,73.190002,72.919998,300,73.059998,100,0.000000,0.000000
1480448994000,73.190002,72.919998,300,73.059998,100,0.000000,0.000000
1480448996000,73.190002,72.919998,300,73.059998,100,0.000000,0.000000
1480448998000,73.190002,72.919998,300,73.059998,100,0.000000,0.000000
1480449000000,73.190002,72.919998,300,73.059998,100,0.000000,0.000000
1480449002000,73.190002,72.919998,300,73.059998,100,0.000000,0.000000
1480449004000,73.190002,72.919998,300,73.059998,100,0.000000,0.000000
1480449006000,73.190002,72.919998,300,73.059998,100,0.000000,0.000000
1480449008000,73.190002,72.919998,300,73.059998,100,0.000000,0.000000
1480449010000,73.190002,72.919998,300,73.059998,100,0.000000,0.000000
1480449012000,73.190002,72.919998,300,73.059998,100,0.000000,0.000000
1480449014000,73.190002,72.919998,300,73.059998,100,0.000000,0.000000
1480449016000,73.190002,72.919998,300,73.059998,100,0.000000,0.000000
1480449018000,73.190002,72.919998,300,73.059998,100,0.000000,0.000000
1480449020000,73.190002,72.919998,300,73.059998,100,0.000000,0.000000
1480449022000,73.190002,72.919998,300,73.059998,100,0.000000,0.000000
1480449025000,73.190002,72.919998,300,73.059998,100,0.000000,0.000000
1480449027000,73.190002,72.919998,300,73.059998,100,0.000000,0.000000
1480449029000,73.190002,72.919998,300,73.059998,100,0.000000,0.000000
1480449031000,73.190002,72.919998,300,73.059998,100,0.000000,0.000000
1480449033000,73.190002,72.919998,300,73.059998,100,0.000000,0.000000
1480449035000,73.190002,72.919998,300,73.010002,200,0.000000,0.000000
1480449037000,73.190002,72.919998,300,73.010002,200,0.000000,0.000000
1480449039000,73.190002,72.919998,300,73.010002,200,0.000000,0.000000
1480449041000,73.190002,72.919998,300,73.010002,200,0.000000,0.000000
1480449043000,73.190002,72.919998,300,73.010002,200,0.000000,0.000000
1480449045000,73.090103,72.919998,300,73.010002,200,0.000000,0.000000
1480449047000,73.090103,72.919998,300,73.010002,200,0.000000,0.000000
1480449049000,73.090103,72.919998,300,73.010002,200,0.000000,0.000000
1480449051000,73.090103,72.919998,300,73.010002,200,0.000000,0.000000
1480449053000,73.090103,72.919998,300,73.010002,200,0.000000,0.000000
1480449055000,73.090103,72.919998,300,73.010002,200,0.000000,0.000000
1480449057000,73.090103,72.919998,300,73.010002,200,0.000000,0.000000
1480449060000,73.090103,72.919998,300,73.010002,200,0.000000,0.000000
1480449062000,73.090103,72.919998,300,73.010002,200,0.000000,0.000000
1480449064000,73.090103,72.919998,300,73.010002,200,0.000000,0.000000
1480449066000,73.144997,72.919998,300,73.010002,200,0.000000,0.000000
1480449068000,73.144997,72.919998,300,73.010002,200,0.000000,0.000000
1480449070000,73.144997,72.919998,300,73.010002,200,0.000000,0.000000
1480449072000,73.144997,72.919998,300,73.010002,200,0.000000,0.000000
1480449074000,73.144997,72.919998,300,73.010002,200,0.000000,0.000000
1480449076000,73.144997,72.919998,300,73.010002,200,0.000000,0.000000
1480449078000,73.144997,72.919998,300,73.010002,200,0.000000,0.000000
1480449080000,73.144997,72.919998,300,73.010002,200,0.000000,0.000000
1480449082000,73.144997,72.919998,300,73.010002,200,0.000000,0.000000
1480449084000,73.144997,72.919998,300,73.010002,200,0.000000,0.000000
1480449086000,73.144997,72.919998,300,73.010002,200,0.000000,0.000000
1480449088000,73.144997,72.919998,300,73.010002,200,0.000000,0.000000
1480449090000,73.144997,72.919998,300,73.010002,200,0.000000,0.000000
1480449092000,73.144997,72.919998,300,73.010002,200,0.000000,0.000000
1480449095000,73.144997,72.940002,300,73.099998,100,0.000000,0.000000
1480449097000,73.144997,72.940002,300,73.099998,100,0.000000,0.000000
1480449099000,73.144997,72.940002,300,73.099998,100,0.000000,0.000000
1480449101000,73.144997,72.940002,300,73.099998,100,0.000000,0.000000
1480449103000,73.144997,72.940002,300,73.099998,100,0.000000,0.000000
1480449105000,73.144997,72.940002,300,73.099998,100,0.000000,0.000000
1480449107000,73.144997,72.940002,300,73.099998,100,0.000000,0.000000
1480449109000,73.144997,72.940002,300,73.099998,100,0.000000,0.000000
1480449111000,73.144997,72.940002,300,73.099998,100,0.000000,0.000000
1480449113000,73.144997,72.940002,300,73.099998,100,0.000000,0.000000
1480449115000,73.144997,72.940002,300,73.099998,100,0.000000,0.000000
1480449117000,73.144997,72.940002,300,73.099998,100,0.000000,0.000000
1480449119000,73.144997,72.940002,300,73.099998,100,0.000000,0.000000
1480449121000,73.144997,72.940002,300,73.099998,100,0.000000,0.000000
1480449123000,73.135002,72.940002,300,73.099998,100,0.000000,0.000000
1480449125000,73.135002,72.940002,300,73.099998,100,0.000000,0.000000
1480449127000,73.135002,72.940002,300,73.099998,100,0.000000,0.000000
1480449129000,73.135002,72.940002,300,73.099998,100,0.000000,0.000000
1480449132000,73.135002,72.940002,300,73.099998,100,0.000000,0.000000
1480449134000,73.135002,72.940002,300,73.099998,100,0.000000,0.000000
1480449136000,73.135002,72.940002,300,73.099998,100,0.000000,0.000000
1480449138000,73.135002,72.940002,300,73.099998,100,0.000000,0.000000
1480449140000,73.135002,72.940002,300,73.099998,100,0.000000,0.000000
1480449142000,73.135002,72.940002,300,73.099998,100,0.000000,0.000000
1480449144000,73.135002,72.940002,300,73.099998,100,0.000000,0.000000
1480449146000,73.135002,72.940002,300,73.099998,100,0.000000,0.000000
1480449148000,73.135002,72.940002,300,73.099998,100,0.000000,0.000000
1480449150000,73.135002,72.940002,300,73.099998,100,0.000000,0.000000
1480449152000,73.135002,72.940002,300,73.099998,100,0.000000,0.000000
1480449154000,73.135002,72.940002,300,73.070000,100,0.000000,0.000000
1480449156000,73.135002,72.940002,300,73.070000,100,0.000000,0.000000
1480449158000,73.135002,72.940002,300,73.070000,100,0.000000,0.000000
1480449160000,73.135002,72.940002,300,73.070000,100,0.000000,0.000000
1480449162000,73.135002,72.940002,300,73.070000,100,0.000000,0.000000
1480449164000,73.135002,72.940002,300,73.070000,100,0.000000,0.000000
1480449166000,73.135002,72.940002,300,73.070000,100,0.000000,0.000000
1480449168000,73.135002,72.940002,300,73.070000,100,0.000000,0.000000
1480449171000,73.135002,72.940002,300,73.070000,100,0.000000,0.000000
1480449173000,73.135002,72.940002,300,73.070000,100,0.000000,0.000000
1480449175000,73.135002,72.940002,300,73.070000,100,0.000000,0.000000
1480449177000,73.135002,72.940002,300,73.070000,100,0.000000,0.000000
1480449179000,73.135002,72.940002,300,73.070000,100,0.000000,0.000000
1480449181000,73.135002,72.940002,300,73.070000,100,0.000000,0.000000
1480449183000,73.135002,72.940002,300,73.070000,100,0.000000,0.000000
1480449185000,73.135002,72.940002,300,73.070000,100,0.000000,0.000000
1480449187000,73.135002,72.940002,300,73.070000,100,0.000000,0.000000
1480449189000,73.135002,72.940002,300,73.070000,100,0.000000,0.000000
1480449191000,73.135002,72.940002,300,73.070000,100,0.000000,0.000000
1480449193000,73.135002,72.940002,300,73.070000,100,0.000000,0.000000
1480449195000,73.135002,72.940002,300,73.070000,100,0.000000,0.000000
1480449197000,73.135002,72.940002,300,73.070000,100,0.000000,0.000000
1480449199000,73.135002,72.940002,300,73.070000,100,0.000000,0.000000
1480449201000,72.989998,72.940002,300,73.070000,100,0.000000,0.000000
1480449204000,72.989998,72.940002,300,73.070000,100,0.000000,0.000000
1480449206000,72.989998,72.940002,300,73.070000,100,0.000000,0.000000
1480449208000,72.989998,72.940002,300,73.070000,100,0.000000,0.000000
1480449210000,72.989998,72.940002,300,73.070000,100,0.000000,0.000000
1480449212000,72.989998,72.940002,300,73.070000,100,0.000000,0.000000
1480449214000,72.989998,72.949997,300,73.099998,100,0.000000,0.000000
1480449216000,72.989998,72.949997,300,73.099998,100,0.000000,0.000000
1480449218000,72.989998,72.949997,300,73.099998,100,0.000000,0.000000
1480449220000,72.989998,72.949997,300,73.099998,100,0.000000,0.000000
1480449222000,72.989998,72.949997,300,73.099998,100,0.000000,0.000000
1480449224000,72.989998,72.949997,300,73.099998,100,0.000000,0.000000
1480449226000,72.989998,72.949997,300,73.099998,100,0.000000,0.000000
1480449228000,72.989998,72.949997,300,73.099998,100,0.000000,0.000000
1480449230000,72.989998,72.949997,300,73.099998,100,0.000000,0.000000
1480449232000,72.989998,72.949997,300,73.099998,100,0.000000,0.000000
1480449234000,72.989998,72.949997,300,73.099998,100,0.000000,0.000000
1480449236000,72.989998,72.949997,300,73.099998,100,0.000000,0.000000
1480449239000,72.989998,72.949997,300,73.099998,100,0.000000,0.000000
1480449241000,72.989998,72.949997,300,73.099998,100,0.000000,0.000000
1480449243000,72.989998,72.949997,300,73.099998,100,0.000000,0.000000
1480449245000,72.989998,72.949997,300,73.099998,100,0.000000,0.000000
1480449247000,72.989998,72.949997,300,73.099998,100,0.000000,0.000000
1480449249000,72.989998,72.949997,300,73.099998,100,0.000000,0.000000
1480449251000,72.989998,72.949997,300,73.099998,100,0.000000,0.000000
1480449253000,72.989998,72.949997,300,73.099998,100,0.000000,0.000000
1480449255000,72.989998,72.949997,300,73.099998,100,0.000000,0.000000
1480449257000,72.989998,72.949997,300,73.099998,100,0.000000,0.000000
1480449259000,72.989998,72.949997,300,73.099998,100,0.000000,0.000000
1480449261000,72.989998,72.949997,300,73.099998,100,0.000000,0.000000
1480449263000,72.989998,72.949997,300,73.099998,100,0.000000,0.000000
1480449265000,72.989998,72.949997,300,73.099998,100,0.000000,0.000000
1480449267000,72.989998,72.949997,300,73.099998,100,0.000000,0.000000
1480449269000,72.989998,72.949997,300,73.099998,100,0.000000,0.000000
1480449272000,72.989998,72.949997,300,73.099998,100,0.000000,0.000000
1480449274000,72.989998,72.970001,600,73.110001,200,0.000000,0.000000
1480449276000,72.989998,72.970001,600,73.110001,200,0.000000,0.000000
1480449278000,72.989998,72.970001,600,73.110001,200,0.000000,0.000000
1480449280000,72.989998,72.970001,600,73.110001,200,0.000000,0.000000
1480449282000,72.989998,72.970001,600,73.110001,200,0.000000,0.000000
1480449284000,72.989998,72.970001,600,73.110001,200,0.000000,0.000000
1480449286000,72.989998,72.970001,600,73.110001,200,0.000000,0.000000
1480449288000,72.989998,72.970001,600,73.110001,200,0.000000,0.000000
1480449290000,72.989998,72.970001,600,73.110001,200,0.000000,0.000000
1480449292000,72.989998,72.970001,600,73.110001,200,0.000000,0.000000
1480449294000,72.989998,72.970001,600,73.110001,200,0.000000,0.000000
1480449296000,72.989998,72.970001,600,73.110001,200,0.000000,0.000000
1480449298000,72.989998,72.970001,600,73.110001,200,0.000000,0.000000
1480449300000,72.989998,72.970001,600,73.110001,200,0.000000,0.000000
1480449302000,72.989998,72.970001,600,73.110001,200,0.000000,0.000000
1480449304000,72.989998,72.970001,600,73.110001,200,0.000000,0.000000
1480449307000,72.989998,72.970001,600,73.110001,200,0.000000,0.000000
1480449309000,72.989998,72.970001,600,73.110001,200,0.000000,0.000000
1480449311000,72.989998,72.970001,600,73.110001,200,0.000000,0.000000
1480449313000,72.989998,72.970001,600,73.110001,200,0.000000,0.000000
1480449315000,72.989998,72.970001,600,73.110001,200,0.000000,0.000000
1480449317000,72.989998,72.970001,600,73.110001,200,0.000000,0.000000
1480449319000,72.989998,72.970001,600,73.110001,200,0.000000,0.000000
1480449321000,72.989998,72.970001,600,73.110001,200,0.000000,0.000000
1480449323000,72.989998,72.970001,600,73.110001,200,0.000000,0.000000
1480449325000,72.989998,72.970001,600,73.110001,200,0.000000,0.000000
1480449327000,72.989998,72.970001,600,73.110001,200,0.000000,0.000000
1480449329000,72.989998,72.970001,600,73.110001,200,0.000000,0.000000
1480449331000,72.989998,72.970001,600,73.110001,200,0.000000,0.000000
1480449333000,72.989998,72.970001,600,73.110001,200,0.000000,0.000000
1480449335000,72.989998,73.010002,200,73.160004,100,0.000000,0.000000
1480449337000,72.989998,73.010002,200,73.160004,100,0.000000,0.000000
1480449339000,72.989998,73.010002,200,73.160004,100,0.000000,0.000000
1480449342000,72.989998,73.010002,200,73.160004,100,0.000000,0.000000
1480449344000,72.989998,73.010002,200,73.160004,100,0.000000,0.000000
1480449346000,72.989998,73.010002,200,73.160004,100,0.000000,0.000000
1480449348000,72.989998,73.010002,200,73.160004,100,0.000000,0.000000
1480449350000,72.989998,73.010002,200,73.160004,100,0.000000,0.000000
1480449352000,72.989998,73.010002,200,73.160004,100,0.000000,0.000000
1480449354000,72.989998,73.010002,200,73.160004,100,0.000000,0.000000
1480449356000,72.989998,73.010002,200,73.160004,100,0.000000,0.000000
1480449358000,72.989998,73.010002,200,73.160004,100,0.000000,0.000000
1480449360000,72.989998,73.010002,200,73.160004,100,0.000000,0.000000
1480449362000,72.989998,73.010002,200,73.160004,100,0.000000,0.000000
1480449364000,72.989998,73.010002,200,73.160004,100,0.000000,0.000000
1480449366000,72.989998,73.010002,200,73.160004,100,0.000000,0.000000
1480449368000,72.989998,73.010002,200,73.160004,100,0.000000,0.000000
1480449370000,72.989998,73.010002,200,73.160004,100,0.000000,0.000000
1480449372000,72.989998,73.010002,200,73.160004,100,0.000000,0.000000
1480449374000,72.989998,73.010002,200,73.160004,100,0.000000,0.000000
1480449376000,72.989998,73.010002,200,73.160004,100,0.000000,0.000000
1480449378000,72.989998,73.010002,200,73.160004,100,0.000000,0.000000
1480449380000,72.989998,73.010002,200,73.160004,100,0.000000,0.000000
1480449382000,72.989998,73.010002,200,73.160004,100,0.000000,0.000000
1480449385000,72.989998,73.010002,200,73.160004,100,0.000000,0.000000
1480449387000,72.989998,73.010002,200,73.160004,100,0.000000,0.000000
1480449389000,72.989998,73.010002,200,73.160004,100,0.000000,0.000000
1480449391000,72.989998,73.010002,200,73.160004,100,0.000000,0.000000
1480449393000,72.989998,73.010002,200,73.160004,100,0.000000,0.000000
1480449395000,72.989998,73.029999,300,73.160004,100,0.000000,0.000000
1480449397000,72.989998,73.029999,300,73.160004,100,0.000000,0.000000
1480449399000,72.989998,73.029999,300,73.160004,100,0.000000,0.000000
1480449401000,72.989998,73.029999,300,73.160004,100,0.000000,0.000000
1480449403000,72.989998,73.029999,300,73.160004,100,0.000000,0.000000
1480449405000,72.989998,73.029999,300,73.160004,100,0.000000,0.000000
1480449407000,72.989998,73.029999,300,73.160004,100,0.000000,0.000000
1480449409000,72.989998,73.029999,300,73.160004,100,0.000000,0.000000
1480449411000,72.989998,73.029999,300,73.160004,100,0.000000,0.000000
1480449413000,72.989998,73.029999,300,73.160004,100,0.000000,0.000000
1480449415000,72.989998,73.029999,300,73.160004,100,0.000000,0.000000
1480449418000,72.989998,73.029999,300,73.160004,100,0.000000,0.000000
1480449420000,72.989998,73.029999,300,73.160004,100,0.000000,0.000000
1480449422000,72.989998,73.029999,300,73.160004,100,0.000000,0.000000
1480449424000,72.989998,73.029999,300,73.160004,100,0.000000,0.000000
1480449426000,72.989998,73.029999,300,73.160004,100,0.000000,0.000000
1480449428000,72.989998,73.029999,300,73.160004,100,0.000000,0.000000
1480449430000,72.989998,73.029999,300,73.160004,100,0.000000,0.000000
1480449432000,72.989998,73.029999,300,73.160004,100,0.000000,0.000000
1480449434000,72.989998,73.029999,300,73.160004,100,0.000000,0.000000
1480449436000,72.989998,73.029999,300,73.160004,100,0.000000,0.000000
1480449438000,72.989998,73.029999,300,73.160004,100,0.000000,0.000000
1480449440000,72.989998,73.029999,300,73.160004,100,0.000000,0.000000
1480449442000,72.989998,73.029999,300,73.160004,100,0.000000,0.000000
1480449444000,72.989998,73.029999,300,73.160004,100,0.000000,0.000000
1480449446000,72.989998,73.029999,300,73.160004,100,0.000000,0.000000
1480449448000,72.989998,73.029999,300,73.160004,100,0.000000,0.000000
1480449450000,72.989998,73.029999,300,73.160004,100,0.000000,0.000000
1480449452000,72.989998,73.029999,300,73.160004,100,0.000000,0.000000
1480449454000,72.989998,73.050003,300,73.160004,100,0.000000,0.000000
1480449457000,72.989998,73.050003,300,73.160004,100,0.000000,0.000000
1480449459000,72.989998,73.050003,300,73.160004,100,0.000000,0.000000
1480449461000,72.989998,73.050003,300,73.160004,100,0.000000,0.000000
1480449463000,72.989998,73.050003,300,73.160004,100,0.000000,0.000000
1480449465000,72.989998,73.050003,300,73.160004,100,0.000000,0.000000
1480449467000,72.989998,73.050003,300,73.160004,100,0.000000,0.000000
1480449469000,72.989998,73.050003,300,73.160004,100,0.000000,0.000000
1480449471000,72.989998,73.050003,300,73.160004,100,0.000000,0.000000
1480449473000,72.989998,73.050003,300,73.160004,100,0.000000,0.000000
1480449475000,72.989998,73.050003,300,73.160004,100,0.000000,0.000000
1480449477000,72.989998,73.050003,300,73.160004,100,0.000000,0.000000
1480449479000,72.989998,73.050003,300,73.160004,100,0.000000,0.000000
1480449481000,72.989998,73.050003,300,73.160004,100,0.000000,0.000000
1480449483000,72.989998,73.050003,300,73.160004,100,0.000000,0.000000
1480449485000,72.989998,73.050003,300,73.160004,100,0.000000,0.000000
1480449487000,72.989998,73.050003,300,73.160004,100,0.000000,0.000000
1480449489000,72.989998,73.050003,300,73.160004,100,0.000000,0.000000
1480449491000,72.989998,73.050003,300,73.160004,100,0.000000,0.000000
1480449493000,72.989998,73.050003,300,73.160004,100,0.000000,0.000000
1480449496000,72.989998,73.050003,300,73.160004,100,0.000000,0.000000
1480449498000,72.989998,73.050003,300,73.160004,100,0.000000,0.000000
1480449500000,72.989998,73.050003,300,73.160004,100,0.000000,0.000000
1480449502000,72.989998,73.050003,300,73.160004,100,0.000000,0.000000
1480449504000,72.989998,73.050003,300,73.160004,100,0.000000,0.000000
1480449506000,72.989998,73.050003,300,73.160004,100,0.000000,0.000000
1480449508000,72.989998,73.050003,300,73.160004,100,0.000000,0.000000
1480449510000,72.989998,73.050003,300,73.160004,100,0.000000,0.000000
1480449512000,72.989998,73.050003,300,73.160004,100,0.000000,0.000000
1480449514000,72.989998,73.059998,100,73.169998,100,0.000000,0.000000
1480449516000,72.989998,73.059998,100,73.169998,100,0.000000,0.000000
1480449518000,72.989998,73.059998,100,73.169998,100,0.000000,0.000000
1480449520000,72.989998,73.059998,100,73.169998,100,0.000000,0.000000
1480449522000,72.989998,73.059998,100,73.169998,100,0.000000,0.000000
1480449524000,72.989998,73.059998,100,73.169998,100,0.000000,0.000000
1480449526000,72.989998,73.059998,100,73.169998,100,0.000000,0.000000
1480449528000,72.989998,73.059998,100,73.169998,100,0.000000,0.000000
1480449530000,72.989998,73.059998,100,73.169998,100,0.000000,0.000000
1480449532000,72.989998,73.059998,100,73.169998,100,0.000000,0.000000
1480449534000,72.989998,73.059998,100,73.169998,100,0.000000,0.000000
1480449537000,72.989998,73.059998,100,73.169998,100,0.000000,0.000000
1480449539000,72.989998,73.059998,100,73.169998,100,0.000000,0.000000
1480449541000,72.989998,73.059998,100,73.169998,100,0.000000,0.000000
1480449543000,72.989998,73.059998,100,73.169998,100,0.000000,0.000000
1480449545000,72.989998,73.059998,100,73.169998,100,0.000000,0.000000
1480449547000,72.989998,73.059998,100,73.169998,100,0.000000,0.000000
1480449549000,72.989998,73.059998,100,73.169998,100,0.000000,0.000000
1480449551000,72.989998,73.059998,100,73.169998,100,0.000000,0.000000
1480449553000,72.989998,73.059998,100,73.169998,100,0.000000,0.000000
1480449555000,72.989998,73.059998,100,73.169998,100,0.000000,0.000000
1480449557000,72.989998,73.059998,100,73.169998,100,0.000000,0.000000
1480449559000,72.919998,73.059998,100,73.169998,100,0.000000,0.000000
1480449561000,72.919998,73.059998,100,73.169998,100,0.000000,0.000000
1480449563000,72.919998,73.059998,100,73.169998,100,0.000000,0.000000
1480449565000,72.919998,73.059998,100,73.169998,100,0.000000,0.000000
1480449567000,72.919998,73.059998,100,73.169998,100,0.000000,0.000000
1480449569000,72.919998,73.059998,100,73.169998,100,0.000000,0.000000
1480449571000,72.919998,73.059998,100,73.169998,100,0.000000,0.000000
1480449574000,72.919998,73.059998,100,73.169998,100,0.000000,0.000000
1480449576000,72.919998,73.089996,400,73.209999,100,0.000000,0.000000
1480449578000,72.919998,73.089996,400,73.209999,100,0.000000,0.000000
1480449580000,72.919998,73.089996,400,73.209999,100,0.000000,0.000000
1480449582000,72.919998,73.089996,400,73.209999,100,0.000000,0.000000
1480449584000,72.919998,73.089996,400,73.209999,100,0.000000,0.000000
1480449586000,72.919998,73.089996,400,73.209999,100,0.000000,0.000000
1480449588000,72.919998,73.089996,400,73.209999,100,0.000000,0.000000
1480449590000,72.919998,73.089996,400,73.209999,100,0.000000,0.000000
1480449592000,72.919998,73.089996,400,73.209999,100,0.000000,0.000000
1480449594000,72.919998,73.089996,400,73.209999,100,0.000000,0.000000
1480449596000,72.919998,73.089996,400,73.209999,100,0.000000,0.000000
1480449598000,72.919998,73.089996,400,73.209999,100,0.000000,0.000000
1480449600000,72.919998,73.089996,400,73.209999,100,0.000000,0.000000
1480449602000,72.919998,73.089996,400,73.209999,100,0.000000,0.000000
1480449604000,72.919998,73.089996,400,73.209999,100,0.000000,0.000000
1480449606000,72.919998,73.089996,400,73.209999,100,0.000000,0.000000
1480449608000,72.919998,73.089996,400,73.209999,100,0.000000,0.000000
1480449611000,72.919998,73.089996,400,73.209999,100,0.000000,0.000000
1480449613000,72.919998,73.089996,400,73.209999,100,0.000000,0.000000
1480449615000,72.919998,73.089996,400,73.209999,100,0.000000,0.000000
1480449617000,72.919998,73.089996,400,73.209999,100,0.000000,0.000000
1480449619000,72.919998,73.089996,400,73.209999,100,0.000000,0.000000
1480449621000,72.919998,73.089996,400,73.209999,100,0.000000,0.000000
1480449623000,72.919998,73.089996,400,73.209999,100,0.000000,0.000000
1480449625000,72.919998,73.089996,400,73.209999,100,0.000000,0.000000
1480449627000,72.919998,73.089996,400,73.209999,100,0.000000,0.000000
1480449629000,72.919998,73.089996,400,73.209999,100,0.000000,0.000000
1480449631000,72.919998,73.089996,400,73.209999,100,0.000000,0.000000
1480449633000,72.919998,73.089996,400,73.209999,100,0.000000,0.000000
1480449635000,72.919998,73.089996,300,73.209999,100,0.000000,0.000000
1480449637000,72.919998,73.089996,300,73.209999,100,0.000000,0.000000
1480449639000,72.919998,73.089996,300,73.209999,100,0.000000,0.000000
1480449641000,72.919998,73.089996,300,73.209999,100,0.000000,0.000000
1480449644000,72.919998,73.089996,300,73.209999,100,0.000000,0.000000
1480449646000,72.879997,73.089996,300,73.209999,100,0.000000,0.000000
1480449648000,72.879997,73.089996,300,73.209999,100,0.000000,0.000000
1480449650000,72.879997,73.089996,300,73.209999,100,0.000000,0.000000
1480449652000,72.879997,73.089996,300,73.209999,100,0.000000,0.000000
1480449654000,72.879997,73.089996,300,73.209999,100,0.000000,0.000000
1480449656000,72.879997,73.089996,300,73.209999,100,0.000000,0.000000
1480449658000,72.879997,73.089996,300,73.209999,100,0.000000,0.000000
1480449660000,72.879997,73.089996,300,73.209999,100,0.000000,0.000000
1480449662000,72.879997,73.089996,300,73.209999,100,0.000000,0.000000
1480449664000,72.879997,73.089996,300,73.209999,100,0.000000,0.000000
1480449666000,72.879997,73.089996,300,73.209999,100,0.000000,0.000000
1480449668000,72.879997,73.089996,300,73.209999,100,0.000000,0.000000
1480449670000,72.879997,73.089996,300,73.209999,100,0.000000,0.000000
1480449672000,72.879997,73.089996,300,73.209999,100,0.000000,0.000000
1480449674000,72.879997,73.089996,300,73.209999,100,0.000000,0.000000
1480449676000,72.879997,73.089996,300,73.209999,100,0.000000,0.000000
1480449679000,72.879997,73.089996,300,73.209999,100,0.000000,0.000000
1480449681000,72.879997,73.089996,300,73.209999,100,0.000000,0.000000
1480449683000,72.879997,73.089996,300,73.209999,100,0.000000,0.000000
1480449685000,72.879997,73.089996,300,73.209999,100,0.000000,0.000000
1480449687000,72.879997,73.089996,300,73.209999,100,0.000000,0.000000
1480449689000,72.879997,73.089996,300,73.209999,100,0.000000,0.000000
1480449691000,72.879997,73.089996,300,73.209999,100,0.000000,0.000000
1480449693000,72.879997,73.089996,300,73.209999,100,0.000000,0.000000
1480449695000,72.879997,73.089996,300,73.209999,200,0.000000,0.000000
1480449697000,72.879997,73.089996,300,73.209999,200,0.000000,0.000000
1480449699000,72.879997,73.089996,300,73.209999,200,0.000000,0.000000
1480449701000,72.879997,73.089996,300,73.209999,200,0.000000,0.000000
1480449703000,72.879997,73.089996,300,73.209999,200,0.000000,0.000000
1480449705000,72.879997,73.089996,300,73.209999,200,0.000000,0.000000
1480449707000,72.879997,73.089996,300,73.209999,200,0.000000,0.000000
1480449709000,72.879997,73.089996,300,73.209999,200,0.000000,0.000000
1480449711000,72.879997,73.089996,300,73.209999,200,0.000000,0.000000
1480449713000,72.879997,73.089996,300,73.209999,200,0.000000,0.000000
1480449716000,72.879997,73.089996,300,73.209999,200,0.000000,0.000000
1480449718000,72.879997,73.089996,300,73.209999,200,0.000000,0.000000
1480449720000,72.879997,73.089996,300,73.209999,200,0.000000,0.000000
1480449722000,72.879997,73.089996,300,73.209999,200,0.000000,0.000000
1480449724000,72.879997,73.089996,300,73.209999,200,0.000000,0.000000
1480449726000,72.879997,73.089996,300,73.209999,200,0.000000,0.000000
1480449728000,72.879997,73.089996,300,73.209999,200,0.000000,0.000000
1480449730000,72.879997,73.089996,300,73.209999,200,0.000000,0.000000
1480449732000,72.879997,73.089996,300,73.209999,200,0.000000,0.000000
1480449734000,72.879997,73.089996,300,73.209999,200,0.000000,0.000000
1480449736000,72.879997,73.089996,300,73.209999,200,0.000000,0.000000
1480449738000,72.879997,73.089996,300,73.209999,200,0.000000,0.000000
1480449740000,72.879997,73.089996,300,73.209999,200,0.000000,0.000000
1480449742000,72.879997,73.089996,300,73.209999,200,0.000000,0.000000
1480449744000,72.879997,73.089996,300,73.209999,200,0.000000,0.000000
1480449746000,72.879997,73.089996,300,73.209999,200,0.000000,0.000000
1480449748000,72.879997,73.089996,300,73.209999,200,0.000000,0.000000
1480449751000,72.879997,73.089996,300,73.209999,200,0.000000,0.000000
1480449753000,72.879997,73.089996,300,73.209999,200,0.000000,0.000000
1480449755000,72.879997,73.089996,200,73.209999,200,0.000000,0.000000
1480449757000,72.879997,73.089996,200,73.209999,200,0.000000,0.000000
1480449759000,72.879997,73.089996,200,73.209999,200,0.000000,0.000000
1480449761000,72.879997,73.089996,200,73.209999,200,0.000000,0.000000
1480449763000,72.879997,73.089996,200,73.209999,200,0.000000,0.000000
1480449765000,72.879997,73.089996,200,73.209999,200,0.000000,0.000000
1480449767000,72.879997,73.089996,200,73.209999,200,0.000000,0.000000
1480449769000,72.879997,73.089996,200,73.209999,200,0.000000,0.000000
1480449771000,72.879997,73.089996,200,73.209999,200,0.000000,0.000000
1480449773000,72.879997,73.089996,200,73.209999,200,0.000000,0.000000
1480449775000,72.879997,73.089996,200,73.209999,200,0.000000,0.000000
1480449777000,72.879997,73.089996,200,73.209999,200,0.000000,0.000000
1480449779000,72.879997,73.089996,200,73.209999,200,0.000000,0.000000
1480449781000,72.879997,73.089996,200,73.209999,200,0.000000,0.000000
1480449783000,72.879997,73.089996,200,73.209999,200,0.000000,0.000000
1480449786000,72.879997,73.089996,200,73.209999,200,0.000000,0.000000
1480449788000,72.879997,73.089996,200,73.209999,200,0.000000,0.000000
1480449790000,72.879997,73.089996,200,73.209999,200,0.000000,0.000000
1480449792000,72.879997,73.089996,200,73.209999,200,0.000000,0.000000
1480449794000,72.879997,73.089996,200,73.209999,200,0.000000,0.000000
1480449796000,72.879997,73.089996,200,73.209999,200,0.000000,0.000000
1480449798000,72.879997,73.089996,200,73.209999,200,0.000000,0.000000
1480449800000,72.879997,73.089996,200,73.209999,200,0.000000,0.000000
1480449802000,72.879997,73.089996,200,73.209999,200,0.000000,0.000000
1480449804000,72.879997,73.089996,200,73.209999,200,0.000000,0.000000
1480449806000,72.879997,73.089996,200,73.209999,200,0.000000,0.000000
1480449808000,72.879997,73.089996,200,73.209999,200,0.000000,0.000000
1480449810000,72.879997,73.089996,200,73.209999,200,0.000000,0.000000
1480449812000,72.879997,73.089996,200,73.209999,200,0.000000,0.000000
1480449814000,72.879997,73.089996,400,73.199997,200,0.000000,0.000000
1480449816000,72.879997,73.089996,400,73.199997,200,0.000000,0.000000
1480449819000,72.879997,73.089996,400,73.199997,200,0.000000,0.000000
1480449821000,72.879997,73.089996,400,73.199997,200,0.000000,0.000000
1480449823000,72.879997,73.089996,400,73.199997,200,0.000000,0.000000
1480449825000,72.879997,73.089996,400,73.199997,200,0.000000,0.000000
1480449827000,72.879997,73.089996,400,73.199997,200,0.000000,0.000000
1480449829000,72.879997,73.089996,400,73.199997,200,0.000000,0.000000
1480449831000,72.879997,73.089996,400,73.199997,200,0.000000,0.000000
1480449833000,72.879997,73.089996,400,73.199997,200,0.000000,0.000000
1480449835000,72.879997,73.089996,400,73.199997,200,0.000000,0.000000
1480449837000,72.879997,73.089996,400,73.199997,200,0.000000,0.000000
1480449839000,72.879997,73.089996,400,73.199997,200,0.000000,0.000000
1480449841000,72.879997,73.089996,400,73.199997,200,0.000000,0.000000
1480449843000,72.879997,73.089996,400,73.199997,200,0.000000,0.000000
1480449845000,72.879997,73.089996,400,73.199997,200,0.000000,0.000000
1480449847000,72.879997,73.089996,400,73.199997,200,0.000000,0.000000
1480449849000,72.879997,73.089996,400,73.199997,200,0.000000,0.000000
1480449851000,72.879997,73.089996,400,73.199997,200,0.000000,0.000000
1480449853000,72.879997,73.089996,400,73.199997,200,0.000000,0.000000
1480449855000,72.879997,73.089996,400,73.199997,200,0.000000,0.000000
1480449858000,72.879997,73.089996,400,73.199997,200,0.000000,0.000000
1480449860000,72.879997,73.089996,400,73.199997,200,0.000000,0.000000
1480449862000,72.879997,73.089996,400,73.199997,200,0.000000,0.000000
1480449864000,72.879997,73.089996,400,73.199997,200,0.000000,0.000000
1480449866000,72.879997,73.089996,400,73.199997,200,0.000000,0.000000
1480449868000,72.879997,73.089996,400,73.199997,200,0.000000,0.000000
1480449870000,72.879997,73.089996,400,73.199997,200,0.000000,0.000000
1480449872000,72.879997,73.089996,400,73.199997,200,0.000000,0.000000
1480449874000,72.879997,73.089996,400,73.199997,200,0.000000,0.000000
1480449876000,72.879997,73.089996,600,73.199997,200,0.000000,0.000000
1480449878000,72.879997,73.089996,600,73.199997,200,0.000000,0.000000
1480449880000,72.879997,73.089996,600,73.199997,200,0.000000,0.000000
1480449882000,72.879997,73.089996,600,73.199997,200,0.000000,0.000000
1480449884000,72.879997,73.089996,600,73.199997,200,0.000000,0.000000
1480449886000,72.879997,73.089996,600,73.199997,200,0.000000,0.000000
1480449888000,72.879997,73.089996,600,73.199997,200,0.000000,0.000000
1480449890000,72.879997,73.089996,600,73.199997,200,0.000000,0.000000
1480449893000,72.879997,73.089996,600,73.199997,200,0.000000,0.000000
1480449895000,72.879997,73.089996,600,73.199997,200,0.000000,0.000000
1480449897000,72.879997,73.089996,600,73.199997,200,0.000000,0.000000
1480449899000,72.879997,73.089996,600,73.199997,200,0.000000,0.000000
1480449901000,72.879997,73.089996,600,73.199997,200,0.000000,0.000000
1480449903000,72.879997,73.089996,600,73.199997,200,0.000000,0.000000
1480449905000,72.879997,73.089996,600,73.199997,200,0.000000,0.000000
1480449907000,72.879997,73.089996,600,73.199997,200,0.000000,0.000000
1480449909000,72.879997,73.089996,600,73.199997,200,0.000000,0.000000
1480449911000,72.879997,73.089996,600,73.199997,200,0.000000,0.000000
1480449913000,72.879997,73.089996,600,73.199997,200,0.000000,0.000000
1480449915000,72.879997,73.089996,600,73.199997,200,0.000000,0.000000
1480449917000,72.879997,73.089996,600,73.199997,200,0.000000,0.000000
1480449919000,72.879997,73.089996,600,73.199997,200,0.000000,0.000000
1480449921000,72.879997,73.089996,600,73.199997,200,0.000000,0.000000
1480449924000,72.879997,73.089996,600,73.199997,200,0.000000,0.000000
1480449926000,72.879997,73.089996,600,73.199997,200,0.000000,0.000000
1480449928000,72.879997,73.089996,600,73.199997,200,0.000000,0.000000
1480449930000,72.879997,73.089996,600,73.199997,200,0.000000,0.000000
1480449932000,72.879997,73.089996,600,73.199997,200,0.000000,0.000000
1480449934000,72.879997,73.089996,600,73.199997,300,0.000000,0.000000
1480449936000,72.879997,73.089996,600,73.199997,300,0.000000,0.000000
1480449938000,72.879997,73.089996,600,73.199997,300,0.000000,0.000000
1480449940000,72.879997,73.089996,600,73.199997,300,0.000000,0.000000
1480449942000,72.879997,73.089996,600,73.199997,300,0.000000,0.000000
1480449944000,72.879997,73.089996,600,73.199997,300,0.000000,0.000000
1480449946000,72.879997,73.089996,600,73.199997,300,0.000000,0.000000
1480449948000,72.830002,73.089996,600,73.199997,300,0.000000,0.000000
1480449950000,72.830002,73.089996,600,73.199997,300,0.000000,0.000000
1480449952000,72.830002,73.089996,600,73.199997,300,0.000000,0.000000
1480449954000,72.830002,73.089996,600,73.199997,300,0.000000,0.000000
1480449956000,72.830002,73.089996,600,73.199997,300,0.000000,0.000000
1480449958000,72.830002,73.089996,600,73.199997,300,0.000000,0.000000
1480449961000,72.830002,73.089996,600,73.199997,300,0.000000,0.000000
1480449963000,72.830002,73.089996,600,73.199997,300,0.000000,0.000000
1480449965000,72.830002,73.089996,600,73.199997,300,0.000000,0.000000
1480449967000,72.830002,73.089996,600,73.199997,300,0.000000,0.000000
1480449969000,72.815002,73.089996,600,73.199997,300,0.000000,0.000000
1480449971000,72.815002,73.089996,600,73.199997,300,0.000000,0.000000
1480449973000,72.815002,73.089996,600,73.199997,300,0.000000,0.000000
1480449975000,72.815002,73.089996,600,73.199997,300,0.000000,0.000000
1480449977000,72.808296,73.089996,600,73.199997,300,0.000000,0.000000
1480449979000,72.808296,73.089996,600,73.199997,300,0.000000,0.000000
1480449981000,72.808296,73.089996,600,73.199997,300,0.000000,0.000000
1480449983000,72.808296,73.089996,600,73.199997,300,0.000000,0.000000
1480449985000,72.808296,73.089996,600,73.199997,300,0.000000,0.000000
1480449987000,72.808296,73.089996,600,73.199997,300,0.000000,0.000000
1480449989000,72.808296,73.089996,600,73.199997,300,0.000000,0.000000
1480449991000,72.779999,73.089996,600,73.199997,300,0.000000,0.000000
1480449993000,72.779999,73.089996,600,73.199997,300,0.000000,0.000000
1480449996000,72.779999,73.089996,500,73.199997,300,0.000000,0.000000
1480449998000,72.779999,73.089996,500,73.199997,300,0.000000,0.000000
1480450000000,72.779999,73.089996,500,73.199997,300,0.000000,0.000000
1480450002000,72.779999,73.089996,500,73.199997,300,0.000000,0.000000
1480450004000,72.779999,73.089996,500,73.199997,300,0.000000,0.000000
1480450006000,72.779999,73.089996,500,73.199997,300,0.000000,0.000000
1480450008000,72.779999,73.089996,500,73.199997,300,0.000000,0.000000
1480450010000,72.779999,73.089996,500,73.199997,300,0.000000,0.000000
1480450012000,72.779999,73.089996,500,73.199997,300,0.000000,0.000000
1480450014000,72.779999,73.089996,500,73.199997,300,0.000000,0.000000
1480450016000,72.779999,73.089996,500,73.199997,300,0.000000,0.000000
1480450018000,72.779999,73.089996,500,73.199997,300,0.000000,0.000000
1480450020000,72.779999,73.089996,500,73.199997,300,0.000000,0.000000
1480450022000,72.779999,73.089996,500,73.199997,300,0.000000,0.000000
1480450024000,72.779999,73.089996,500,73.199997,300,0.000000,0.000000
1480450026000,72.779999,73.089996,500,73.199997,300,0.000000,0.000000
1480450028000,72.779999,73.089996,500,73.199997,300,0.000000,0.000000
1480450030000,72.779999,73.089996,500,73.199997,300,0.000000,0.000000
1480450032000,72.779999,73.089996,500,73.199997,300,0.000000,0.000000
1480450035000,72.779999,73.089996,500,73.199997,300,0.000000,0.000000
1480450037000,72.779999,73.089996,500,73.199997,300,0.000000,0.000000
1480450039000,72.779999,73.089996,500,73.199997,300,0.000000,0.000000
1480450041000,72.779999,73.089996,500,73.199997,300,0.000000,0.000000
1480450043000,72.779999,73.089996,500,73.199997,300,0.000000,0.000000
1480450045000,72.779999,73.089996,500,73.199997,300,0.000000,0.000000
1480450047000,72.779999,73.089996,500,73.199997,300,0.000000,0.000000
1480450049000,72.779999,73.089996,500,73.199997,300,0.000000,0.000000
1480450051000,72.779999,73.089996,500,73.199997,300,0.000000,0.000000
1480450053000,72.779999,73.089996,500,73.199997,300,0.000000,0.000000
1480450055000,72.779999,72.919998,200,73.029999,200,0.000000,0.000000
1480450057000,72.779999,72.919998,200,73.029999,200,0.000000,0.000000
1480450059000,72.779999,72.919998,200,73.029999,200,0.000000,0.000000
1480450061000,72.779999,72.919998,200,73.029999,200,0.000000,0.000000
1480450063000,72.779999,72.919998,200,73.029999,200,0.000000,0.000000
1480450065000,72.779999,72.919998,200,73.029999,200,0.000000,0.000000
1480450067000,72.779999,72.919998,200,73.029999,200,0.000000,0.000000
1480450070000,72.779999,72.919998,200,73.029999,200,0.000000,0.000000
1480450072000,72.779999,72.919998,200,73.029999,200,0.000000,0.000000
1480450074000,72.779999,72.919998,200,73.029999,200,0.000000,0.000000
1480450076000,72.779999,72.919998,200,73.029999,200,0.000000,0.000000
1480450078000,72.779999,72.919998,200,73.029999,200,0.000000,0.000000
1480450080000,72.779999,72.919998,200,73.029999,200,0.000000,0.000000
1480450082000,72.779999,72.919998,200,73.029999,200,0.000000,0.000000
1480450084000,72.779999,72.919998,200,73.029999,200,0.000000,0.000000
1480450086000,72.779999,72.919998,200,73.029999,200,0.000000,0.000000
1480450088000,72.779999,72.919998,200,73.029999,200,0.000000,0.000000
1480450090000,72.779999,72.919998,200,73.029999,200,0.000000,0.000000
1480450092000,72.779999,72.919998,200,73.029999,200,0.000000,0.000000
1480450094000,72.779999,72.919998,200,73.029999,200,0.000000,0.000000
1480450096000,72.779999,72.919998,200,73.029999,200,0.000000,0.000000
1480450098000,72.779999,72.919998,200,73.029999,200,0.000000,0.000000
1480450100000,72.779999,72.919998,200,73.029999,200,0.000000,0.000000
1480450102000,72.779999,72.919998,200,73.029999,200,0.000000,0.000000
1480450104000,72.779999,72.919998,200,73.029999,200,0.000000,0.000000
1480450106000,72.779999,72.919998,200,73.029999,200,0.000000,0.000000
1480450109000,72.779999,72.919998,200,73.029999,200,0.000000,0.000000
1480450111000,72.779999,72.919998,200,73.029999,200,0.000000,0.000000
1480450113000,72.779999,72.919998,200,73.029999,200,0.000000,0.000000
1480450115000,72.779999,72.930000,100,73.029999,200,0.000000,0.000000
1480450117000,72.779999,72.930000,100,73.029999,200,0.000000,0.000000
1480450119000,72.779999,72.930000,100,73.029999,200,0.000000,0.000000
1480450121000,72.779999,72.930000,100,73.029999,200,0.000000,0.000000
1480450123000,72.779999,72.930000,100,73.029999,200,0.000000,0.000000
1480450125000,72.779999,72.930000,100,73.029999,200,0.000000,0.000000
1480450127000,72.779999,72.930000,100,73.029999,200,0.000000,0.000000
1480450129000,72.779999,72.930000,100,73.029999,200,0.000000,0.000000
1480450131000,72.779999,72.930000,100,73.029999,200,0.000000,0.000000
1480450133000,72.779999,72.930000,100,73.029999,200,0.000000,0.000000
1480450135000,72.779999,72.930000,100,73.029999,200,0.000000,0.000000
1480450137000,72.779999,72.930000,100,73.029999,200,0.000000,0.000000
1480450139000,72.779999,72.930000,100,73.029999,200,0.000000,0.000000
1480450141000,72.779999,72.930000,100,73.029999,200,0.000000,0.000000
1480450143000,72.779999,72.930000,100,73.029999,200,0.000000,0.000000
1480450145000,72.779999,72.930000,100,73.029999,200,0.000000,0.000000
1480450148000,72.779999,72.930000,100,73.029999,200,0.000000,0.000000
1480450150000,72.779999,72.930000,100,73.029999,200,0.000000,0.000000
1480450152000,72.779999,72.930000,100,73.029999,200,0.000000,0.000000
1480450154000,72.779999,72.930000,100,73.029999,200,0.000000,0.000000
1480450156000,72.779999,72.930000,100,73.029999,200,0.000000,0.000000
1480450158000,72.779999,72.930000,100,73.029999,200,0.000000,0.000000
1480450160000,72.779999,72.930000,100,73.029999,200,0.000000,0.000000
1480450162000,72.779999,72.930000,100,73.029999,200,0.000000,0.000000
1480450164000,72.779999,72.930000,100,73.029999,200,0.000000,0.000000
1480450166000,72.779999,72.930000,100,73.029999,200,0.000000,0.000000
1480450168000,72.779999,72.930000,100,73.029999,200,0.000000,0.000000
1480450170000,72.779999,72.930000,100,73.029999,200,0.000000,0.000000
1480450172000,72.779999,72.930000,100,73.029999,200,0.000000,0.000000
1480450174000,72.779999,72.930000,300,73.029999,200,0.000000,0.000000
1480450176000,72.779999,72.930000,300,73.029999,200,0.000000,0.000000
1480450179000,72.779999,72.930000,300,73.029999,200,0.000000,0.000000
1480450181000,72.779999,72.930000,300,73.029999,200,0.000000,0.000000
1480450183000,72.779999,72.930000,300,73.029999,200,0.000000,0.000000
1480450185000,72.779999,72.930000,300,73.029999,200,0.000000,0.000000
1480450187000,72.779999,72.930000,300,73.029999,200,0.000000,0.000000
1480450189000,72.779999,72.930000,300,73.029999,200,0.000000,0.000000
1480450191000,72.779999,72.930000,300,73.029999,200,0.000000,0.000000
1480450193000,72.779999,72.930000,300,73.029999,200,0.000000,0.000000
1480450195000,72.779999,72.930000,300,73.029999,200,0.000000,0.000000
1480450197000,72.779999,72.930000,300,73.029999,200,0.000000,0.000000
1480450199000,72.779999,72.930000,300,73.029999,200,0.000000,0.000000
1480450201000,72.779999,72.930000,300,73.029999,200,0.000000,0.000000
1480450203000,72.779999,72.930000,300,73.029999,200,0.000000,0.000000
1480450205000,72.779999,72.930000,300,73.029999,200,0.000000,0.000000
1480450208000,72.830002,72.930000,300,73.029999,200,0.000000,0.000000
1480450210000,72.830002,72.930000,300,73.029999,200,0.000000,0.000000
1480450212000,72.830002,72.930000,300,73.029999,200,0.000000,0.000000
1480450214000,72.830002,72.930000,300,73.029999,200,0.000000,0.000000
1480450216000,72.830002,72.930000,300,73.029999,200,0.000000,0.000000
1480450218000,72.830002,72.930000,300,73.029999,200,0.000000,0.000000
1480450220000,72.830002,72.930000,300,73.029999,200,0.000000,0.000000
1480450222000,72.830002,72.930000,300,73.029999,200,0.000000,0.000000
1480450224000,72.830002,72.930000,300,73.029999,200,0.000000,0.000000
1480450226000,72.830002,72.930000,300,73.029999,200,0.000000,0.000000
1480450228000,72.830002,72.930000,300,73.029999,200,0.000000,0.000000
1480450230000,72.830002,72.930000,300,73.029999,200,0.000000,0.000000
1480450232000,72.830002,72.930000,300,73.029999,200,0.000000,0.000000
1480450234000,72.830002,72.930000,300,73.029999,100,0.000000,0.000000
1480450236000,72.830002,72.930000,300,73.029999,100,0.000000,0.000000
1480450238000,72.830002,72.930000,300,73.029999,100,0.000000,0.000000
1480450240000,72.830002,72.930000,300,73.029999,100,0.000000,0.000000
1480450242000,72.830002,72.930000,300,73.029999,100,0.000000,0.000000
1480450244000,72.830002,72.930000,300,73.029999,100,0.000000,0.000000
1480450247000,72.830002,72.930000,300,73.029999,100,0.000000,0.000000
1480450249000,72.830002,72.930000,300,73.029999,100,0.000000,0.000000
1480450251000,72.830002,72.930000,300,73.029999,100,0.000000,0.000000
1480450253000,72.830002,72.930000,300,73.029999,100,0.000000,0.000000
1480450255000,72.830002,72.930000,300,73.029999,100,0.000000,0.000000
1480450257000,72.830002,72.930000,300,73.029999,100,0.000000,0.000000
1480450259000,72.830002,72.930000,300,73.029999,100,0.000000,0.000000
1480450261000,72.830002,72.930000,300,73.029999,100,0.000000,0.000000
1480450263000,72.830002,72.930000,300,73.029999,100,0.000000,0.000000
1480450265000,72.830002,72.930000,300,73.029999,100,0.000000,0.000000
1480450267000,72.830002,72.930000,300,73.029999,100,0.000000,0.000000
1480450269000,72.830002,72.930000,300,73.029999,100,0.000000,0.000000
1480450271000,72.830002,72.930000,300,73.029999,100,0.000000,0.000000
1480450273000,72.830002,72.930000,300,73.029999,100,0.000000,0.000000
1480450275000,72.830002,72.930000,300,73.029999,100,0.000000,0.000000
1480450277000,72.830002,72.930000,300,73.029999,100,0.000000,0.000000
1480450279000,72.830002,72.930000,300,73.029999,100,0.000000,0.000000
1480450281000,72.830002,72.930000,300,73.029999,100,0.000000,0.000000
1480450283000,72.830002,72.930000,300,73.029999,100,0.000000,0.000000
1480450285000,72.830002,72.930000,300,73.029999,100,0.000000,0.000000
1480450288000,72.830002,72.930000,300,73.029999,100,0.000000,0.000000
1480450290000,72.830002,72.930000,300,73.029999,100,0.000000,0.000000
1480450292000,72.830002,72.930000,300,73.029999,100,0.000000,0.000000
1480450294000,72.830002,72.930000,400,73.029999,100,0.000000,0.000000
1480450296000,72.830002,72.930000,400,73.029999,100,0.000000,0.000000
1480450298000,72.830002,72.930000,400,73.029999,100,0.000000,0.000000
1480450300000,72.830002,72.930000,400,73.029999,100,0.000000,0.000000
1480450302000,72.830002,72.930000,400,73.029999,100,0.000000,0.000000
1480450304000,72.830002,72.930000,400,73.029999,100,0.000000,0.000000
1480450306000,72.830002,72.930000,400,73.029999,100,0.000000,0.000000
1480450308000,72.830002,72.930000,400,73.029999,100,0.000000,0.000000
1480450310000,72.830002,72.930000,400,73.029999,100,0.000000,0.000000
1480450312000,72.830002,72.930000,400,73.029999,100,0.000000,0.000000
1480450314000,72.830002,72.930000,400,73.029999,100,0.000000,0.000000
1480450316000,72.830002,72.930000,400,73.029999,100,0.000000,0.000000
1480450318000,72.830002,72.930000,400,73.029999,100,0.000000,0.000000
1480450321000,72.754997,72.930000,400,73.029999,100,0.000000,0.000000
1480450323000,72.754997,72.930000,400,73.029999,100,0.000000,0.000000
1480450325000,72.754997,72.930000,400,73.029999,100,0.000000,0.000000
1480450327000,72.754997,72.930000,400,73.029999,100,0.000000,0.000000
1480450329000,72.754997,72.930000,400,73.029999,100,0.000000,0.000000
1480450331000,72.754997,72.930000,400,73.029999,100,0.000000,0.000000
1480450333000,72.754997,72.930000,400,73.029999,100,0.000000,0.000000
1480450335000,72.754997,72.930000,400,73.029999,100,0.000000,0.000000
1480450337000,72.754997,72.930000,400,73.029999,100,0.000000,0.000000
1480450339000,72.754997,72.930000,400,73.029999,100,0.000000,0.000000
1480450341000,72.754997,72.930000,400,73.029999,100,0.000000,0.000000
1480450343000,72.754997,72.930000,400,73.029999,100,0.000000,0.000000
1480450345000,72.754997,72.930000,400,73.029999,100,0.000000,0.000000
1480450347000,72.754997,72.930000,400,73.029999,100,0.000000,0.000000
1480450349000,72.754997,72.930000,400,73.029999,100,0.000000,0.000000
1480450351000,72.754997,72.930000,400,73.029999,100,0.000000,0.000000
1480450354000,72.754997,72.930000,400,73.029999,100,0.000000,0.000000
1480450356000,72.754997,72.930000,300,73.029999,100,0.000000,0.000000
1480450358000,72.754997,72.930000,300,73.029999,100,0.000000,0.000000
1480450360000,72.754997,72.930000,300,73.029999,100,0.000000,0.000000
1480450362000,72.754997,72.930000,300,73.029999,100,0.000000,0.000000
1480450364000,72.754997,72.930000,300,73.029999,100,0.000000,0.000000
1480450366000,72.754997,72.930000,300,73.029999,100,0.000000,0.000000
1480450368000,72.754997,72.930000,300,73.029999,100,0.000000,0.000000
1480450370000,72.754997,72.930000,300,73.029999,100,0.000000,0.000000
1480450372000,72.754997,72.930000,300,73.029999,100,0.000000,0.000000
1480450374000,72.754997,72.930000,300,73.029999,100,0.000000,0.000000
1480450376000,72.754997,72.930000,300,73.029999,100,0.000000,0.000000
1480450378000,72.754997,72.930000,300,73.029999,100,0.000000,0.000000
1480450380000,72.754997,72.930000,300,73.029999,100,0.000000,0.000000
1480450382000,72.754997,72.930000,300,73.029999,100,0.000000,0.000000
1480450384000,72.754997,72.930000,300,73.029999,100,0.000000,0.000000
1480450386000,72.754997,72.930000,300,73.029999,100,0.000000,0.000000
1480450388000,72.754997,72.930000,300,73.029999,100,0.000000,0.000000
1480450390000,72.754997,72.930000,300,73.029999,100,0.000000,0.000000
1480450392000,72.754997,72.930000,300,73.029999,100,0.000000,0.000000
1480450395000,72.754997,72.930000,300,73.029999,100,0.000000,0.000000
1480450397000,72.754997,72.930000,300,73.029999,100,0.000000,0.000000
1480450399000,72.754997,72.930000,300,73.029999,100,0.000000,0.000000
1480450401000,72.754997,72.930000,300,73.029999,100,0.000000,0.000000
1480450403000,72.754997,72.930000,300,73.029999,100,0.000000,0.000000
1480450405000,72.754997,72.930000,300,73.029999,100,0.000000,0.000000
1480450407000,72.754997,72.930000,300,73.029999,100,0.000000,0.000000
1480450409000,72.754997,72.930000,300,73.029999,100,0.000000,0.000000
1480450411000,72.754997,72.930000,300,73.029999,100,0.000000,0.000000
1480450413000,72.754997,72.930000,300,73.029999,100,0.000000,0.000000
1480450415000,72.754997,72.930000,300,73.029999,200,0.000000,0.000000
1480450417000,72.754997,72.930000,400,73.029999,200,0.000000,0.000000
1480450419000,72.754997,72.930000,400,73.029999,200,0.000000,0.000000
1480450421000,72.754997,72.930000,400,73.029999,200,0.000000,0.000000
1480450423000,72.754997,72.930000,400,73.029999,200,0.000000,0.000000
1480450425000,72.754997,72.930000,400,73.029999,200,0.000000,0.000000
1480450427000,72.754997,72.930000,400,73.029999,200,0.000000,0.000000
1480450430000,72.754997,72.930000,400,73.029999,200,0.000000,0.000000
1480450432000,72.754997,72.930000,400,73.029999,200,0.000000,0.000000
1480450434000,72.754997,72.930000,400,73.029999,200,0.000000,0.000000
1480450436000,72.754997,72.930000,400,73.029999,200,0.000000,0.000000
1480450438000,72.754997,72.930000,400,73.029999,200,0.000000,0.000000
1480450440000,72.754997,72.930000,400,73.029999,200,0.000000,0.000000
1480450442000,72.754997,72.930000,400,73.029999,200,0.000000,0.000000
1480450444000,72.754997,72.930000,400,73.029999,200,0.000000,0.000000
1480450446000,72.754997,72.930000,400,73.029999,200,0.000000,0.000000
1480450448000,72.754997,72.930000,400,73.029999,200,0.000000,0.000000
1480450450000,72.754997,72.930000,400,73.029999,200,0.000000,0.000000
1480450452000,72.754997,72.930000,400,73.029999,200,0.000000,0.000000
1480450454000,72.754997,72.930000,400,73.029999,200,0.000000,0.000000
1480450456000,72.754997,72.930000,400,73.029999,200,0.000000,0.000000
1480450458000,72.754997,72.930000,400,73.029999,200,0.000000,0.000000
1480450460000,72.754997,72.930000,400,73.029999,200,0.000000,0.000000
1480450462000,72.754997,72.930000,400,73.029999,200,0.000000,0.000000
1480450465000,72.754997,72.930000,400,73.029999,200,0.000000,0.000000
1480450467000,72.754997,72.930000,400,73.029999,200,0.000000,0.000000
1480450469000,72.754997,72.930000,400,73.029999,200,0.000000,0.000000
1480450471000,72.754997,72.930000,400,73.029999,200,0.000000,0.000000
1480450473000,72.754997,72.930000,400,73.029999,200,0.000000,0.000000
1480450475000,72.754997,72.879997,100,73.010002,400,0.000000,0.000000
1480450477000,72.754997,72.879997,100,73.010002,400,0.000000,0.000000
1480450479000,72.754997,72.879997,100,73.010002,400,0.000000,0.000000
1480450481000,72.754997,72.879997,100,73.010002,400,0.000000,0.000000
1480450483000,72.754997,72.879997,100,73.010002,400,0.000000,0.000000
1480450485000,72.754997,72.879997,100,73.010002,400,0.000000,0.000000
1480450487000,72.754997,72.879997,100,73.010002,400,0.000000,0.000000
1480450489000,72.754997,72.879997,100,73.010002,400,0.000000,0.000000
1480450491000,72.754997,72.879997,100,73.010002,400,0.000000,0.000000
1480450493000,72.754997,72.879997,100,73.010002,400,0.000000,0.000000
1480450495000,72.754997,72.879997,100,73.010002,400,0.000000,0.000000
1480450497000,72.754997,72.879997,100,73.010002,400,0.000000,0.000000
1480450499000,72.754997,72.879997,100,73.010002,400,0.000000,0.000000
1480450502000,72.754997,72.879997,100,73.010002,400,0.000000,0.000000
1480450504000,72.754997,72.879997,100,73.010002,400,0.000000,0.000000
1480450506000,72.754997,72.879997,100,73.010002,400,0.000000,0.000000
1480450508000,72.754997,72.879997,100,73.010002,400,0.000000,0.000000
1480450510000,72.754997,72.879997,100,73.010002,400,0.000000,0.000000
1480450512000,72.754997,72.879997,100,73.010002,400,0.000000,0.000000
1480450514000,72.754997,72.879997,100,73.010002,400,0.000000,0.000000
1480450516000,72.754997,72.879997,100,73.010002,400,0.000000,0.000000
1480450518000,72.754997,72.879997,100,73.010002,400,0.000000,0.000000
1480450520000,72.754997,72.879997,100,73.010002,400,0.000000,0.000000
1480450522000,72.754997,72.879997,100,73.010002,400,0.000000,0.000000
1480450524000,72.754997,72.879997,100,73.010002,400,0.000000,0.000000
1480450526000,72.820000,72.879997,100,73.010002,400,0.000000,0.000000
1480450528000,72.820000,72.879997,100,73.010002,400,0.000000,0.000000
1480450530000,72.820000,72.879997,100,73.010002,400,0.000000,0.000000
1480450532000,72.820000,72.879997,100,73.010002,400,0.000000,0.000000
1480450534000,72.820000,72.879997,300,73.010002,400,0.000000,0.000000
1480450536000,72.820000,72.879997,300,73.010002,400,0.000000,0.000000
1480450539000,72.820000,72.879997,300,73.010002,400,0.000000,0.000000
1480450541000,72.820000,72.879997,300,73.010002,400,0.000000,0.000000
1480450543000,72.820000,72.879997,300,73.010002,400,0.000000,0.000000
1480450545000,72.820000,72.879997,300,73.010002,400,0.000000,0.000000
1480450547000,72.830002,72.879997,300,73.010002,400,0.000000,0.000000
1480450549000,72.830002,72.879997,300,73.010002,400,0.000000,0.000000
1480450551000,72.830002,72.879997,300,73.010002,400,0.000000,0.000000
1480450553000,72.830002,72.879997,300,73.010002,400,0.000000,0.000000
1480450555000,72.830002,72.879997,300,73.010002,400,0.000000,0.000000
1480450557000,72.830002,72.879997,300,73.010002,400,0.000000,0.000000
1480450559000,72.830002,72.879997,300,73.010002,400,0.000000,0.000000
1480450561000,72.830002,72.879997,300,73.010002,400,0.000000,0.000000
1480450563000,72.830002,72.879997,300,73.010002,400,0.000000,0.000000
1480450565000,72.830002,72.879997,300,73.010002,400,0.000000,0.000000
1480450567000,72.830002,72.879997,300,73.010002,400,0.000000,0.000000
1480450569000,72.830002,72.879997,300,73.010002,400,0.000000,0.000000
1480450571000,72.830002,72.879997,300,73.010002,400,0.000000,0.000000
1480450573000,72.830002,72.879997,300,73.010002,400,0.000000,0.000000
1480450575000,72.830002,72.879997,300,73.010002,400,0.000000,0.000000
1480450578000,72.830002,72.879997,300,73.010002,400,0.000000,0.000000
1480450580000,72.830002,72.879997,300,73.010002,400,0.000000,0.000000
1480450582000,72.830002,72.879997,300,73.010002,400,0.000000,0.000000
1480450584000,72.830002,72.879997,300,73.010002,400,0.000000,0.000000
1480450586000,72.830002,72.879997,300,73.010002,400,0.000000,0.000000
1480450588000,72.830002,72.879997,300,73.010002,400,0.000000,0.000000
1480450590000,72.830002,72.879997,300,73.010002,400,0.000000,0.000000
1480450592000,72.830002,72.879997,300,73.010002,400,0.000000,0.000000
1480450594000,72.830002,72.879997,300,73.010002,400,0.000000,0.000000
1480450596000,72.830002,72.879997,200,73.010002,400,0.000000,0.000000
1480450598000,72.830002,72.879997,200,73.010002,400,0.000000,0.000000
1480450600000,72.830002,72.879997,200,73.010002,400,0.000000,0.000000
1480450602000,72.830002,72.879997,200,73.010002,400,0.000000,0.000000
1480450604000,72.830002,72.879997,200,73.010002,400,0.000000,0.000000
1480450606000,72.830002,72.879997,200,73.010002,400,0.000000,0.000000
1480450608000,72.830002,72.879997,200,73.010002,400,0.000000,0.000000
1480450610000,72.830002,72.879997,200,73.010002,400,0.000000,0.000000
1480450612000,72.830002,72.879997,200,73.010002,400,0.000000,0.000000
1480450614000,72.830002,72.879997,200,73.010002,400,0.000000,0.000000
1480450617000,72.830002,72.879997,200,73.010002,400,0.000000,0.000000
1480450619000,72.830002,72.879997,200,73.010002,400,0.000000,0.000000
1480450621000,72.830002,72.879997,200,73.010002,400,0.000000,0.000000
1480450623000,72.830002,72.879997,200,73.010002,400,0.000000,0.000000
1480450625000,72.830002,72.879997,200,73.010002,400,0.000000,0.000000
1480450627000,72.830002,72.879997,200,73.010002,400,0.000000,0.000000
1480450629000,72.830002,72.879997,200,73.010002,400,0.000000,0.000000
1480450631000,72.830002,72.879997,200,73.010002,400,0.000000,0.000000
1480450633000,72.830002,72.879997,200,73.010002,400,0.000000,0.000000
1480450635000,72.870003,72.879997,200,73.010002,400,0.000000,0.000000
1480450637000,72.870003,72.879997,200,73.010002,400,0.000000,0.000000
1480450639000,72.870003,72.879997,200,73.010002,400,0.000000,0.000000
1480450641000,72.870003,72.879997,200,73.010002,400,0.000000,0.000000
1480450643000,72.870003,72.879997,200,73.010002,400,0.000000,0.000000
1480450645000,72.870003,72.879997,200,73.010002,400,0.000000,0.000000
1480450647000,72.870003,72.879997,200,73.010002,400,0.000000,0.000000
1480450649000,72.870003,72.879997,200,73.010002,400,0.000000,0.000000
1480450651000,72.870003,72.879997,200,73.010002,400,0.000000,0.000000
1480450654000,72.870003,72.879997,200,73.010002,400,0.000000,0.000000
1480450656000,72.870003,72.879997,200,73.000000,200,0.000000,0.000000
1480450658000,72.870003,72.879997,200,73.000000,200,0.000000,0.000000
1480450660000,72.870003,72.879997,200,73.000000,200,0.000000,0.000000
1480450662000,72.870003,72.879997,200,73.000000,200,0.000000,0.000000
1480450664000,72.870003,72.879997,200,73.000000,200,0.000000,0.000000
1480450666000,72.870003,72.879997,200,73.000000,200,0.000000,0.000000
1480450668000,72.870003,72.879997,200,73.000000,200,0.000000,0.000000
1480450670000,72.870003,72.879997,200,73.000000,200,0.000000,0.000000
1480450672000,72.870003,72.879997,200,73.000000,200,0.000000,0.000000
1480450674000,72.870003,72.879997,200,73.000000,200,0.000000,0.000000
1480450676000,72.870003,72.879997,200,73.000000,200,0.000000,0.000000
1480450678000,72.870003,72.879997,200,73.000000,200,0.000000,0.000000
1480450680000,72.870003,72.879997,200,73.000000,200,0.000000,0.000000
1480450682000,72.870003,72.879997,200,73.000000,200,0.000000,0.000000
1480450684000,72.870003,72.879997,200,73.000000,200,0.000000,0.000000
1480450686000,72.870003,72.879997,200,73.000000,200,0.000000,0.000000
1480450688000,72.870003,72.879997,200,73.000000,200,0.000000,0.000000
1480450691000,72.870003,72.879997,200,73.000000,200,0.000000,0.000000
1480450693000,72.870003,72.879997,200,73.000000,200,0.000000,0.000000
1480450695000,72.870003,72.879997,200,73.000000,200,0.000000,0.000000
1480450697000,72.870003,72.879997,200,73.000000,200,0.000000,0.000000
1480450699000,72.870003,72.879997,200,73.000000,200,0.000000,0.000000
1480450701000,72.870003,72.879997,200,73.000000,200,0.000000,0.000000
1480450703000,72.870003,72.879997,200,73.000000,200,0.000000,0.000000
1480450705000,72.870003,72.879997,200,73.000000,200,0.000000,0.000000
1480450707000,72.870003,72.879997,200,73.000000,200,0.000000,0.000000
1480450709000,72.870003,72.879997,200,73.000000,200,0.000000,0.000000
1480450711000,72.870003,72.879997,200,73.000000,200,0.000000,0.000000
1480450713000,72.870003,72.879997,200,73.000000,200,0.000000,0.000000
1480450715000,72.870003,72.830002,200,72.959999,200,0.000000,0.000000
1480450717000,72.870003,72.830002,200,72.959999,200,0.000000,0.000000
1480450719000,72.870003,72.830002,200,72.959999,200,0.000000,0.000000
1480450721000,72.870003,72.830002,200,72.959999,200,0.000000,0.000000
1480450724000,72.870003,72.830002,200,72.959999,200,0.000000,0.000000
1480450726000,72.870003,72.830002,200,72.959999,200,0.000000,0.000000
1480450728000,72.870003,72.830002,200,72.959999,200,0.000000,0.000000
1480450730000,72.870003,72.830002,200,72.959999,200,0.000000,0.000000
1480450732000,72.870003,72.830002,200,72.959999,200,0.000000,0.000000
1480450734000,72.870003,72.830002,200,72.959999,200,0.000000,0.000000
1480450736000,72.870003,72.830002,200,72.959999,200,0.000000,0.000000
1480450738000,72.869904,72.830002,200,72.959999,200,0.000000,0.000000
1480450740000,72.869904,72.830002,200,72.959999,200,0.000000,0.000000
1480450742000,72.869904,72.830002,200,72.959999,200,0.000000,0.000000
1480450744000,72.869904,72.830002,200,72.959999,200,0.000000,0.000000
1480450746000,72.869904,72.830002,200,72.959999,200,0.000000,0.000000
1480450748000,72.869904,72.830002,200,72.959999,200,0.000000,0.000000
1480450750000,72.869904,72.830002,200,72.959999,200,0.000000,0.000000
1480450752000,72.869904,72.830002,200,72.959999,200,0.000000,0.000000
1480450754000,72.869904,72.830002,200,72.959999,200,0.000000,0.000000
1480450756000,72.869904,72.830002,200,72.959999,200,0.000000,0.000000
1480450758000,72.869904,72.830002,200,72.959999,200,0.000000,0.000000
1480450760000,72.869904,72.830002,200,72.959999,200,0.000000,0.000000
1480450763000,72.869904,72.830002,200,72.959999,200,0.000000,0.000000
1480450765000,72.869904,72.830002,200,72.959999,200,0.000000,0.000000
1480450767000,72.869904,72.830002,200,72.959999,200,0.000000,0.000000
1480450769000,72.869904,72.830002,200,72.959999,200,0.000000,0.000000
1480450771000,72.869904,72.830002,200,72.959999,200,0.000000,0.000000
1480450773000,72.869904,72.830002,200,72.959999,200,0.000000,0.000000
1480450775000,72.869904,72.830002,100,72.910004,300,0.000000,0.000000
1480450777000,72.869904,72.830002,100,72.910004,300,0.000000,0.000000
1480450779000,72.869904,72.830002,100,72.910004,300,0.000000,0.000000
1480450781000,72.869904,72.830002,100,72.910004,300,0.000000,0.000000
1480450783000,72.869904,72.830002,100,72.910004,300,0.000000,0.000000
1480450785000,72.869904,72.830002,100,72.910004,300,0.000000,0.000000
1480450787000,72.869904,72.830002,100,72.910004,300,0.000000,0.000000
1480450789000,72.869904,72.830002,100,72.910004,300,0.000000,0.000000
1480450791000,72.869904,72.830002,100,72.910004,300,0.000000,0.000000
1480450793000,72.869904,72.830002,100,72.910004,300,0.000000,0.000000
1480450795000,72.869904,72.830002,100,72.910004,300,0.000000,0.000000
1480450797000,72.869904,72.830002,100,72.910004,300,0.000000,0.000000
1480450800000,72.869904,72.830002,100,72.910004,300,0.000000,0.000000
1480450802000,72.869904,72.830002,100,72.910004,300,0.000000,0.000000
1480450804000,72.869904,72.830002,100,72.910004,300,0.000000,0.000000
1480450806000,72.869904,72.830002,100,72.910004,300,0.000000,0.000000
1480450808000,72.869904,72.830002,100,72.910004,300,0.000000,0.000000
1480450810000,72.869904,72.830002,100,72.910004,300,0.000000,0.000000
1480450812000,72.869904,72.830002,100,72.910004,300,0.000000,0.000000
1480450814000,72.869904,72.830002,100,72.910004,300,0.000000,0.000000
1480450816000,72.869904,72.830002,100,72.910004,300,0.000000,0.000000
1480450818000,72.870003,72.830002,100,72.910004,300,0.000000,0.000000
1480450820000,72.870003,72.830002,100,72.910004,300,0.000000,0.000000
1480450822000,72.870003,72.830002,100,72.910004,300,0.000000,0.000000
1480450824000,72.870003,72.830002,100,72.910004,300,0.000000,0.000000
1480450826000,72.870003,72.830002,100,72.910004,300,0.000000,0.000000
1480450828000,72.870003,72.830002,100,72.910004,300,0.000000,0.000000
1480450831000,72.870003,72.830002,100,72.910004,300,0.000000,0.000000
1480450833000,72.869904,72.830002,100,72.910004,300,0.000000,0.000000
1480450835000,72.879997,72.830002,200,72.889999,300,0.000000,0.000000
1480450837000,72.879997,72.830002,200,72.889999,300,0.000000,0.000000
1480450839000,72.879997,72.830002,200,72.889999,300,0.000000,0.000000
1480450841000,72.879997,72.830002,200,72.889999,300,0.000000,0.000000
1480450843000,72.879997,72.830002,200,72.889999,300,0.000000,0.000000
1480450845000,72.879997,72.830002,200,72.889999,300,0.000000,0.000000
1480450847000,72.879997,72.830002,200,72.889999,300,0.000000,0.000000
1480450849000,72.879997,72.830002,200,72.889999,300,0.000000,0.000000
1480450851000,72.879997,72.830002,200,72.889999,300,0.000000,0.000000
1480450853000,72.879997,72.830002,200,72.889999,300,0.000000,0.000000
1480450855000,72.870003,72.830002,200,72.889999,300,0.000000,0.000000
1480450857000,72.870003,72.830002,200,72.889999,300,0.000000,0.000000
1480450859000,72.870003,72.830002,200,72.889999,300,0.000000,0.000000
1480450861000,72.870003,72.830002,200,72.889999,300,0.000000,0.000000
1480450863000,72.870003,72.830002,200,72.889999,300,0.000000,0.000000
1480450865000,72.870003,72.830002,200,72.889999,300,0.000000,0.000000
1480450867000,72.870003,72.830002,200,72.889999,300,0.000000,0.000000
1480450870000,72.870003,72.830002,200,72.889999,300,0.000000,0.000000
1480450872000,72.870003,72.830002,200,72.889999,300,0.000000,0.000000
1480450874000,72.870003,72.830002,200,72.889999,300,0.000000,0.000000
1480450876000,72.870003,72.830002,200,72.889999,300,0.000000,0.000000
1480450878000,72.870003,72.830002,200,72.889999,300,0.000000,0.000000
1480450880000,72.870003,72.830002,200,72.889999,300,0.000000,0.000000
1480450882000,72.870003,72.830002,200,72.889999,300,0.000000,0.000000
1480450884000,72.870003,72.830002,200,72.889999,300,0.000000,0.000000
1480450886000,72.870003,72.830002,200,72.889999,300,0.000000,0.000000
1480450888000,72.870003,72.830002,200,72.889999,300,0.000000,0.000000
1480450890000,72.870003,72.830002,200,72.889999,300,0.000000,0.000000
1480450892000,72.870003,72.830002,200,72.889999,300,0.000000,0.000000
1480450894000,72.870003,72.779999,100,72.849998,100,0.000000,0.000000
1480450896000,72.870003,72.779999,100,72.849998,100,0.000000,0.000000
1480450898000,72.870003,72.779999,100,72.849998,100,0.000000,0.000000
1480450900000,72.870003,72.779999,100,72.849998,100,0.000000,0.000000
1480450902000,72.870003,72.779999,100,72.849998,100,0.000000,0.000000
1480450904000,72.870003,72.779999,100,72.849998,100,0.000000,0.000000
1480450906000,72.870003,72.779999,100,72.849998,100,0.000000,0.000000
1480450909000,72.870003,72.779999,100,72.849998,100,0.000000,0.000000
1480450911000,72.870003,72.779999,100,72.849998,100,0.000000,0.000000
1480450913000,72.870003,72.779999,100,72.849998,100,0.000000,0.000000
1480450915000,72.870003,72.779999,100,72.849998,100,0.000000,0.000000
1480450917000,72.870003,72.779999,100,72.849998,100,0.000000,0.000000
1480450919000,72.870003,72.779999,100,72.849998,100,0.000000,0.000000
1480450921000,72.870003,72.779999,100,72.849998,100,0.000000,0.000000
1480450923000,72.870003,72.779999,100,72.849998,100,0.000000,0.000000
1480450925000,72.870003,72.779999,100,72.849998,100,0.000000,0.000000
1480450927000,72.870003,72.779999,100,72.849998,100,0.000000,0.000000
1480450929000,72.870003,72.779999,100,72.849998,100,0.000000,0.000000
1480450931000,72.870003,72.779999,100,72.849998,100,0.000000,0.000000
1480450933000,72.870003,72.779999,100,72.849998,100,0.000000,0.000000
1480450935000,72.870003,72.779999,100,72.849998,100,0.000000,0.000000
1480450937000,72.870003,72.779999,100,72.849998,100,0.000000,0.000000
1480450939000,72.870003,72.779999,100,72.849998,100,0.000000,0.000000
1480450941000,72.870003,72.779999,100,72.849998,100,0.000000,0.000000
1480450943000,72.870003,72.779999,100,72.849998,100,0.000000,0.000000
1480450945000,72.870003,72.779999,100,72.849998,100,0.000000,0.000000
1480450948000,72.870003,72.779999,100,72.849998,100,0.000000,0.000000
1480450950000,72.870003,72.779999,100,72.849998,100,0.000000,0.000000
1480450952000,72.870003,72.779999,100,72.849998,100,0.000000,0.000000
1480450954000,72.870003,72.779999,100,72.849998,100,0.000000,0.000000
1480450956000,72.870003,72.690002,300,72.830002,100,0.000000,0.000000
1480450958000,72.870003,72.690002,300,72.830002,100,0.000000,0.000000
1480450960000,72.870003,72.690002,300,72.830002,100,0.000000,0.000000
1480450962000,72.870003,72.690002,300,72.830002,100,0.000000,0.000000
1480450964000,72.870003,72.690002,300,72.830002,100,0.000000,0.000000
1480450966000,72.870003,72.690002,300,72.830002,100,0.000000,0.000000
1480450968000,72.870003,72.690002,300,72.830002,100,0.000000,0.000000
1480450970000,72.870003,72.690002,300,72.830002,100,0.000000,0.000000
1480450972000,72.870003,72.690002,300,72.830002,100,0.000000,0.000000
1480450974000,72.870003,72.690002,300,72.830002,100,0.000000,0.000000
1480450976000,72.870003,72.690002,300,72.830002,100,0.000000,0.000000
1480450978000,72.870003,72.690002,300,72.830002,100,0.000000,0.000000
1480450980000,72.870003,72.690002,300,72.830002,100,0.000000,0.000000
1480450983000,72.870003,72.690002,300,72.830002,100,0.000000,0.000000
1480450985000,72.870003,72.690002,300,72.830002,100,0.000000,0.000000
1480450987000,72.870003,72.690002,300,72.830002,100,0.000000,0.000000
1480450989000,72.870003,72.690002,300,72.830002,100,0.000000,0.000000
1480450991000,72.870003,72.690002,300,72.830002,100,0.000000,0.000000
1480450993000,72.870003,72.690002,300,72.830002,100,0.000000,0.000000
1480450995000,72.870003,72.690002,300,72.830002,100,0.000000,0.000000
1480450997000,72.870003,72.690002,300,72.830002,100,0.000000,0.000000
1480450999000,72.870003,72.690002,300,72.830002,100,0.000000,0.000000
1480451001000,72.870003,72.690002,300,72.830002,100,0.000000,0.000000
1480451003000,72.870003,72.690002,300,72.830002,100,0.000000,0.000000
1480451005000,72.870003,72.690002,300,72.830002,100,0.000000,0.000000
1480451007000,72.870003,72.690002,300,72.830002,100,0.000000,0.000000
1480451009000,72.870003,72.690002,300,72.830002,100,0.000000,0.000000
1480451011000,72.870003,72.690002,300,72.830002,100,0.000000,0.000000
1480451013000,72.870003,72.690002,300,72.830002,100,0.000000,0.000000
1480451015000,72.870003,72.690002,300,72.830002,100,0.000000,0.000000
1480451017000,72.870003,72.690002,300,72.830002,100,0.000000,0.000000
1480451019000,72.870003,72.690002,300,72.830002,100,0.000000,0.000000
1480451022000,72.870003,72.690002,300,72.830002,100,0.000000,0.000000
1480451024000,72.870003,72.690002,300,72.830002,100,0.000000,0.000000
1480451026000,72.870003,72.690002,300,72.830002,100,0.000000,0.000000
1480451028000,72.870003,72.690002,300,72.830002,100,0.000000,0.000000
1480451030000,72.870003,72.690002,300,72.830002,100,0.000000,0.000000
1480451032000,72.870003,72.690002,300,72.830002,100,0.000000,0.000000
1480451034000,72.870003,72.690002,300,72.830002,100,0.000000,0.000000
1480451036000,72.870003,72.690002,300,72.830002,100,0.000000,0.000000
1480451038000,72.870003,72.690002,300,72.830002,100,0.000000,0.000000
1480451040000,72.870003,72.690002,300,72.830002,100,0.000000,0.000000
1480451042000,72.870003,72.690002,300,72.830002,100,0.000000,0.000000
1480451044000,72.870003,72.690002,300,72.830002,100,0.000000,0.000000
1480451046000,72.870003,72.690002,300,72.830002,100,0.000000,0.000000
1480451048000,72.870003,72.690002,300,72.830002,100,0.000000,0.000000
1480451050000,72.870003,72.690002,300,72.830002,100,0.000000,0.000000
1480451052000,72.870003,72.690002,300,72.830002,100,0.000000,0.000000
1480451055000,72.870003,72.690002,300,72.830002,100,0.000000,0.000000
1480451057000,72.870003,72.690002,300,72.830002,100,0.000000,0.000000
1480451059000,72.870003,72.690002,300,72.830002,100,0.000000,0.000000
1480451061000,72.870003,72.690002,300,72.830002,100,0.000000,0.000000
1480451063000,72.870003,72.690002,300,72.830002,100,0.000000,0.000000
1480451065000,72.870003,72.690002,300,72.830002,100,0.000000,0.000000
1480451067000,72.870003,72.690002,300,72.830002,100,0.000000,0.000000
1480451069000,72.870003,72.690002,300,72.830002,100,0.000000,0.000000
1480451071000,72.870003,72.690002,300,72.830002,100,0.000000,0.000000
1480451073000,72.870003,72.690002,300,72.830002,100,0.000000,0.000000
1480451075000,72.870003,72.690002,400,72.830002,200,0.000000,0.000000
1480451077000,72.870003,72.690002,400,72.830002,200,0.000000,0.000000
1480451079000,72.870003,72.690002,400,72.830002,200,0.000000,0.000000
1480451081000,72.870003,72.690002,400,72.830002,200,0.000000,0.000000
1480451083000,72.870003,72.690002,400,72.830002,200,0.000000,0.000000
1480451085000,72.870003,72.690002,400,72.830002,200,0.000000,0.000000
1480451087000,72.870003,72.690002,400,72.830002,200,0.000000,0.000000
1480451090000,72.870003,72.690002,400,72.830002,200,0.000000,0.000000
1480451092000,72.870003,72.690002,400,72.830002,200,0.000000,0.000000
1480451094000,72.870003,72.690002,400,72.830002,200,0.000000,0.000000
1480451096000,72.870003,72.690002,400,72.830002,200,0.000000,0.000000
1480451098000,72.870003,72.690002,400,72.830002,200,0.000000,0.000000
1480451100000,72.870003,72.690002,400,72.830002,200,0.000000,0.000000
1480451102000,72.870003,72.690002,400,72.830002,200,0.000000,0.000000
1480451104000,72.870003,72.690002,400,72.830002,200,0.000000,0.000000
1480451106000,72.870003,72.690002,400,72.830002,200,0.000000,0.000000
1480451108000,72.870003,72.690002,400,72.830002,200,0.000000,0.000000
1480451110000,72.870003,72.690002,400,72.830002,200,0.000000,0.000000
1480451112000,72.870003,72.690002,400,72.830002,200,0.000000,0.000000
1480451114000,72.870003,72.690002,400,72.830002,200,0.000000,0.000000
1480451116000,72.870003,72.690002,400,72.830002,200,0.000000,0.000000
1480451118000,72.870003,72.690002,400,72.830002,200,0.000000,0.000000
1480451120000,72.870003,72.690002,400,72.830002,200,0.000000,0.000000
1480451122000,72.952003,72.690002,400,72.830002,200,0.000000,0.000000
1480451125000,72.952003,72.690002,400,72.830002,200,0.000000,0.000000
1480451127000,72.952003,72.690002,400,72.830002,200,0.000000,0.000000
1480451129000,72.952003,72.690002,400,72.830002,200,0.000000,0.000000
1480451131000,72.952003,72.690002,400,72.830002,200,0.000000,0.000000
1480451133000,72.952003,72.690002,400,72.830002,200,0.000000,0.000000
1480451135000,72.952003,72.690002,300,72.830002,100,0.000000,0.000000
1480451137000,72.952003,72.690002,300,72.830002,100,0.000000,0.000000
1480451139000,72.952003,72.690002,300,72.830002,100,0.000000,0.000000
1480451141000,72.952003,72.690002,300,72.830002,100,0.000000,0.000000
1480451143000,72.952003,72.690002,300,72.830002,100,0.000000,0.000000
1480451145000,72.952003,72.690002,300,72.830002,100,0.000000,0.000000
1480451147000,72.952003,72.690002,300,72.830002,100,0.000000,0.000000
1480451149000,72.952003,72.690002,300,72.830002,100,0.000000,0.000000
1480451151000,72.952003,72.690002,300,72.830002,100,0.000000,0.000000
1480451153000,72.952003,72.690002,300,72.830002,100,0.000000,0.000000
1480451155000,72.952003,72.690002,300,72.830002,100,0.000000,0.000000
1480451157000,72.952003,72.690002,300,72.830002,100,0.000000,0.000000
1480451159000,72.952003,72.690002,300,72.830002,100,0.000000,0.000000
1480451161000,72.952003,72.690002,300,72.830002,100,0.000000,0.000000
1480451163000,72.952003,72.690002,300,72.830002,100,0.000000,0.000000
1480451166000,72.952003,72.690002,300,72.830002,100,0.000000,0.000000
1480451168000,72.952003,72.690002,300,72.830002,100,0.000000,0.000000
1480451170000,72.952003,72.690002,300,72.830002,100,0.000000,0.000000
1480451172000,72.952003,72.690002,300,72.830002,100,0.000000,0.000000
1480451174000,72.952003,72.690002,300,72.830002,100,0.000000,0.000000
1480451176000,72.952003,72.690002,300,72.830002,100,0.000000,0.000000
1480451178000,72.952003,72.690002,300,72.830002,100,0.000000,0.000000
1480451180000,72.952003,72.690002,300,72.830002,100,0.000000,0.000000
1480451182000,72.952003,72.690002,300,72.830002,100,0.000000,0.000000
1480451184000,72.952003,72.690002,300,72.830002,100,0.000000,0.000000
1480451186000,72.952003,72.690002,300,72.830002,100,0.000000,0.000000
1480451188000,72.952003,72.690002,300,72.830002,100,0.000000,0.000000
1480451190000,72.952003,72.690002,300,72.830002,100,0.000000,0.000000
1480451192000,72.952003,72.690002,300,72.830002,100,0.000000,0.000000
1480451194000,72.952003,72.690002,500,72.830002,400,0.000000,0.000000
1480451196000,72.952003,72.690002,500,72.830002,400,0.000000,0.000000
1480451198000,72.952003,72.690002,500,72.830002,400,0.000000,0.000000
1480451200000,72.952003,72.690002,500,72.830002,400,0.000000,0.000000
1480451202000,72.952003,72.690002,500,72.830002,400,0.000000,0.000000
1480451205000,72.952003,72.690002,500,72.830002,400,0.000000,0.000000
1480451207000,72.952003,72.690002,500,72.830002,400,0.000000,0.000000
1480451209000,72.952003,72.690002,500,72.830002,400,0.000000,0.000000
1480451211000,72.952003,72.690002,500,72.830002,400,0.000000,0.000000
1480451213000,72.952003,72.690002,500,72.830002,400,0.000000,0.000000
1480451215000,72.952003,72.690002,500,72.830002,400,0.000000,0.000000
1480451217000,72.952003,72.690002,500,72.830002,400,0.000000,0.000000
1480451219000,72.952003,72.690002,500,72.830002,400,0.000000,0.000000
1480451221000,72.952003,72.690002,500,72.830002,400,0.000000,0.000000
1480451223000,72.952003,72.690002,500,72.830002,400,0.000000,0.000000
1480451225000,72.952003,72.690002,500,72.830002,400,0.000000,0.000000
1480451227000,72.952003,72.690002,500,72.830002,400,0.000000,0.000000
1480451229000,72.952003,72.690002,500,72.830002,400,0.000000,0.000000
1480451231000,72.952003,72.690002,500,72.830002,400,0.000000,0.000000
1480451233000,72.952003,72.690002,500,72.830002,400,0.000000,0.000000
1480451235000,72.952003,72.690002,500,72.830002,400,0.000000,0.000000
1480451238000,72.952003,72.690002,500,72.830002,400,0.000000,0.000000
1480451240000,72.952003,72.690002,500,72.830002,400,0.000000,0.000000
1480451242000,72.952003,72.690002,500,72.830002,400,0.000000,0.000000
1480451244000,72.952003,72.690002,500,72.830002,400,0.000000,0.000000
1480451246000,72.952003,72.690002,500,72.830002,400,0.000000,0.000000
1480451248000,72.952003,72.690002,500,72.830002,400,0.000000,0.000000
1480451250000,72.952003,72.690002,500,72.830002,400,0.000000,0.000000
1480451252000,72.952003,72.690002,500,72.830002,400,0.000000,0.000000
1480451254000,72.952003,72.690002,500,72.830002,400,0.000000,0.000000
1480451256000,72.952003,72.690002,500,72.820000,300,0.000000,0.000000
1480451258000,72.952003,72.690002,500,72.820000,300,0.000000,0.000000
1480451260000,72.952003,72.690002,500,72.820000,300,0.000000,0.000000
1480451262000,72.952003,72.690002,500,72.820000,300,0.000000,0.000000
1480451264000,72.952003,72.690002,500,72.820000,300,0.000000,0.000000
1480451266000,72.952003,72.690002,500,72.820000,300,0.000000,0.000000
1480451268000,72.952003,72.690002,500,72.820000,300,0.000000,0.000000
1480451270000,72.952003,72.690002,500,72.820000,300,0.000000,0.000000
1480451272000,72.952003,72.690002,500,72.820000,300,0.000000,0.000000
1480451274000,72.952003,72.690002,500,72.820000,300,0.000000,0.000000
1480451276000,72.952003,72.690002,500,72.820000,300,0.000000,0.000000
1480451279000,72.952003,72.690002,500,72.820000,300,0.000000,0.000000
1480451281000,72.952003,72.690002,500,72.820000,300,0.000000,0.000000
1480451283000,72.952003,72.690002,500,72.820000,300,0.000000,0.000000
1480451285000,72.952003,72.690002,500,72.820000,300,0.000000,0.000000
1480451287000,72.952003,72.690002,500,72.820000,300,0.000000,0.000000
1480451289000,72.952003,72.690002,500,72.820000,300,0.000000,0.000000
1480451291000,72.952003,72.690002,500,72.820000,300,0.000000,0.000000
1480451293000,72.952003,72.690002,500,72.820000,300,0.000000,0.000000
1480451295000,72.952003,72.690002,500,72.820000,300,0.000000,0.000000
1480451297000,72.952003,72.690002,500,72.820000,300,0.000000,0.000000
1480451299000,72.952003,72.690002,500,72.820000,300,0.000000,0.000000
1480451301000,72.952003,72.690002,500,72.820000,300,0.000000,0.000000
1480451303000,72.952003,72.690002,500,72.820000,300,0.000000,0.000000
1480451305000,72.952003,72.690002,500,72.820000,300,0.000000,0.000000
1480451307000,72.952003,72.690002,500,72.820000,300,0.000000,0.000000
1480451309000,72.919998,72.690002,500,72.820000,300,0.000000,0.000000
1480451311000,72.919998,72.690002,500,72.820000,300,0.000000,0.000000
1480451314000,72.919998,72.690002,500,72.820000,300,0.000000,0.000000
1480451316000,72.919998,72.690002,700,72.820000,300,0.000000,0.000000
1480451318000,72.919998,72.690002,800,72.820000,400,0.000000,0.000000
1480451320000,72.919998,72.690002,800,72.820000,400,0.000000,0.000000
1480451322000,72.919998,72.690002,800,72.820000,400,0.000000,0.000000
1480451324000,72.919998,72.690002,800,72.820000,400,0.000000,0.000000
1480451326000,72.919998,72.690002,800,72.820000,400,0.000000,0.000000
1480451328000,72.919998,72.690002,800,72.820000,400,0.000000,0.000000
1480451330000,72.919998,72.690002,800,72.820000,400,0.000000,0.000000
1480451332000,72.919998,72.690002,800,72.820000,400,0.000000,0.000000
1480451334000,72.919998,72.690002,800,72.820000,400,0.000000,0.000000
1480451336000,72.919998,72.690002,800,72.820000,400,0.000000,0.000000
1480451338000,72.919998,72.690002,800,72.820000,400,0.000000,0.000000
1480451340000,72.919998,72.690002,800,72.820000,400,0.000000,0.000000
1480451342000,72.919998,72.690002,800,72.820000,400,0.000000,0.000000
1480451344000,72.919998,72.690002,800,72.820000,400,0.000000,0.000000
1480451346000,72.919998,72.690002,800,72.820000,400,0.000000,0.000000
1480451348000,72.919998,72.690002,800,72.820000,400,0.000000,0.000000
1480451350000,72.919998,72.690002,800,72.820000,400,0.000000,0.000000
1480451352000,72.919998,72.690002,800,72.820000,400,0.000000,0.000000
1480451355000,72.919998,72.690002,800,72.820000,400,0.000000,0.000000
1480451357000,72.919998,72.690002,800,72.820000,400,0.000000,0.000000
1480451359000,72.919998,72.690002,800,72.820000,400,0.000000,0.000000
1480451361000,72.919998,72.690002,800,72.820000,400,0.000000,0.000000
1480451363000,72.919998,72.690002,800,72.820000,400,0.000000,0.000000
1480451365000,72.919998,72.690002,800,72.820000,400,0.000000,0.000000
1480451367000,72.919998,72.690002,800,72.820000,400,0.000000,0.000000
1480451369000,72.919998,72.690002,800,72.820000,400,0.000000,0.000000
1480451371000,72.919998,72.690002,800,72.820000,400,0.000000,0.000000
1480451373000,72.919998,72.690002,800,72.820000,400,0.000000,0.000000
1480451375000,72.919998,72.690002,800,72.820000,400,0.000000,0.000000
1480451377000,72.919998,72.690002,800,72.820000,400,0.000000,0.000000
1480451379000,72.919998,72.690002,800,72.820000,400,0.000000,0.000000
1480451381000,72.919998,72.690002,800,72.820000,400,0.000000,0.000000
1480451383000,72.919998,72.690002,800,72.820000,400,0.000000,0.000000
1480451385000,72.919998,72.690002,800,72.820000,400,0.000000,0.000000
1480451387000,72.919998,72.690002,800,72.820000,400,0.000000,0.000000
1480451389000,72.919998,72.690002,800,72.820000,400,0.000000,0.000000
1480451391000,72.919998,72.690002,800,72.820000,400,0.000000,0.000000
1480451394000,72.919998,72.690002,800,72.820000,400,0.000000,0.000000
1480451396000,72.919998,72.690002,800,72.820000,400,0.000000,0.000000
1480451398000,72.919998,72.690002,800,72.820000,400,0.000000,0.000000
1480451400000,72.919998,72.690002,800,72.820000,400,0.000000,0.000000
1480451402000,72.919998,72.690002,800,72.820000,400,0.000000,0.000000
1480451404000,72.919998,72.690002,800,72.820000,400,0.000000,0.000000
1480451406000,72.919998,72.690002,800,72.820000,400,0.000000,0.000000
1480451408000,72.919998,72.690002,800,72.820000,400,0.000000,0.000000
1480451410000,72.919998,72.690002,800,72.820000,400,0.000000,0.000000
1480451412000,72.919998,72.690002,800,72.820000,400,0.000000,0.000000
1480451414000,72.919998,72.690002,800,72.820000,400,0.000000,0.000000
1480451416000,72.949699,72.690002,800,72.820000,400,0.000000,0.000000
1480451418000,72.949699,72.690002,800,72.820000,400,0.000000,0.000000
1480451421000,72.949699,72.690002,800,72.820000,400,0.000000,0.000000
1480451423000,72.949699,72.690002,800,72.820000,400,0.000000,0.000000
1480451425000,72.949699,72.690002,800,72.820000,400,0.000000,0.000000
1480451427000,72.949997,72.690002,800,72.820000,400,0.000000,0.000000
1480451429000,72.949997,72.690002,800,72.820000,400,0.000000,0.000000
1480451431000,72.949997,72.690002,800,72.820000,400,0.000000,0.000000
1480451433000,72.949997,72.690002,800,72.820000,400,0.000000,0.000000
1480451435000,72.910004,72.750000,500,72.820000,400,0.000000,0.000000
1480451437000,72.910004,72.769997,100,72.820000,100,0.000000,0.000000
1480451439000,72.910004,72.769997,100,72.820000,100,0.000000,0.000000
1480451441000,72.910004,72.769997,100,72.820000,100,0.000000,0.000000
1480451443000,72.910004,72.769997,100,72.820000,100,0.000000,0.000000
1480451445000,72.910004,72.769997,100,72.820000,100,0.000000,0.000000
1480451447000,72.910004,72.769997,100,72.820000,100,0.000000,0.000000
1480451449000,72.910004,72.769997,100,72.820000,100,0.000000,0.000000
1480451452000,72.910004,72.769997,100,72.820000,100,0.000000,0.000000
1480451454000,72.910004,72.769997,100,72.820000,100,0.000000,0.000000
1480451456000,72.910004,72.769997,100,72.820000,100,0.000000,0.000000
1480451458000,72.910004,72.769997,100,72.820000,100,0.000000,0.000000
1480451460000,72.910004,72.769997,100,72.820000,100,0.000000,0.000000
1480451462000,72.910004,72.769997,100,72.820000,100,0.000000,0.000000
1480451464000,72.910004,72.769997,100,72.820000,100,0.000000,0.000000
1480451466000,72.910004,72.769997,100,72.820000,100,0.000000,0.000000
1480451468000,72.910004,72.769997,100,72.820000,100,0.000000,0.000000
1480451470000,72.910004,72.769997,100,72.820000,100,0.000000,0.000000
1480451472000,72.910004,72.769997,100,72.820000,100,0.000000,0.000000
1480451474000,72.910004,72.769997,100,72.820000,100,0.000000,0.000000
1480451476000,72.910004,72.769997,100,72.820000,100,0.000000,0.000000
1480451478000,72.919998,72.769997,100,72.820000,100,0.000000,0.000000
1480451480000,72.919998,72.769997,100,72.820000,100,0.000000,0.000000
1480451482000,72.919998,72.769997,100,72.820000,100,0.000000,0.000000
1480451484000,72.940002,72.769997,100,72.820000,100,0.000000,0.000000
1480451486000,72.940002,72.769997,100,72.820000,100,0.000000,0.000000
1480451488000,72.940002,72.769997,100,72.820000,100,0.000000,0.000000
1480451491000,72.940002,72.769997,100,72.820000,100,0.000000,0.000000
1480451493000,72.940002,72.769997,100,72.820000,100,0.000000,0.000000
1480451495000,72.940002,72.769997,100,72.839996,100,0.000000,0.000000
1480451497000,72.940002,72.769997,100,72.839996,100,0.000000,0.000000
1480451499000,72.940002,72.769997,100,72.839996,100,0.000000,0.000000
1480451501000,72.940002,72.769997,100,72.839996,100,0.000000,0.000000
1480451503000,72.940002,72.769997,100,72.839996,100,0.000000,0.000000
1480451505000,72.940002,72.769997,100,72.839996,100,0.000000,0.000000
1480451507000,72.940002,72.769997,100,72.839996,100,0.000000,0.000000
1480451509000,72.940002,72.769997,100,72.839996,100,0.000000,0.000000
1480451511000,72.900002,72.769997,100,72.839996,100,0.000000,0.000000
1480451513000,72.900002,72.769997,100,72.839996,100,0.000000,0.000000
1480451515000,72.900002,72.769997,100,72.839996,100,0.000000,0.000000
1480451517000,72.900002,72.769997,100,72.839996,100,0.000000,0.000000
1480451519000,72.900002,72.769997,100,72.839996,100,0.000000,0.000000
1480451521000,72.900002,72.769997,100,72.839996,100,0.000000,0.000000
1480451523000,72.900002,72.769997,100,72.839996,100,0.000000,0.000000
1480451525000,72.900002,72.769997,100,72.839996,100,0.000000,0.000000
1480451527000,72.900002,72.769997,100,72.839996,100,0.000000,0.000000
1480451529000,72.900002,72.769997,100,72.839996,100,0.000000,0.000000
1480451532000,72.900002,72.769997,100,72.839996,100,0.000000,0.000000
1480451534000,72.900002,72.769997,100,72.839996,100,0.000000,0.000000
1480451536000,72.900002,72.769997,100,72.839996,100,0.000000,0.000000
1480451538000,72.900002,72.769997,100,72.839996,100,0.000000,0.000000
1480451540000,72.900002,72.769997,100,72.839996,100,0.000000,0.000000
1480451542000,72.900002,72.769997,100,72.839996,100,0.000000,0.000000
1480451544000,72.900002,72.769997,100,72.839996,100,0.000000,0.000000
1480451546000,72.900002,72.769997,100,72.839996,100,0.000000,0.000000
1480451548000,72.900002,72.769997,100,72.839996,100,0.000000,0.000000
1480451550000,72.900002,72.769997,100,72.839996,100,0.000000,0.000000
1480451552000,72.900002,72.769997,100,72.839996,100,0.000000,0.000000
1480451554000,72.900002,72.769997,100,72.839996,100,0.000000,0.000000
1480451556000,72.900002,72.779999,300,72.870003,100,0.000000,0.000000
1480451558000,72.900002,72.779999,300,72.870003,100,0.000000,0.000000
1480451560000,72.900002,72.779999,300,72.870003,100,0.000000,0.000000
1480451562000,72.919998,72.779999,300,72.870003,100,0.000000,0.000000
1480451564000,72.919998,72.779999,300,72.870003,100,0.000000,0.000000
1480451566000,72.919998,72.779999,300,72.870003,100,0.000000,0.000000
1480451568000,72.919998,72.779999,300,72.870003,100,0.000000,0.000000
1480451570000,72.919998,72.779999,300,72.870003,100,0.000000,0.000000
1480451572000,72.919998,72.779999,300,72.870003,100,0.000000,0.000000
1480451575000,72.919998,72.779999,300,72.870003,100,0.000000,0.000000
1480451577000,72.919998,72.779999,300,72.870003,100,0.000000,0.000000
1480451579000,72.919998,72.779999,300,72.870003,100,0.000000,0.000000
1480451581000,72.919998,72.779999,300,72.870003,100,0.000000,0.000000
1480451583000,72.919998,72.779999,300,72.870003,100,0.000000,0.000000
1480451585000,72.919998,72.779999,300,72.870003,100,0.000000,0.000000
1480451587000,72.919998,72.779999,300,72.870003,100,0.000000,0.000000
1480451589000,72.919998,72.779999,300,72.870003,100,0.000000,0.000000
1480451591000,72.919998,72.779999,300,72.870003,100,0.000000,0.000000
1480451593000,72.919998,72.779999,300,72.870003,100,0.000000,0.000000
1480451595000,72.919998,72.779999,300,72.870003,100,0.000000,0.000000
1480451597000,72.919998,72.779999,300,72.870003,100,0.000000,0.000000
1480451599000,72.919998,72.779999,300,72.870003,100,0.000000,0.000000
1480451601000,72.919998,72.779999,300,72.870003,100,0.000000,0.000000
1480451603000,72.919998,72.779999,300,72.870003,100,0.000000,0.000000
1480451605000,72.919998,72.779999,300,72.870003,100,0.000000,0.000000
1480451607000,72.919998,72.779999,300,72.870003,100,0.000000,0.000000
1480451610000,72.919998,72.779999,300,72.870003,100,0.000000,0.000000
1480451612000,72.919998,72.779999,300,72.870003,100,0.000000,0.000000
1480451614000,72.919998,72.779999,300,72.870003,100,0.000000,0.000000
1480451616000,72.919998,72.800003,200,72.870003,200,0.000000,0.000000
1480451618000,72.919998,72.800003,200,72.870003,200,0.000000,0.000000
1480451620000,72.919998,72.800003,200,72.870003,200,0.000000,0.000000
1480451622000,72.919998,72.800003,200,72.870003,200,0.000000,0.000000
1480451624000,72.919998,72.800003,200,72.870003,200,0.000000,0.000000
1480451626000,72.919998,72.800003,200,72.870003,200,0.000000,0.000000
1480451628000,72.919998,72.800003,200,72.870003,200,0.000000,0.000000
1480451630000,72.919998,72.800003,200,72.870003,200,0.000000,0.000000
1480451632000,72.919998,72.800003,200,72.870003,200,0.000000,0.000000
1480451634000,72.919998,72.800003,200,72.870003,200,0.000000,0.000000
1480451636000,72.919998,72.800003,200,72.870003,200,0.000000,0.000000
1480451638000,72.919998,72.800003,200,72.870003,200,0.000000,0.000000
1480451640000,72.919998,72.800003,200,72.870003,200,0.000000,0.000000
1480451642000,72.919998,72.800003,200,72.870003,200,0.000000,0.000000
1480451644000,72.919998,72.800003,200,72.870003,200,0.000000,0.000000
1480451647000,72.919998,72.800003,200,72.870003,200,0.000000,0.000000
1480451649000,72.930000,72.800003,200,72.870003,200,0.000000,0.000000
1480451651000,72.930000,72.800003,200,72.870003,200,0.000000,0.000000
1480451653000,72.930000,72.800003,200,72.870003,200,0.000000,0.000000
1480451655000,72.930000,72.800003,200,72.870003,200,0.000000,0.000000
1480451657000,72.930000,72.800003,200,72.870003,200,0.000000,0.000000
1480451659000,72.930000,72.800003,200,72.870003,200,0.000000,0.000000
1480451661000,72.930000,72.800003,200,72.870003,200,0.000000,0.000000
1480451663000,72.930000,72.800003,200,72.870003,200,0.000000,0.000000
1480451665000,72.930000,72.800003,200,72.870003,200,0.000000,0.000000
1480451667000,72.930000,72.800003,200,72.870003,200,0.000000,0.000000
1480451669000,72.930000,72.800003,200,72.870003,200,0.000000,0.000000
1480451671000,72.930000,72.800003,200,72.870003,200,0.000000,0.000000
1480451673000,72.930000,72.800003,200,72.870003,200,0.000000,0.000000
1480451675000,72.930000,72.800003,300,72.870003,300,0.000000,0.000000
1480451677000,72.930000,72.800003,300,72.870003,300,0.000000,0.000000
1480451679000,72.930000,72.800003,300,72.870003,300,0.000000,0.000000
1480451681000,72.930000,72.800003,300,72.870003,300,0.000000,0.000000
1480451683000,72.930000,72.800003,300,72.870003,300,0.000000,0.000000
1480451686000,72.930000,72.800003,300,72.870003,300,0.000000,0.000000
1480451688000,72.930000,72.800003,300,72.870003,300,0.000000,0.000000
1480451690000,72.930000,72.800003,300,72.870003,300,0.000000,0.000000
1480451692000,72.930000,72.800003,300,72.870003,300,0.000000,0.000000
1480451694000,72.930000,72.800003,300,72.870003,300,0.000000,0.000000
1480451696000,72.930000,72.800003,300,72.870003,300,0.000000,0.000000
1480451698000,72.930000,72.800003,300,72.870003,300,0.000000,0.000000
1480451700000,72.930000,72.800003,300,72.870003,300,0.000000,0.000000
1480451702000,72.930000,72.800003,300,72.870003,300,0.000000,0.000000
1480451704000,72.930000,72.800003,300,72.870003,300,0.000000,0.000000
1480451706000,72.930000,72.800003,300,72.870003,300,0.000000,0.000000
1480451708000,72.930000,72.800003,300,72.870003,300,0.000000,0.000000
1480451710000,72.930000,72.800003,300,72.870003,300,0.000000,0.000000
1480451712000,72.930000,72.800003,300,72.870003,300,0.000000,0.000000
1480451714000,72.930000,72.800003,300,72.870003,300,0.000000,0.000000
1480451716000,72.930000,72.800003,300,72.870003,300,0.000000,0.000000
1480451718000,72.930000,72.800003,300,72.870003,300,0.000000,0.000000
1480451720000,72.930000,72.800003,300,72.870003,300,0.000000,0.000000
1480451723000,72.930000,72.800003,300,72.870003,300,0.000000,0.000000
1480451725000,72.930000,72.800003,300,72.870003,300,0.000000,0.000000
1480451727000,72.930000,72.800003,300,72.870003,300,0.000000,0.000000
1480451729000,72.930000,72.800003,300,72.870003,300,0.000000,0.000000
1480451731000,72.930000,72.800003,300,72.870003,300,0.000000,0.000000
1480451733000,72.930000,72.800003,300,72.870003,300,0.000000,0.000000
1480451735000,72.930000,72.820000,100,72.870003,100,0.000000,0.000000
1480451737000,72.930000,72.820000,100,72.870003,100,0.000000,0.000000
1480451739000,72.930000,72.820000,100,72.870003,100,0.000000,0.000000
1480451741000,72.930000,72.820000,100,72.870003,100,0.000000,0.000000
1480451743000,72.930000,72.820000,100,72.870003,100,0.000000,0.000000
1480451745000,72.930000,72.820000,100,72.870003,100,0.000000,0.000000
1480451747000,72.930000,72.820000,100,72.870003,100,0.000000,0.000000
1480451749000,72.939697,72.820000,100,72.870003,100,0.000000,0.000000
1480451751000,72.939697,72.820000,100,72.870003,100,0.000000,0.000000
1480451753000,72.939697,72.820000,100,72.870003,100,0.000000,0.000000
1480451755000,72.939697,72.820000,100,72.870003,100,0.000000,0.000000
1480451757000,72.939697,72.820000,100,72.870003,100,0.000000,0.000000
1480451759000,72.939697,72.820000,100,72.870003,100,0.000000,0.000000
1480451762000,72.939697,72.820000,100,72.870003,100,0.000000,0.000000
1480451764000,72.919998,72.820000,100,72.870003,100,0.000000,0.000000
1480451766000,72.919998,72.820000,100,72.870003,100,0.000000,0.000000
1480451768000,72.919998,72.820000,100,72.870003,100,0.000000,0.000000
1480451770000,72.919998,72.820000,100,72.870003,100,0.000000,0.000000
1480451772000,72.919998,72.820000,100,72.870003,100,0.000000,0.000000
1480451774000,72.919998,72.820000,100,72.870003,100,0.000000,0.000000
1480451776000,72.919998,72.820000,100,72.870003,100,0.000000,0.000000
1480451778000,72.919998,72.820000,100,72.870003,100,0.000000,0.000000
1480451780000,72.919998,72.820000,100,72.870003,100,0.000000,0.000000
1480451782000,72.919998,72.820000,100,72.870003,100,0.000000,0.000000
1480451784000,72.919998,72.820000,100,72.870003,100,0.000000,0.000000
1480451786000,72.919998,72.820000,100,72.870003,100,0.000000,0.000000
1480451788000,72.919998,72.820000,100,72.870003,100,0.000000,0.000000
1480451790000,72.919998,72.820000,100,72.870003,100,0.000000,0.000000
1480451792000,72.919998,72.820000,100,72.870003,100,0.000000,0.000000
1480451794000,72.919998,72.860001,200,72.900002,100,0.000000,0.000000
1480451796000,72.919998,72.860001,200,72.900002,100,0.000000,0.000000
1480451799000,72.919998,72.860001,200,72.900002,100,0.000000,0.000000
1480451801000,72.919998,72.860001,200,72.900002,100,0.000000,0.000000
1480451803000,72.919998,72.860001,200,72.900002,100,0.000000,0.000000
1480451805000,72.919998,72.860001,200,72.900002,100,0.000000,0.000000
1480451807000,72.919998,72.860001,200,72.900002,100,0.000000,0.000000
1480451809000,72.919998,72.860001,200,72.900002,100,0.000000,0.000000
1480451811000,72.919998,72.860001,200,72.900002,100,0.000000,0.000000
1480451813000,72.919998,72.860001,200,72.900002,100,0.000000,0.000000
1480451815000,72.919998,72.860001,200,72.900002,100,0.000000,0.000000
1480451817000,72.919998,72.860001,200,72.900002,100,0.000000,0.000000
1480451819000,72.919998,72.860001,200,72.900002,100,0.000000,0.000000
1480451821000,72.919998,72.860001,200,72.900002,100,0.000000,0.000000
1480451823000,72.919998,72.860001,200,72.900002,100,0.000000,0.000000
1480451825000,72.919998,72.860001,200,72.900002,100,0.000000,0.000000
1480451827000,72.919998,72.860001,200,72.900002,100,0.000000,0.000000
1480451829000,72.940002,72.860001,200,72.900002,100,0.000000,0.000000
1480451832000,72.940002,72.860001,200,72.900002,100,0.000000,0.000000
1480451834000,72.940002,72.860001,200,72.900002,100,0.000000,0.000000
1480451836000,72.940002,72.860001,200,72.900002,100,0.000000,0.000000
1480451838000,72.940002,72.860001,200,72.900002,100,0.000000,0.000000
1480451840000,72.940002,72.860001,200,72.900002,100,0.000000,0.000000
1480451842000,72.940002,72.860001,200,72.900002,100,0.000000,0.000000
1480451844000,72.940002,72.860001,200,72.900002,100,0.000000,0.000000
1480451846000,72.940002,72.860001,200,72.900002,100,0.000000,0.000000
1480451848000,72.940002,72.860001,200,72.900002,100,0.000000,0.000000
1480451850000,72.940002,72.860001,200,72.900002,100,0.000000,0.000000
1480451852000,72.940002,72.860001,200,72.900002,100,0.000000,0.000000
1480451854000,72.940002,72.860001,200,72.900002,100,0.000000,0.000000
1480451856000,72.940002,72.870003,200,72.910004,100,0.000000,0.000000
1480451858000,72.940002,72.870003,200,72.910004,100,0.000000,0.000000
1480451860000,72.940002,72.870003,200,72.910004,100,0.000000,0.000000
1480451862000,72.940002,72.870003,200,72.910004,100,0.000000,0.000000
1480451864000,72.940002,72.870003,200,72.910004,100,0.000000,0.000000
1480451866000,72.940002,72.870003,200,72.910004,100,0.000000,0.000000
1480451868000,72.940002,72.870003,200,72.910004,100,0.000000,0.000000
1480451870000,72.940002,72.870003,200,72.910004,100,0.000000,0.000000
1480451873000,72.940002,72.870003,200,72.910004,100,0.000000,0.000000
1480451875000,72.940002,72.870003,200,72.910004,100,0.000000,0.000000
1480451877000,72.940002,72.870003,200,72.910004,100,0.000000,0.000000
1480451879000,72.940002,72.870003,200,72.910004,100,0.000000,0.000000
1480451881000,72.940002,72.870003,200,72.910004,100,0.000000,0.000000
1480451883000,72.940002,72.870003,200,72.910004,100,0.000000,0.000000
1480451885000,72.940002,72.870003,200,72.910004,100,0.000000,0.000000
1480451887000,72.940002,72.870003,200,72.910004,100,0.000000,0.000000
1480451889000,72.940002,72.870003,200,72.910004,100,0.000000,0.000000
1480451891000,72.940002,72.870003,200,72.910004,100,0.000000,0.000000
1480451893000,72.940002,72.870003,200,72.910004,100,0.000000,0.000000
1480451895000,72.940002,72.870003,200,72.910004,100,0.000000,0.000000
1480451897000,72.940002,72.870003,200,72.910004,100,0.000000,0.000000
1480451899000,72.940002,72.870003,200,72.910004,100,0.000000,0.000000
1480451901000,72.940002,72.870003,200,72.910004,100,0.000000,0.000000
1480451903000,72.940002,72.870003,200,72.910004,100,0.000000,0.000000
1480451905000,72.940002,72.870003,200,72.910004,100,0.000000,0.000000
1480451907000,72.940002,72.870003,200,72.910004,100,0.000000,0.000000
1480451909000,72.940002,72.870003,200,72.910004,100,0.000000,0.000000
1480451911000,72.940002,72.870003,200,72.910004,100,0.000000,0.000000
1480451914000,72.940002,72.870003,200,72.910004,100,0.000000,0.000000
1480451916000,72.940002,72.870003,200,72.910004,100,0.000000,0.000000
1480451918000,72.940002,72.870003,200,72.930000,100,0.000000,0.000000
1480451920000,72.940002,72.870003,200,72.930000,100,0.000000,0.000000
1480451922000,72.939697,72.870003,200,72.930000,100,0.000000,0.000000
1480451924000,72.939697,72.870003,200,72.930000,100,0.000000,0.000000
1480451926000,72.939697,72.870003,200,72.930000,100,0.000000,0.000000
1480451928000,72.939697,72.870003,200,72.930000,100,0.000000,0.000000
1480451930000,72.939697,72.870003,200,72.930000,100,0.000000,0.000000
1480451932000,72.939697,72.870003,200,72.930000,100,0.000000,0.000000
1480451934000,72.939697,72.870003,200,72.930000,100,0.000000,0.000000
1480451936000,72.939697,72.870003,200,72.930000,100,0.000000,0.000000
1480451938000,72.939697,72.870003,200,72.930000,100,0.000000,0.000000
1480451940000,72.925003,72.870003,200,72.930000,100,0.000000,0.000000
1480451942000,72.925003,72.870003,200,72.930000,100,0.000000,0.000000
1480451944000,72.925003,72.870003,200,72.930000,100,0.000000,0.000000
1480451946000,72.925003,72.870003,200,72.930000,100,0.000000,0.000000
1480451948000,72.925003,72.870003,200,72.930000,100,0.000000,0.000000
1480451950000,72.940002,72.870003,200,72.930000,100,0.000000,0.000000
1480451953000,72.940002,72.870003,200,72.930000,100,0.000000,0.000000
1480451955000,72.940002,72.870003,200,72.930000,100,0.000000,0.000000
1480451957000,72.940002,72.870003,200,72.930000,100,0.000000,0.000000
1480451959000,72.940002,72.870003,200,72.930000,100,0.000000,0.000000
1480451961000,72.940002,72.870003,200,72.930000,100,0.000000,0.000000
1480451963000,72.940002,72.870003,200,72.930000,100,0.000000,0.000000
1480451965000,72.940002,72.870003,200,72.930000,100,0.000000,0.000000
1480451967000,72.940002,72.870003,200,72.930000,100,0.000000,0.000000
1480451969000,72.940002,72.870003,200,72.930000,100,0.000000,0.000000
1480451971000,72.940002,72.870003,200,72.930000,100,0.000000,0.000000
1480451973000,72.940002,72.870003,200,72.930000,100,0.000000,0.000000
1480451975000,72.940002,72.870003,400,72.940002,100,0.000000,0.000000
1480451977000,72.940002,72.870003,400,72.940002,100,0.000000,0.000000
1480451979000,72.940002,72.870003,400,72.940002,100,0.000000,0.000000
1480451981000,72.879997,72.870003,400,72.940002,100,0.000000,0.000000
1480451983000,72.879997,72.870003,400,72.940002,100,0.000000,0.000000
1480451985000,72.879997,72.870003,400,72.940002,100,0.000000,0.000000
1480451988000,72.879997,72.870003,400,72.940002,100,0.000000,0.000000
1480451990000,72.889999,72.870003,400,72.940002,100,0.000000,0.000000
1480451992000,72.919998,72.870003,400,72.940002,100,0.000000,0.000000
1480451994000,72.919998,72.870003,400,72.940002,100,0.000000,0.000000
1480451996000,72.919998,72.870003,400,72.940002,100,0.000000,0.000000
1480451998000,72.919998,72.870003,400,72.940002,100,0.000000,0.000000
1480452001000,72.919998,72.870003,400,72.940002,100,0.000000,0.000000
1480452003000,72.919998,72.870003,400,72.940002,100,0.000000,0.000000
1480452005000,72.919998,72.870003,400,72.940002,100,0.000000,0.000000
1480452007000,72.919998,72.870003,400,72.940002,100,0.000000,0.000000
1480452009000,72.919998,72.870003,400,72.940002,100,0.000000,0.000000
1480452011000,72.919998,72.870003,400,72.940002,100,0.000000,0.000000
1480452013000,72.919998,72.870003,400,72.940002,100,0.000000,0.000000
1480452015000,72.919998,72.870003,400,72.940002,100,0.000000,0.000000
1480452017000,72.919998,72.870003,400,72.940002,100,0.000000,0.000000
1480452019000,72.919998,72.870003,400,72.940002,100,0.000000,0.000000
1480452021000,72.919998,72.870003,400,72.940002,100,0.000000,0.000000
1480452023000,72.919998,72.870003,400,72.940002,100,0.000000,0.000000
1480452025000,72.919998,72.870003,400,72.940002,100,0.000000,0.000000
1480452027000,72.919998,72.870003,400,72.940002,100,0.000000,0.000000
1480452029000,72.919998,72.870003,400,72.940002,100,0.000000,0.000000
1480452031000,72.919998,72.870003,400,72.940002,100,0.000000,0.000000
1480452033000,72.919998,72.870003,400,72.940002,100,0.000000,0.000000
1480452035000,72.919998,72.879997,200,72.959999,100,0.000000,0.000000
1480452037000,72.919998,72.879997,200,72.959999,100,0.000000,0.000000
1480452040000,72.919998,72.879997,200,72.959999,100,0.000000,0.000000
1480452042000,72.919998,72.879997,200,72.959999,100,0.000000,0.000000
1480452044000,72.919998,72.879997,200,72.959999,100,0.000000,0.000000
1480452046000,72.919998,72.879997,200,72.959999,100,0.000000,0.000000
1480452048000,72.919998,72.879997,200,72.959999,100,0.000000,0.000000
1480452050000,72.919998,72.879997,200,72.959999,100,0.000000,0.000000
1480452052000,72.919998,72.879997,200,72.959999,100,0.000000,0.000000
1480452054000,72.919998,72.879997,200,72.959999,100,0.000000,0.000000
1480452056000,72.919998,72.879997,200,72.959999,100,0.000000,0.000000
1480452058000,72.919998,72.879997,200,72.959999,100,0.000000,0.000000
1480452060000,72.919998,72.879997,200,72.959999,100,0.000000,0.000000
1480452062000,72.919998,72.879997,200,72.959999,100,0.000000,0.000000
1480452064000,72.919998,72.879997,200,72.959999,100,0.000000,0.000000
1480452066000,72.879997,72.879997,200,72.959999,100,0.000000,0.000000
1480452068000,72.879997,72.879997,200,72.959999,100,0.000000,0.000000
1480452070000,72.879997,72.879997,200,72.959999,100,0.000000,0.000000
1480452072000,72.879997,72.879997,200,72.959999,100,0.000000,0.000000
1480452074000,72.879997,72.879997,200,72.959999,100,0.000000,0.000000
1480452076000,72.879997,72.879997,200,72.959999,100,0.000000,0.000000
1480452078000,72.879997,72.879997,200,72.959999,100,0.000000,0.000000
1480452081000,72.879997,72.879997,200,72.959999,100,0.000000,0.000000
1480452083000,72.879997,72.879997,200,72.959999,100,0.000000,0.000000
1480452085000,72.879997,72.879997,200,72.959999,100,0.000000,0.000000
1480452087000,72.879997,72.879997,200,72.959999,100,0.000000,0.000000
1480452089000,72.879997,72.879997,200,72.959999,100,0.000000,0.000000
1480452091000,72.879997,72.879997,200,72.959999,100,0.000000,0.000000
1480452093000,72.879997,72.879997,200,72.959999,100,0.000000,0.000000
1480452095000,72.879997,72.879997,200,72.959999,100,0.000000,0.000000
1480452097000,72.879997,72.879997,200,72.959999,100,0.000000,0.000000
1480452099000,72.879997,72.879997,200,72.959999,100,0.000000,0.000000
1480452101000,72.879997,72.879997,200,72.959999,100,0.000000,0.000000
1480452103000,72.879997,72.879997,200,72.959999,100,0.000000,0.000000
1480452105000,72.879997,72.879997,200,72.959999,100,0.000000,0.000000
1480452107000,72.879997,72.879997,200,72.959999,100,0.000000,0.000000
1480452109000,72.879997,72.879997,200,72.959999,100,0.000000,0.000000
1480452111000,72.879997,72.879997,200,72.959999,100,0.000000,0.000000
1480452113000,72.879997,72.879997,200,72.959999,100,0.000000,0.000000
1480452116000,72.879997,72.879997,200,72.959999,100,0.000000,0.000000
1480452118000,72.879997,72.879997,200,72.959999,100,0.000000,0.000000
1480452120000,72.879997,72.879997,200,72.959999,100,0.000000,0.000000
1480452122000,72.879997,72.879997,200,72.959999,100,0.000000,0.000000
1480452124000,72.879997,72.879997,200,72.959999,100,0.000000,0.000000
1480452126000,72.879997,72.879997,200,72.959999,100,0.000000,0.000000
1480452128000,72.879997,72.879997,200,72.959999,100,0.000000,0.000000
1480452130000,72.879997,72.879997,200,72.959999,100,0.000000,0.000000
1480452132000,72.879997,72.879997,200,72.959999,100,0.000000,0.000000
1480452134000,72.769997,72.879997,200,72.959999,100,0.000000,0.000000
1480452136000,72.769997,72.879997,200,72.959999,100,0.000000,0.000000
1480452138000,72.769997,72.879997,200,72.959999,100,0.000000,0.000000
1480452140000,72.870003,72.879997,200,72.959999,100,0.000000,0.000000
1480452142000,72.870003,72.879997,200,72.959999,100,0.000000,0.000000
1480452144000,72.870003,72.879997,200,72.959999,100,0.000000,0.000000
1480452146000,72.870003,72.879997,200,72.959999,100,0.000000,0.000000
1480452148000,72.870003,72.879997,200,72.959999,100,0.000000,0.000000
1480452150000,72.870003,72.879997,200,72.959999,100,0.000000,0.000000
1480452152000,72.870003,72.879997,200,72.959999,100,0.000000,0.000000
1480452155000,72.870003,72.879997,200,72.959999,100,0.000000,0.000000
1480452157000,72.870003,72.879997,200,72.959999,100,0.000000,0.000000
1480452159000,72.809998,72.879997,200,72.959999,100,0.000000,0.000000
1480452161000,72.809998,72.879997,200,72.959999,100,0.000000,0.000000
1480452163000,72.809998,72.879997,200,72.959999,100,0.000000,0.000000
1480452165000,72.809998,72.879997,200,72.959999,100,0.000000,0.000000
1480452167000,72.809998,72.879997,200,72.959999,100,0.000000,0.000000
1480452169000,72.809998,72.879997,200,72.959999,100,0.000000,0.000000
1480452171000,72.809998,72.879997,200,72.959999,100,0.000000,0.000000
1480452173000,72.809998,72.879997,200,72.959999,100,0.000000,0.000000
1480452175000,72.809998,72.879997,200,72.959999,100,0.000000,0.000000
1480452177000,72.809998,72.879997,200,72.959999,100,0.000000,0.000000
1480452179000,72.809998,72.879997,200,72.959999,100,0.000000,0.000000
1480452181000,72.809998,72.879997,200,72.959999,100,0.000000,0.000000
1480452183000,72.809998,72.879997,200,72.959999,100,0.000000,0.000000
1480452185000,72.809998,72.879997,200,72.959999,100,0.000000,0.000000
1480452187000,72.809998,72.879997,200,72.959999,100,0.000000,0.000000
1480452189000,72.809998,72.879997,200,72.959999,100,0.000000,0.000000
1480452192000,72.809998,72.879997,200,72.959999,100,0.000000,0.000000
1480452194000,72.809998,72.879997,200,72.959999,100,0.000000,0.000000
1480452196000,72.809998,72.879997,200,72.959999,100,0.000000,0.000000
1480452198000,72.809998,72.879997,200,72.959999,100,0.000000,0.000000
1480452200000,72.809998,72.879997,200,72.959999,100,0.000000,0.000000
1480452202000,72.809998,72.879997,200,72.959999,100,0.000000,0.000000
1480452204000,72.809998,72.879997,200,72.959999,100,0.000000,0.000000
1480452206000,72.809998,72.879997,200,72.959999,100,0.000000,0.000000
1480452208000,72.809998,72.879997,200,72.959999,100,0.000000,0.000000
1480452210000,72.809998,72.879997,200,72.959999,100,0.000000,0.000000
1480452212000,72.809998,72.879997,200,72.959999,100,0.000000,0.000000
1480452214000,72.809998,72.879997,200,72.959999,100,0.000000,0.000000
1480452216000,72.809998,72.879997,200,72.959999,200,0.000000,0.000000
1480452218000,72.809998,72.879997,200,72.959999,200,0.000000,0.000000
1480452220000,72.809998,72.879997,200,72.959999,200,0.000000,0.000000
1480452222000,72.809998,72.879997,200,72.959999,200,0.000000,0.000000
1480452224000,72.809998,72.879997,200,72.959999,200,0.000000,0.000000
1480452226000,72.809998,72.879997,200,72.959999,200,0.000000,0.000000
1480452228000,72.809998,72.879997,200,72.959999,200,0.000000,0.000000
1480452231000,72.809998,72.879997,200,72.959999,200,0.000000,0.000000
1480452233000,72.809998,72.879997,200,72.959999,200,0.000000,0.000000
1480452235000,72.809998,72.879997,200,72.959999,200,0.000000,0.000000
1480452237000,72.809998,72.879997,200,72.959999,200,0.000000,0.000000
1480452239000,72.809998,72.879997,200,72.959999,200,0.000000,0.000000
1480452241000,72.809998,72.879997,200,72.959999,200,0.000000,0.000000
1480452243000,72.809998,72.879997,200,72.959999,200,0.000000,0.000000
1480452245000,72.809998,72.879997,200,72.959999,200,0.000000,0.000000
1480452247000,72.809998,72.879997,200,72.959999,200,0.000000,0.000000
1480452249000,72.809998,72.879997,200,72.959999,200,0.000000,0.000000
1480452251000,72.809998,72.879997,200,72.959999,200,0.000000,0.000000
1480452253000,72.809998,72.879997,200,72.959999,200,0.000000,0.000000
1480452255000,72.809998,72.879997,200,72.959999,200,0.000000,0.000000
1480452257000,72.809998,72.879997,200,72.959999,200,0.000000,0.000000
1480452259000,72.809998,72.879997,200,72.959999,200,0.000000,0.000000
1480452261000,72.809998,72.879997,200,72.959999,200,0.000000,0.000000
1480452263000,72.809998,72.879997,200,72.959999,200,0.000000,0.000000
1480452266000,72.809998,72.879997,200,72.959999,200,0.000000,0.000000
1480452268000,72.809998,72.879997,200,72.959999,200,0.000000,0.000000
1480452270000,72.809998,72.879997,200,72.959999,200,0.000000,0.000000
1480452272000,72.809998,72.879997,200,72.959999,200,0.000000,0.000000
1480452274000,72.809998,72.879997,200,72.959999,200,0.000000,0.000000
1480452276000,72.809998,72.879997,200,72.959999,300,0.000000,0.000000
1480452278000,72.809998,72.879997,200,72.959999,300,0.000000,0.000000
1480452280000,72.809998,72.879997,200,72.959999,300,0.000000,0.000000
1480452282000,72.809998,72.879997,200,72.959999,300,0.000000,0.000000
1480452284000,72.809998,72.879997,200,72.959999,300,0.000000,0.000000
1480452286000,72.809998,72.879997,200,72.959999,300,0.000000,0.000000
1480452288000,72.809998,72.879997,200,72.959999,300,0.000000,0.000000
1480452290000,72.809998,72.879997,200,72.959999,300,0.000000,0.000000
1480452292000,72.809998,72.879997,200,72.959999,300,0.000000,0.000000
1480452294000,72.809998,72.879997,200,72.959999,300,0.000000,0.000000
1480452296000,72.809998,72.879997,200,72.959999,300,0.000000,0.000000
1480452299000,72.809998,72.879997,200,72.959999,300,0.000000,0.000000
1480452301000,72.809998,72.879997,200,72.959999,300,0.000000,0.000000
1480452303000,72.809998,72.879997,200,72.959999,300,0.000000,0.000000
1480452305000,72.809998,72.879997,200,72.959999,300,0.000000,0.000000
1480452307000,72.809998,72.879997,200,72.959999,300,0.000000,0.000000
1480452309000,72.809998,72.879997,200,72.959999,300,0.000000,0.000000
1480452311000,72.809998,72.879997,200,72.959999,300,0.000000,0.000000
1480452313000,72.809998,72.879997,200,72.959999,300,0.000000,0.000000
1480452315000,72.809998,72.879997,200,72.959999,300,0.000000,0.000000
1480452317000,72.809998,72.879997,200,72.959999,300,0.000000,0.000000
1480452319000,72.809998,72.879997,200,72.959999,300,0.000000,0.000000
1480452321000,72.809998,72.879997,200,72.959999,300,0.000000,0.000000
1480452323000,72.809998,72.879997,200,72.959999,300,0.000000,0.000000
1480452325000,72.809998,72.879997,200,72.959999,300,0.000000,0.000000
1480452327000,72.809998,72.879997,200,72.959999,300,0.000000,0.000000
1480452329000,72.809998,72.879997,200,72.959999,300,0.000000,0.000000
1480452331000,72.809998,72.879997,200,72.959999,300,0.000000,0.000000
1480452333000,72.809998,72.879997,200,72.959999,300,0.000000,0.000000
1480452336000,72.809998,72.910004,100,72.959999,200,0.000000,0.000000
1480452338000,72.809998,72.910004,100,72.959999,200,0.000000,0.000000
1480452340000,72.800003,72.910004,100,72.959999,200,0.000000,0.000000
1480452342000,72.800003,72.910004,100,72.959999,200,0.000000,0.000000
1480452344000,72.800003,72.910004,100,72.959999,200,0.000000,0.000000
1480452346000,72.800003,72.910004,100,72.959999,200,0.000000,0.000000
1480452348000,72.800003,72.910004,100,72.959999,200,0.000000,0.000000
1480452350000,72.800003,72.910004,100,72.959999,200,0.000000,0.000000
1480452352000,72.800003,72.910004,100,72.959999,200,0.000000,0.000000
1480452354000,72.800003,72.910004,100,72.959999,200,0.000000,0.000000
1480452356000,72.800003,72.910004,100,72.959999,200,0.000000,0.000000
1480452358000,72.800003,72.910004,100,72.959999,200,0.000000,0.000000
1480452360000,72.800003,72.910004,100,72.959999,200,0.000000,0.000000
1480452362000,72.800003,72.910004,100,72.959999,200,0.000000,0.000000
1480452364000,72.800003,72.910004,100,72.959999,200,0.000000,0.000000
1480452366000,72.800003,72.910004,100,72.959999,200,0.000000,0.000000
1480452368000,72.809998,72.910004,100,72.959999,200,0.000000,0.000000
1480452371000,72.809998,72.910004,100,72.959999,200,0.000000,0.000000
1480452373000,72.809998,72.910004,100,72.959999,200,0.000000,0.000000
1480452375000,72.809998,72.910004,100,72.959999,200,0.000000,0.000000
1480452377000,72.809998,72.910004,100,72.959999,200,0.000000,0.000000
1480452379000,72.809998,72.910004,100,72.959999,200,0.000000,0.000000
1480452381000,72.809998,72.910004,100,72.959999,200,0.000000,0.000000
1480452383000,72.809998,72.910004,100,72.959999,200,0.000000,0.000000
1480452385000,72.809998,72.910004,100,72.959999,200,0.000000,0.000000
1480452387000,72.809998,72.910004,100,72.959999,200,0.000000,0.000000
1480452389000,72.809998,72.910004,100,72.959999,200,0.000000,0.000000
1480452391000,72.809998,72.910004,100,72.959999,200,0.000000,0.000000
1480452393000,72.809998,72.910004,100,72.959999,200,0.000000,0.000000
1480452395000,72.809998,72.900002,100,72.940002,100,0.000000,0.000000
1480452397000,72.809998,72.900002,100,72.940002,100,0.000000,0.000000
1480452399000,72.809998,72.900002,100,72.940002,100,0.000000,0.000000
1480452401000,72.809998,72.900002,100,72.940002,100,0.000000,0.000000
1480452403000,72.809998,72.900002,100,72.940002,100,0.000000,0.000000
1480452405000,72.809998,72.900002,100,72.940002,100,0.000000,0.000000
1480452407000,72.809998,72.900002,100,72.940002,100,0.000000,0.000000
1480452409000,72.809998,72.900002,100,72.940002,100,0.000000,0.000000
1480452412000,72.809998,72.900002,100,72.940002,100,0.000000,0.000000
1480452414000,72.809998,72.900002,100,72.940002,100,0.000000,0.000000
1480452416000,72.809998,72.900002,100,72.940002,100,0.000000,0.000000
1480452418000,72.809998,72.900002,100,72.940002,100,0.000000,0.000000
1480452420000,72.809998,72.900002,100,72.940002,100,0.000000,0.000000
1480452422000,72.809998,72.900002,100,72.940002,100,0.000000,0.000000
1480452424000,72.809998,72.900002,100,72.940002,100,0.000000,0.000000
1480452426000,72.809998,72.900002,100,72.940002,100,0.000000,0.000000
1480452428000,72.809998,72.900002,100,72.940002,100,0.000000,0.000000
1480452430000,72.809998,72.900002,100,72.940002,100,0.000000,0.000000
1480452432000,72.809998,72.900002,100,72.940002,100,0.000000,0.000000
1480452434000,72.809998,72.900002,100,72.940002,100,0.000000,0.000000
1480452436000,72.809998,72.900002,100,72.940002,100,0.000000,0.000000
1480452438000,72.809998,72.900002,100,72.940002,100,0.000000,0.000000
1480452440000,72.809998,72.900002,100,72.940002,100,0.000000,0.000000
1480452442000,72.809998,72.900002,100,72.940002,100,0.000000,0.000000
1480452444000,72.809998,72.900002,100,72.940002,100,0.000000,0.000000
1480452446000,72.809998,72.900002,100,72.940002,100,0.000000,0.000000
1480452448000,72.809998,72.900002,100,72.940002,100,0.000000,0.000000
1480452451000,72.809998,72.900002,100,72.940002,100,0.000000,0.000000
1480452453000,72.809998,72.900002,100,72.940002,100,0.000000,0.000000
1480452455000,72.809998,72.889999,100,72.910004,300,0.000000,0.000000
1480452457000,72.809998,72.889999,100,72.910004,300,0.000000,0.000000
1480452459000,72.809998,72.889999,100,72.910004,300,0.000000,0.000000
1480452461000,72.830002,72.889999,100,72.910004,300,0.000000,0.000000
1480452463000,72.830002,72.889999,100,72.910004,300,0.000000,0.000000
1480452465000,72.830002,72.889999,100,72.910004,300,0.000000,0.000000
1480452467000,72.830002,72.889999,100,72.910004,300,0.000000,0.000000
1480452469000,72.830002,72.889999,100,72.910004,300,0.000000,0.000000
1480452471000,72.830002,72.889999,100,72.910004,300,0.000000,0.000000
1480452473000,72.830002,72.889999,100,72.910004,300,0.000000,0.000000
1480452475000,72.839996,72.889999,100,72.910004,300,0.000000,0.000000
1480452477000,72.849899,72.889999,100,72.910004,300,0.000000,0.000000
1480452479000,72.849899,72.889999,100,72.910004,300,0.000000,0.000000
1480452481000,72.849899,72.889999,100,72.910004,300,0.000000,0.000000
1480452483000,72.849899,72.889999,100,72.910004,300,0.000000,0.000000
1480452485000,72.849899,72.889999,100,72.910004,300,0.000000,0.000000
1480452487000,72.849899,72.889999,100,72.910004,300,0.000000,0.000000
1480452489000,72.849899,72.889999,100,72.910004,300,0.000000,0.000000
1480452492000,72.849899,72.889999,100,72.910004,300,0.000000,0.000000
1480452494000,72.849899,72.889999,100,72.910004,300,0.000000,0.000000
1480452496000,72.849899,72.889999,100,72.910004,300,0.000000,0.000000
1480452498000,72.849899,72.889999,100,72.910004,300,0.000000,0.000000
1480452500000,72.849899,72.889999,100,72.910004,300,0.000000,0.000000
1480452502000,72.849899,72.889999,100,72.910004,300,0.000000,0.000000
1480452504000,72.849899,72.889999,100,72.910004,300,0.000000,0.000000
1480452506000,72.849899,72.889999,100,72.910004,300,0.000000,0.000000
1480452508000,72.849899,72.889999,100,72.910004,300,0.000000,0.000000
1480452510000,72.849899,72.889999,100,72.910004,300,0.000000,0.000000
1480452512000,72.849899,72.889999,100,72.910004,300,0.000000,0.000000
1480452514000,72.849899,72.889999,100,72.910004,300,0.000000,0.000000
1480452516000,72.849899,72.900002,100,72.930000,100,0.000000,0.000000
1480452518000,72.849899,72.900002,100,72.930000,100,0.000000,0.000000
1480452520000,72.849899,72.900002,100,72.930000,100,0.000000,0.000000
1480452523000,72.849899,72.900002,100,72.930000,100,0.000000,0.000000
1480452525000,72.849899,72.900002,100,72.930000,100,0.000000,0.000000
1480452527000,72.849899,72.900002,100,72.930000,100,0.000000,0.000000
1480452529000,72.849899,72.900002,100,72.930000,100,0.000000,0.000000
1480452531000,72.849899,72.900002,100,72.930000,100,0.000000,0.000000
1480452533000,72.849899,72.900002,100,72.930000,100,0.000000,0.000000
1480452535000,72.849899,72.900002,100,72.930000,100,0.000000,0.000000
1480452537000,72.849899,72.900002,100,72.930000,100,0.000000,0.000000
1480452539000,72.849899,72.900002,100,72.930000,100,0.000000,0.000000
1480452541000,72.849899,72.900002,100,72.930000,100,0.000000,0.000000
1480452543000,72.849899,72.900002,100,72.930000,100,0.000000,0.000000
1480452545000,72.849899,72.900002,100,72.930000,100,0.000000,0.000000
1480452547000,72.849899,72.900002,100,72.930000,100,0.000000,0.000000
1480452549000,72.849899,72.900002,100,72.930000,100,0.000000,0.000000
1480452551000,72.849899,72.900002,100,72.930000,100,0.000000,0.000000
1480452553000,72.849899,72.900002,100,72.930000,100,0.000000,0.000000
1480452556000,72.849899,72.900002,100,72.930000,100,0.000000,0.000000
1480452558000,72.849899,72.900002,100,72.930000,100,0.000000,0.000000
1480452560000,72.849899,72.900002,100,72.930000,100,0.000000,0.000000
1480452562000,72.849899,72.900002,100,72.930000,100,0.000000,0.000000
1480452564000,72.849899,72.900002,100,72.930000,100,0.000000,0.000000
1480452566000,72.849899,72.900002,100,72.930000,100,0.000000,0.000000
1480452568000,72.849899,72.900002,100,72.930000,100,0.000000,0.000000
1480452570000,72.849899,72.900002,100,72.930000,100,0.000000,0.000000
1480452572000,72.899902,72.900002,100,72.930000,100,0.000000,0.000000
1480452574000,72.899902,72.900002,100,72.930000,100,0.000000,0.000000
1480452576000,72.899902,72.919998,300,72.959999,100,0.000000,0.000000
1480452578000,72.899902,72.919998,300,72.959999,100,0.000000,0.000000
1480452580000,72.899902,72.919998,300,72.959999,100,0.000000,0.000000
1480452582000,72.899902,72.919998,300,72.959999,100,0.000000,0.000000
1480452585000,72.899902,72.919998,300,72.959999,100,0.000000,0.000000
1480452587000,72.899902,72.919998,300,72.959999,100,0.000000,0.000000
1480452589000,72.899902,72.919998,300,72.959999,100,0.000000,0.000000
1480452591000,72.899902,72.919998,300,72.959999,100,0.000000,0.000000
1480452593000,72.899902,72.919998,300,72.959999,100,0.000000,0.000000
1480452595000,72.899902,72.919998,300,72.959999,100,0.000000,0.000000
1480452597000,72.899902,72.919998,300,72.959999,100,0.000000,0.000000
1480452599000,72.899902,72.919998,300,72.959999,100,0.000000,0.000000
1480452601000,72.899902,72.919998,300,72.959999,100,0.000000,0.000000
1480452603000,72.899902,72.919998,300,72.959999,100,0.000000,0.000000
1480452605000,72.899902,72.919998,300,72.959999,100,0.000000,0.000000
1480452607000,72.899902,72.919998,300,72.959999,100,0.000000,0.000000
1480452609000,72.899902,72.919998,300,72.959999,100,0.000000,0.000000
1480452611000,72.899902,72.919998,300,72.959999,100,0.000000,0.000000
1480452613000,72.899902,72.919998,300,72.959999,100,0.000000,0.000000
1480452616000,72.899902,72.919998,300,72.959999,100,0.000000,0.000000
1480452618000,72.899902,72.919998,300,72.959999,100,0.000000,0.000000
1480452620000,72.899902,72.919998,300,72.959999,100,0.000000,0.000000
1480452622000,72.899902,72.919998,300,72.959999,100,0.000000,0.000000
1480452624000,72.899902,72.919998,300,72.959999,100,0.000000,0.000000
1480452626000,72.899902,72.919998,300,72.959999,100,0.000000,0.000000
1480452628000,72.899902,72.919998,300,72.959999,100,0.000000,0.000000
1480452630000,72.899902,72.919998,300,72.959999,100,0.000000,0.000000
1480452632000,72.899902,72.919998,300,72.959999,100,0.000000,0.000000
1480452634000,72.899902,72.919998,300,72.959999,100,0.000000,0.000000
1480452636000,72.899902,72.919998,300,72.949997,300,0.000000,0.000000
1480452638000,72.899902,72.919998,300,72.949997,300,0.000000,0.000000
1480452640000,72.894997,72.919998,300,72.949997,300,0.000000,0.000000
1480452642000,72.894997,72.919998,300,72.949997,300,0.000000,0.000000
1480452644000,72.894997,72.919998,300,72.949997,300,0.000000,0.000000
1480452646000,72.894997,72.919998,300,72.949997,300,0.000000,0.000000
1480452648000,72.894997,72.919998,300,72.949997,300,0.000000,0.000000
1480452651000,72.894997,72.919998,300,72.949997,300,0.000000,0.000000
1480452653000,72.894997,72.919998,300,72.949997,300,0.000000,0.000000
1480452655000,72.894997,72.919998,300,72.949997,300,0.000000,0.000000
1480452657000,72.894997,72.919998,300,72.949997,300,0.000000,0.000000
1480452659000,72.894997,72.919998,300,72.949997,300,0.000000,0.000000
1480452661000,72.894997,72.919998,300,72.949997,300,0.000000,0.000000
1480452663000,72.894997,72.919998,300,72.949997,300,0.000000,0.000000
1480452665000,72.894997,72.919998,300,72.949997,300,0.000000,0.000000
1480452667000,72.894997,72.919998,300,72.949997,300,0.000000,0.000000
1480452669000,72.894997,72.919998,300,72.949997,300,0.000000,0.000000
1480452671000,72.894997,72.919998,300,72.949997,300,0.000000,0.000000
1480452673000,72.894997,72.919998,300,72.949997,300,0.000000,0.000000
1480452675000,72.894997,72.919998,300,72.949997,300,0.000000,0.000000
1480452677000,72.894997,72.919998,300,72.949997,300,0.000000,0.000000
1480452679000,72.894997,72.919998,300,72.949997,300,0.000000,0.000000
1480452681000,72.894997,72.919998,300,72.949997,300,0.000000,0.000000
1480452683000,72.894997,72.919998,300,72.949997,300,0.000000,0.000000
1480452686000,72.894997,72.919998,300,72.949997,300,0.000000,0.000000
1480452688000,72.894997,72.919998,300,72.949997,300,0.000000,0.000000
1480452690000,72.894997,72.919998,300,72.949997,300,0.000000,0.000000
1480452692000,72.894997,72.919998,300,72.949997,300,0.000000,0.000000
1480452694000,72.894997,72.919998,300,72.949997,300,0.000000,0.000000
1480452696000,72.894997,72.910004,100,72.940002,300,0.000000,0.000000
1480452698000,72.894997,72.910004,100,72.940002,300,0.000000,0.000000
1480452700000,72.894997,72.910004,100,72.940002,300,0.000000,0.000000
1480452702000,72.875504,72.910004,100,72.940002,300,0.000000,0.000000
1480452704000,72.875504,72.910004,100,72.940002,300,0.000000,0.000000
1480452706000,72.875504,72.910004,100,72.940002,300,0.000000,0.000000
1480452708000,72.875504,72.910004,100,72.940002,300,0.000000,0.000000
1480452710000,72.875504,72.910004,100,72.940002,300,0.000000,0.000000
1480452712000,72.875504,72.910004,100,72.940002,300,0.000000,0.000000
1480452714000,72.875504,72.910004,100,72.940002,300,0.000000,0.000000
1480452716000,72.875504,72.910004,100,72.940002,300,0.000000,0.000000
1480452718000,72.875504,72.910004,100,72.940002,300,0.000000,0.000000
1480452720000,72.875504,72.910004,100,72.940002,300,0.000000,0.000000
1480452722000,72.875504,72.910004,100,72.940002,300,0.000000,0.000000
1480452724000,72.875504,72.910004,100,72.940002,300,0.000000,0.000000
1480452727000,72.875504,72.910004,100,72.940002,300,0.000000,0.000000
1480452729000,72.875504,72.910004,100,72.940002,300,0.000000,0.000000
1480452731000,72.875504,72.910004,100,72.940002,300,0.000000,0.000000
1480452733000,72.875504,72.910004,100,72.940002,300,0.000000,0.000000
1480452735000,72.875504,72.910004,100,72.940002,300,0.000000,0.000000
1480452737000,72.875504,72.910004,100,72.940002,300,0.000000,0.000000
1480452739000,72.875504,72.910004,100,72.940002,300,0.000000,0.000000
1480452741000,72.875504,72.910004,100,72.940002,300,0.000000,0.000000
1480452743000,72.875504,72.910004,100,72.940002,300,0.000000,0.000000
1480452745000,72.875504,72.910004,100,72.940002,300,0.000000,0.000000
1480452747000,72.875504,72.910004,100,72.940002,300,0.000000,0.000000
1480452749000,72.875504,72.910004,100,72.940002,300,0.000000,0.000000
1480452751000,72.875504,72.910004,100,72.940002,300,0.000000,0.000000
1480452753000,72.875504,72.910004,100,72.940002,300,0.000000,0.000000
1480452755000,72.875504,72.910004,100,72.949997,200,0.000000,0.000000
1480452757000,72.875504,72.910004,100,72.949997,200,0.000000,0.000000
1480452759000,72.875504,72.910004,100,72.949997,200,0.000000,0.000000
1480452761000,72.875504,72.910004,100,72.949997,200,0.000000,0.000000
1480452764000,72.875504,72.910004,100,72.949997,200,0.000000,0.000000
1480452766000,72.910004,72.910004,100,72.949997,200,0.000000,0.000000
1480452768000,72.910004,72.910004,100,72.949997,200,0.000000,0.000000
1480452770000,72.910004,72.910004,100,72.949997,200,0.000000,0.000000
1480452772000,72.910004,72.910004,100,72.949997,200,0.000000,0.000000
1480452774000,72.910004,72.910004,100,72.949997,200,0.000000,0.000000
1480452776000,72.910004,72.910004,100,72.949997,200,0.000000,0.000000
1480452778000,72.949997,72.910004,100,72.949997,200,0.000000,0.000000
1480452780000,72.949997,72.910004,100,72.949997,200,0.000000,0.000000
1480452782000,72.949997,72.910004,100,72.949997,200,0.000000,0.000000
1480452784000,72.949997,72.910004,100,72.949997,200,0.000000,0.000000
1480452786000,72.949997,72.910004,100,72.949997,200,0.000000,0.000000
1480452788000,72.949997,72.910004,100,72.949997,200,0.000000,0.000000
1480452790000,72.949997,72.910004,100,72.949997,200,0.000000,0.000000
1480452792000,72.949997,72.910004,100,72.949997,200,0.000000,0.000000
1480452794000,72.949997,72.910004,100,72.949997,200,0.000000,0.000000
1480452796000,72.949997,72.910004,100,72.949997,200,0.000000,0.000000
1480452798000,72.949997,72.910004,100,72.949997,200,0.000000,0.000000
1480452800000,72.949997,72.910004,100,72.949997,200,0.000000,0.000000
1480452802000,72.949997,72.910004,100,72.949997,200,0.000000,0.000000
1480452805000,72.949997,72.910004,100,72.949997,200,0.000000,0.000000
1480452807000,72.949997,72.910004,100,72.949997,200,0.000000,0.000000
1480452809000,72.949997,72.910004,100,72.949997,200,0.000000,0.000000
1480452811000,72.949997,72.910004,100,72.949997,200,0.000000,0.000000
1480452813000,72.949997,72.910004,100,72.949997,200,0.000000,0.000000
1480452815000,72.949997,72.910004,100,72.949997,200,0.000000,0.000000
1480452817000,72.949997,72.930000,100,72.949997,100,0.000000,0.000000
1480452819000,72.949997,72.930000,100,72.949997,100,0.000000,0.000000
1480452821000,72.949997,72.930000,100,72.949997,100,0.000000,0.000000
1480452823000,72.949997,72.930000,100,72.949997,100,0.000000,0.000000
1480452825000,72.949997,72.930000,100,72.949997,100,0.000000,0.000000
1480452827000,72.949997,72.930000,100,72.949997,100,0.000000,0.000000
1480452829000,72.949997,72.930000,100,72.949997,100,0.000000,0.000000
1480452831000,72.949997,72.930000,100,72.949997,100,0.000000,0.000000
1480452833000,72.949402,72.930000,100,72.949997,100,0.000000,0.000000
1480452835000,72.949402,72.930000,100,72.949997,100,0.000000,0.000000
1480452837000,72.949402,72.930000,100,72.949997,100,0.000000,0.000000
1480452839000,72.949402,72.930000,100,72.949997,100,0.000000,0.000000
1480452841000,72.955002,72.930000,100,72.949997,100,0.000000,0.000000
1480452844000,72.955002,72.930000,100,72.949997,100,0.000000,0.000000
1480452846000,72.955002,72.930000,100,72.949997,100,0.000000,0.000000
1480452848000,72.955002,72.930000,100,72.949997,100,0.000000,0.000000
1480452850000,72.955002,72.930000,100,72.949997,100,0.000000,0.000000
1480452852000,72.955002,72.930000,100,72.949997,100,0.000000,0.000000
1480452854000,72.955002,72.930000,100,72.949997,100,0.000000,0.000000
1480452856000,72.955002,72.930000,100,72.949997,100,0.000000,0.000000
1480452858000,72.955002,72.930000,100,72.949997,100,0.000000,0.000000
1480452860000,72.955002,72.930000,100,72.949997,100,0.000000,0.000000
1480452862000,72.989998,72.930000,100,72.949997,100,0.000000,0.000000
1480452864000,72.989998,72.930000,100,72.949997,100,0.000000,0.000000
1480452866000,72.989998,72.930000,100,72.949997,100,0.000000,0.000000
1480452868000,72.989998,72.930000,100,72.949997,100,0.000000,0.000000
1480452870000,72.989998,72.930000,100,72.949997,100,0.000000,0.000000
1480452872000,72.989998,72.930000,100,72.949997,100,0.000000,0.000000
1480452874000,72.989998,72.930000,100,72.949997,100,0.000000,0.000000
1480452876000,72.989998,72.879997,100,72.940002,100,0.000000,0.000000
1480452878000,72.989998,72.879997,100,72.940002,100,0.000000,0.000000
1480452880000,72.989998,72.879997,100,72.940002,100,0.000000,0.000000
1480452883000,72.989998,72.879997,100,72.940002,100,0.000000,0.000000
1480452885000,72.989998,72.879997,100,72.940002,100,0.000000,0.000000
1480452887000,72.989998,72.879997,100,72.940002,100,0.000000,0.000000
1480452889000,72.989998,72.879997,100,72.940002,100,0.000000,0.000000
1480452891000,72.989998,72.879997,100,72.940002,100,0.000000,0.000000
1480452893000,72.989998,72.879997,100,72.940002,100,0.000000,0.000000
1480452895000,72.989998,72.879997,100,72.940002,100,0.000000,0.000000
1480452897000,72.989998,72.879997,100,72.940002,100,0.000000,0.000000
1480452899000,72.989998,72.879997,100,72.940002,100,0.000000,0.000000
1480452901000,72.989998,72.879997,100,72.940002,100,0.000000,0.000000
1480452903000,72.989998,72.879997,100,72.940002,100,0.000000,0.000000
1480452905000,72.989998,72.879997,100,72.940002,100,0.000000,0.000000
1480452907000,72.989998,72.879997,100,72.940002,100,0.000000,0.000000
1480452909000,72.989998,72.879997,100,72.940002,100,0.000000,0.000000
1480452911000,72.989998,72.879997,100,72.940002,100,0.000000,0.000000
1480452913000,72.989998,72.879997,100,72.940002,100,0.000000,0.000000
1480452915000,72.980003,72.879997,100,72.940002,100,0.000000,0.000000
1480452918000,72.980003,72.879997,100,72.940002,100,0.000000,0.000000
1480452920000,72.980003,72.879997,100,72.940002,100,0.000000,0.000000
1480452922000,72.980003,72.879997,100,72.940002,100,0.000000,0.000000
1480452924000,72.980003,72.879997,100,72.940002,100,0.000000,0.000000
1480452926000,72.980003,72.879997,100,72.940002,100,0.000000,0.000000
1480452928000,72.980003,72.879997,100,72.940002,100,0.000000,0.000000
1480452930000,72.980003,72.879997,100,72.940002,100,0.000000,0.000000
1480452932000,72.980003,72.879997,100,72.940002,100,0.000000,0.000000
1480452934000,72.980003,72.879997,100,72.940002,100,0.000000,0.000000
1480452936000,72.985001,72.839996,300,72.919998,300,0.000000,0.000000
1480452938000,72.985001,72.839996,300,72.919998,300,0.000000,0.000000
1480452940000,72.985001,72.839996,300,72.919998,300,0.000000,0.000000
1480452942000,72.970001,72.839996,300,72.919998,300,0.000000,0.000000
1480452944000,72.970001,72.839996,300,72.919998,300,0.000000,0.000000
1480452946000,72.980003,72.839996,300,72.919998,300,0.000000,0.000000
1480452948000,72.980003,72.839996,300,72.919998,300,0.000000,0.000000
1480452950000,72.980003,72.839996,300,72.919998,300,0.000000,0.000000
1480452952000,72.980003,72.839996,300,72.919998,300,0.000000,0.000000
1480452954000,72.980003,72.839996,300,72.919998,300,0.000000,0.000000
1480452957000,72.980003,72.839996,300,72.919998,300,0.000000,0.000000
1480452959000,72.980003,72.839996,300,72.919998,300,0.000000,0.000000
1480452961000,72.980003,72.839996,300,72.919998,300,0.000000,0.000000
1480452963000,72.980003,72.839996,300,72.919998,300,0.000000,0.000000
1480452965000,72.980003,72.839996,300,72.919998,300,0.000000,0.000000
1480452967000,72.980003,72.839996,300,72.919998,300,0.000000,0.000000
1480452969000,72.980003,72.839996,300,72.919998,300,0.000000,0.000000
1480452971000,72.980003,72.839996,300,72.919998,300,0.000000,0.000000
1480452973000,72.970001,72.839996,300,72.919998,300,0.000000,0.000000
1480452975000,72.970001,72.839996,300,72.919998,300,0.000000,0.000000
1480452977000,72.970001,72.839996,300,72.919998,300,0.000000,0.000000
1480452979000,72.970001,72.839996,300,72.919998,300,0.000000,0.000000
1480452981000,72.989998,72.839996,300,72.919998,300,0.000000,0.000000
1480452983000,72.989998,72.839996,300,72.919998,300,0.000000,0.000000
1480452985000,72.989998,72.839996,300,72.919998,300,0.000000,0.000000
1480452987000,72.989998,72.839996,300,72.919998,300,0.000000,0.000000
1480452989000,72.989998,72.839996,300,72.919998,300,0.000000,0.000000
1480452991000,72.989998,72.839996,300,72.919998,300,0.000000,0.000000
1480452993000,72.989998,72.839996,300,72.919998,300,0.000000,0.000000
1480452996000,72.989998,72.769997,100,72.910004,400,0.000000,0.000000
1480452998000,72.974998,72.769997,100,72.910004,400,0.000000,0.000000
1480453000000,72.974998,72.769997,100,72.910004,400,0.000000,0.000000
1480453002000,72.974998,72.769997,100,72.910004,400,0.000000,0.000000
1480453004000,72.974998,72.769997,100,72.910004,400,0.000000,0.000000
1480453006000,72.974998,72.769997,100,72.910004,400,0.000000,0.000000
1480453008000,72.974998,72.769997,100,72.910004,400,0.000000,0.000000
1480453010000,72.972504,72.769997,100,72.910004,400,0.000000,0.000000
1480453012000,72.972504,72.769997,100,72.910004,400,0.000000,0.000000
1480453014000,72.989998,72.769997,100,72.910004,400,0.000000,0.000000
1480453016000,72.989998,72.769997,100,72.910004,400,0.000000,0.000000
1480453018000,72.989998,72.769997,100,72.910004,400,0.000000,0.000000
1480453020000,72.989998,72.769997,100,72.910004,400,0.000000,0.000000
1480453022000,72.989998,72.769997,100,72.910004,400,0.000000,0.000000
1480453024000,72.989998,72.769997,100,72.910004,400,0.000000,0.000000
1480453026000,72.989998,72.769997,100,72.910004,400,0.000000,0.000000
1480453028000,72.980003,72.769997,100,72.910004,400,0.000000,0.000000
1480453030000,72.980003,72.769997,100,72.910004,400,0.000000,0.000000
1480453032000,72.980003,72.769997,100,72.910004,400,0.000000,0.000000
1480453035000,72.970001,72.769997,100,72.910004,400,0.000000,0.000000
1480453037000,72.970001,72.769997,100,72.910004,400,0.000000,0.000000
1480453039000,72.980003,72.769997,100,72.910004,400,0.000000,0.000000
1480453041000,72.980003,72.769997,100,72.910004,400,0.000000,0.000000
1480453043000,72.980003,72.769997,100,72.910004,400,0.000000,0.000000
1480453045000,72.980003,72.769997,100,72.910004,400,0.000000,0.000000
1480453047000,72.980003,72.769997,100,72.910004,400,0.000000,0.000000
1480453049000,72.980003,72.769997,100,72.910004,400,0.000000,0.000000
1480453051000,72.980003,72.769997,100,72.910004,400,0.000000,0.000000
1480453053000,72.970001,72.769997,100,72.910004,400,0.000000,0.000000
1480453055000,72.970001,72.769997,100,72.910004,400,0.000000,0.000000
1480453057000,72.974998,72.769997,100,72.849998,200,0.000000,0.000000
1480453059000,72.972504,72.769997,100,72.849998,200,0.000000,0.000000
1480453061000,72.980003,72.769997,100,72.849998,200,0.000000,0.000000
1480453063000,72.980003,72.769997,300,72.849998,400,0.000000,0.000000
1480453065000,72.970001,72.769997,300,72.849998,400,0.000000,0.000000
1480453067000,72.970001,72.769997,300,72.849998,400,0.000000,0.000000
1480453069000,72.970001,72.769997,300,72.849998,400,0.000000,0.000000
1480453071000,72.970001,72.769997,300,72.849998,400,0.000000,0.000000
1480453074000,72.989998,72.769997,300,72.849998,400,0.000000,0.000000
1480453076000,72.989998,72.769997,300,72.849998,400,0.000000,0.000000
1480453078000,72.989998,72.769997,300,72.849998,400,0.000000,0.000000
1480453080000,72.989998,72.769997,300,72.849998,400,0.000000,0.000000
1480453082000,73.000000,72.769997,300,72.849998,400,0.000000,0.000000
1480453084000,73.000000,72.769997,300,72.849998,400,0.000000,0.000000
1480453086000,73.000000,72.769997,300,72.849998,400,0.000000,0.000000
1480453088000,73.000000,72.769997,300,72.849998,400,0.000000,0.000000
1480453090000,73.000000,72.769997,300,72.849998,400,0.000000,0.000000
1480453092000,73.010002,72.769997,300,72.849998,400,0.000000,0.000000
1480453094000,73.010002,72.769997,300,72.849998,400,0.000000,0.000000
1480453096000,73.010002,72.769997,300,72.849998,400,0.000000,0.000000
1480453098000,73.010002,72.769997,300,72.849998,400,0.000000,0.000000
1480453100000,73.010002,72.769997,300,72.849998,400,0.000000,0.000000
1480453102000,73.010002,72.769997,300,72.849998,400,0.000000,0.000000
1480453104000,73.010002,72.769997,300,72.849998,400,0.000000,0.000000
1480453106000,73.010002,72.769997,300,72.849998,400,0.000000,0.000000
1480453108000,73.010002,72.769997,300,72.849998,400,0.000000,0.000000
1480453110000,73.010002,72.769997,300,72.849998,400,0.000000,0.000000
1480453112000,73.010002,72.769997,300,72.849998,400,0.000000,0.000000
1480453115000,73.010002,72.769997,300,72.849998,400,0.000000,0.000000
1480453117000,73.035004,72.769997,100,72.849998,500,0.000000,0.000000
1480453119000,73.035004,72.769997,100,72.849998,500,0.000000,0.000000
1480453121000,73.029999,72.769997,100,72.849998,500,0.000000,0.000000
1480453123000,73.059998,72.769997,100,72.849998,500,0.000000,0.000000
1480453125000,73.059998,72.769997,100,72.849998,500,0.000000,0.000000
1480453127000,73.059898,72.769997,100,72.849998,500,0.000000,0.000000
1480453129000,73.059898,72.769997,100,72.849998,500,0.000000,0.000000
1480453131000,73.059898,72.769997,100,72.849998,500,0.000000,0.000000
1480453133000,73.059898,72.769997,100,72.849998,500,0.000000,0.000000
1480453135000,73.059898,72.769997,100,72.849998,500,0.000000,0.000000
1480453137000,73.059898,72.769997,100,72.849998,500,0.000000,0.000000
1480453139000,73.059898,72.769997,100,72.849998,500,0.000000,0.000000
1480453141000,73.059898,72.769997,100,72.849998,500,0.000000,0.000000
1480453144000,73.059898,72.769997,100,72.849998,500,0.000000,0.000000
1480453146000,73.059898,72.769997,100,72.849998,500,0.000000,0.000000
1480453148000,73.059898,72.769997,100,72.849998,500,0.000000,0.000000
1480453150000,73.059898,72.769997,100,72.849998,500,0.000000,0.000000
1480453152000,73.059998,72.769997,100,72.849998,500,0.000000,0.000000
1480453154000,73.059998,72.769997,100,72.849998,500,0.000000,0.000000
1480453156000,73.059998,72.769997,100,72.849998,500,0.000000,0.000000
1480453158000,73.059998,72.769997,100,72.849998,500,0.000000,0.000000
1480453160000,73.059998,72.769997,100,72.849998,500,0.000000,0.000000
1480453162000,73.059998,72.769997,100,72.849998,500,0.000000,0.000000
1480453164000,73.059998,72.769997,100,72.849998,500,0.000000,0.000000
1480453166000,73.059998,72.769997,100,72.849998,500,0.000000,0.000000
1480453168000,73.059998,72.769997,100,72.849998,500,0.000000,0.000000
1480453170000,73.059998,72.769997,100,72.849998,500,0.000000,0.000000
1480453172000,73.059998,72.769997,100,72.849998,500,0.000000,0.000000
1480453174000,73.059998,72.769997,100,72.849998,500,0.000000,0.000000
1480453177000,73.059998,72.769997,200,72.849998,400,0.000000,0.000000
1480453179000,73.059998,72.769997,200,72.849998,400,0.000000,0.000000
1480453181000,73.059998,72.769997,200,72.849998,400,0.000000,0.000000
1480453183000,73.059998,72.769997,200,72.849998,400,0.000000,0.000000
1480453185000,73.059998,72.769997,200,72.849998,400,0.000000,0.000000
1480453187000,73.049896,72.769997,200,72.849998,400,0.000000,0.000000
1480453189000,73.049896,72.769997,200,72.849998,400,0.000000,0.000000
1480453191000,73.040001,72.769997,200,72.849998,400,0.000000,0.000000
1480453193000,73.040001,72.769997,200,72.849998,400,0.000000,0.000000
1480453195000,73.040001,72.769997,200,72.849998,400,0.000000,0.000000
1480453197000,73.040001,72.769997,200,72.849998,400,0.000000,0.000000
1480453199000,73.029999,72.769997,200,72.849998,400,0.000000,0.000000
